0.5 42.3818 0.001536067502335206
1.5 22.677500000000002 0.002099918367260178
2.5 22.9546 0.002087205138854989
3.5 21.141 0.0021748897019063093
4.5 18.594900000000003 0.0023190124297207877
5.5 16.7991 0.0024398155354484513
6.5 14.7357 0.0026050413085652374
7.5 13.0546 0.0027676949117963856
8.5 11.725 0.0029204083016228454
9.5 10.216899999999999 0.0031285307550628673
10.5 9.161100000000001 0.00330389463027807
11.5 7.991099999999999 0.003537502189106524
12.5 7.183999999999999 0.0037309277433743774
13.5 6.315799999999999 0.003979108812848479
14.5 5.5716 0.004236527551836022
15.5 4.804399999999999 0.004562264087146411
16.5 4.2992 0.004822876882283006
17.5 3.6905 0.005205439402853347
18.5 3.1527 0.005631948522964198
19.5 2.7136 0.006070536639732901
20.5 2.3246 0.006558822581900266
21.5 1.9902000000000002 0.007088455855220934
22.5 1.6772 0.007721604852164118
23.5 1.4182000000000001 0.008397137399964992
24.5 1.1808999999999998 0.00920223752001187
25.5 0.9571000000000001 0.010221657901329036
26.5 0.7997000000000001 0.011182436791000398
27.5 0.6638999999999999 0.01227294154392841
28.5 0.5621 0.013338076603968376
29.5 0.44099999999999995 0.015058465048420854
30.5 0.36050000000000004 0.016655104634982605
31.5 0.29269999999999996 0.018483688410965468
32.5 0.2231 0.021171431068793448
33.5 0.1842 0.02329996062309982
34.5 0.1449 0.02627034687463669
35.5 0.1198 0.028891599832849384
36.5 0.0871 0.03388370737858486
37.5 0.0736 0.036860489038724284
38.5 0.0558 0.04233337566673017
39.5 0.0442 0.047565149415449405
40.5 0.0298 0.057928444636349226
41.5 0.024 0.06454972243679027
42.5 0.022600000000000002 0.06651901052377392
43.5 0.013600000000000001 0.08574929257125441
44.5 0.011099999999999999 0.0949157995752499
45.5 0.01 0.1
46.5 0.0063 0.1259881576697424
47.5 0.0052 0.1386750490563073
48.5 0.004 0.15811388300841897
49.5 0.0024000000000000002 0.20412414523193148
50.5 0.0021000000000000003 0.21821789023599233
51.5 0.0010999999999999998 0.3015113445777637
52.5 0.0009 0.3333333333333333
53.5 0.0010999999999999998 0.3015113445777637
54.5 0.0003 0.5773502691896258
55.5 0.0006000000000000001 0.40824829046386296
56.5 0.0001 1.0
57.5 0.0001 1.0
58.5 0.0002 0.7071067811865475
59.5 0.0 inf
60.5 0.0 inf
61.5 0.0002 0.7071067811865475
62.5 0.0 inf
63.5 0.0 inf
64.5 0.0 inf
65.5 0.0 inf
66.5 0.0 inf
67.5 0.0 inf
68.5 0.0 inf
69.5 0.0 inf
70.5 0.0 inf
71.5 0.0 inf
72.5 0.0 inf
73.5 0.0 inf
74.5 0.0 inf
75.5 0.0 inf
76.5 0.0 inf
77.5 0.0 inf
78.5 0.0 inf
79.5 0.0 inf
80.5 0.0 inf
81.5 0.0 inf
82.5 0.0 inf
83.5 0.0 inf
84.5 0.0 inf
85.5 0.0 inf
86.5 0.0 inf
87.5 0.0 inf
88.5 0.0 inf
89.5 0.0 inf
90.5 0.0 inf
91.5 0.0 inf
92.5 0.0 inf
93.5 0.0 inf
94.5 0.0 inf
95.5 0.0 inf
96.5 0.0 inf
97.5 0.0 inf
