0.5 48.8863 0.0014302317530059184
1.5 26.3163 0.0019493399604558822
2.5 26.7802 0.0019323824829669504
3.5 24.7074 0.0020118077501182596
4.5 21.752499999999998 0.002144101848972119
5.5 19.5531 0.0022614770735728757
6.5 17.2073 0.0024107025916057954
7.5 15.2817 0.002558080252856283
8.5 13.7189 0.0026998544682672264
9.5 11.991499999999998 0.002887774280515897
10.5 10.831399999999999 0.003038489240080695
11.5 9.4438 0.0032540678903135844
12.5 8.4722 0.0034355945115838835
13.5 7.3931000000000004 0.0036777881548306127
14.5 6.5116 0.003918827461595045
15.5 5.647600000000001 0.004207925432721029
16.5 4.9888 0.004477153177778613
17.5 4.3414 0.0047993795763099706
18.5 3.7343 0.005174821783823698
19.5 3.1684 0.0056179775280898875
20.5 2.7223 0.006060828684664784
21.5 2.3287 0.006553046178879528
22.5 1.9710999999999999 0.007122716700577961
23.5 1.6648999999999998 0.007750075321410546
24.5 1.3900000000000001 0.00848188929679971
25.5 1.1282 0.009414710114005471
26.5 0.9596 0.010208334219473496
27.5 0.7575000000000001 0.011489699792428521
28.5 0.6574 0.012333466261408268
29.5 0.5369 0.01364750612905373
30.5 0.42090000000000005 0.015413829017161883
31.5 0.34650000000000003 0.016988239714587516
32.5 0.2627 0.019510570275964218
33.5 0.21000000000000002 0.02182178902359924
34.5 0.1668 0.024485105343719588
35.5 0.14 0.026726124191242435
36.5 0.1078 0.03045724519365863
37.5 0.0865 0.034001020045902296
38.5 0.0657 0.03901371573204352
39.5 0.05 0.044721359549995794
40.5 0.038400000000000004 0.05103103630798287
41.5 0.0281 0.05965499862718936
42.5 0.0253 0.06286946134619315
43.5 0.016300000000000002 0.07832604499879572
44.5 0.0145 0.08304547985373997
45.5 0.0112 0.0944911182523068
46.5 0.0074 0.11624763874381928
47.5 0.0052 0.1386750490563073
48.5 0.0038000000000000004 0.16222142113076252
49.5 0.0037999999999999996 0.16222142113076254
50.5 0.0017 0.24253562503633297
51.5 0.002 0.22360679774997896
52.5 0.0015 0.2581988897471611
53.5 0.001 0.31622776601683794
54.5 0.0005 0.4472135954999579
55.5 0.00039999999999999996 0.5000000000000001
56.5 0.00039999999999999996 0.5000000000000001
57.5 0.0002 0.7071067811865475
58.5 0.0004 0.5
59.5 0.0003 0.5773502691896258
60.5 0.0 inf
61.5 0.0 inf
62.5 0.0001 1.0
63.5 0.0 inf
64.5 0.0 inf
65.5 0.0 inf
66.5 0.0 inf
67.5 0.0 inf
68.5 0.0 inf
69.5 0.0 inf
70.5 0.0 inf
71.5 0.0 inf
72.5 0.0 inf
73.5 0.0 inf
74.5 0.0 inf
75.5 0.0 inf
76.5 0.0 inf
77.5 0.0 inf
78.5 0.0 inf
79.5 0.0 inf
80.5 0.0 inf
81.5 0.0 inf
82.5 0.0 inf
83.5 0.0 inf
84.5 0.0 inf
85.5 0.0 inf
86.5 0.0 inf
87.5 0.0 inf
88.5 0.0 inf
89.5 0.0 inf
90.5 0.0 inf
91.5 0.0 inf
92.5 0.0 inf
93.5 0.0 inf
94.5 0.0 inf
95.5 0.0 inf
96.5 0.0 inf
97.5 0.0 inf
