0.5 41.2545 0.001556912968113455
1.5 21.888199999999998 0.0021374451348253752
2.5 22.287799999999997 0.0021181972458913143
3.5 20.4833 0.0022095306844316116
4.5 18.0462 0.002354003568681531
5.5 16.1933 0.002485033908612215
6.5 14.2778 0.0026464844888271838
7.5 12.6297 0.0028138664584567642
8.5 11.3459 0.002968797148874039
9.5 9.8157 0.0031918271295021373
10.5 8.8707 0.003357538907354812
11.5 7.7699 0.003587503102350704
12.5 6.96 0.003790490217894517
13.5 6.1312 0.00403856668594524
14.5 5.3705 0.004315117634676788
15.5 4.647500000000001 0.004638636070427133
16.5 4.1498 0.004908925225518174
17.5 3.5763 0.005287897504956835
18.5 3.0628 0.005714005851464973
19.5 2.6138000000000003 0.006185343503157025
20.5 2.2392000000000003 0.006682724498038545
21.5 1.9390999999999998 0.007181247532708913
22.5 1.604 0.007895830523185817
23.5 1.3659 0.008556389527273807
24.5 1.1479 0.009333573935229239
25.5 0.9375 0.010327955589886445
26.5 0.774 0.011366572324507891
27.5 0.6355 0.012544178421634482
28.5 0.5209 0.013855519735662226
29.5 0.4334 0.015189922095646322
30.5 0.3514 0.01686938000600903
31.5 0.2752 0.019062321291575583
32.5 0.2267 0.021002657004177173
33.5 0.16949999999999998 0.024289308377863014
34.5 0.14400000000000002 0.026352313834736494
35.5 0.1134 0.029695693545824933
36.5 0.0885 0.033614632272640714
37.5 0.0744 0.036661778755338326
38.5 0.0531 0.04339630366027462
39.5 0.0392 0.050507627227610534
40.5 0.032600000000000004 0.05538487756217113
41.5 0.0252 0.0629940788348712
42.5 0.0186 0.07332355751067665
43.5 0.0123 0.09016696346674323
44.5 0.0102 0.09901475429766741
45.5 0.0088 0.10660035817780521
46.5 0.007 0.11952286093343936
47.5 0.0056 0.1336306209562122
48.5 0.0037999999999999996 0.16222142113076254
49.5 0.0018 0.23570226039551587
50.5 0.0024 0.20412414523193154
51.5 0.002 0.22360679774997896
52.5 0.0006000000000000001 0.40824829046386296
53.5 0.0002 0.7071067811865475
54.5 0.0004 0.5
55.5 0.0002 0.7071067811865475
56.5 0.0002 0.7071067811865475
57.5 0.00039999999999999996 0.5000000000000001
58.5 0.0 inf
59.5 0.0001 1.0
60.5 0.0002 0.7071067811865475
61.5 0.0 inf
62.5 0.0 inf
63.5 0.0001 1.0
64.5 0.0 inf
65.5 0.0 inf
66.5 0.0 inf
67.5 0.0 inf
68.5 0.0 inf
69.5 0.0 inf
70.5 0.0 inf
71.5 0.0 inf
72.5 0.0 inf
73.5 0.0 inf
74.5 0.0 inf
75.5 0.0 inf
76.5 0.0 inf
77.5 0.0 inf
78.5 0.0 inf
79.5 0.0 inf
80.5 0.0 inf
81.5 0.0 inf
82.5 0.0 inf
83.5 0.0 inf
84.5 0.0 inf
85.5 0.0 inf
86.5 0.0 inf
87.5 0.0 inf
88.5 0.0 inf
89.5 0.0 inf
90.5 0.0 inf
91.5 0.0 inf
92.5 0.0 inf
93.5 0.0 inf
94.5 0.0 inf
95.5 0.0 inf
96.5 0.0 inf
97.5 0.0 inf
