0.5 359868.0 0.0016669723062756833
1.5 156596.0 0.002527025752439122
2.5 135581.0 0.002715817507084
3.5 106322.0 0.0030668210202453566
4.5 80022.0 0.003535047870263232
5.5 61965.0 0.004017230700345485
6.5 47621.0 0.004582481755042735
7.5 37206.0 0.00518434039854169
8.5 29839.0 0.005789057560541037
9.5 23295.0 0.006551920854322418
10.5 18791.0 0.007294995926566599
11.5 14961.0 0.008175601007965987
12.5 11863.0 0.009181269484575332
13.5 9623.0 0.01019400300097221
14.5 7749.0 0.01135996960984995
15.5 6142.0 0.01275983604226418
16.5 5119.0 0.01397678984691021
17.5 4018.0 0.01577593229640665
18.5 3235.0 0.017581780649842196
19.5 2553.0 0.01979131233319198
20.5 2101.0 0.021816595214404266
21.5 1555.0 0.02535915646704869
22.5 1303.0 0.027703063158526546
23.5 996.0 0.031686212526223896
24.5 818.0 0.034964180063753285
25.5 676.0 0.038461538461538464
26.5 513.0 0.044151078568834795
27.5 378.0 0.05143444998736397
28.5 341.0 0.05415303610738823
29.5 247.0 0.06362847629757777
30.5 196.0 0.07142857142857142
31.5 141.0 0.0842151921066519
32.5 108.0 0.09622504486493763
33.5 88.0 0.10660035817780521
34.5 62.0 0.1270001270001905
35.5 46.0 0.14744195615489714
36.5 25.0 0.2
37.5 24.0 0.20412414523193154
38.5 17.0 0.24253562503633297
39.5 10.0 0.31622776601683794
40.5 10.0 0.31622776601683794
41.5 9.0 0.3333333333333333
42.5 9.0 0.3333333333333333
43.5 1.0 1.0
44.5 2.0 0.7071067811865475
45.5 2.0 0.7071067811865475
46.5 3.0 0.5773502691896258
47.5 0.0 inf
48.5 2.0 0.7071067811865475
49.5 0.0 inf
50.5 0.0 inf
51.5 0.0 inf
52.5 0.0 inf
53.5 0.0 inf
54.5 0.0 inf
55.5 0.0 inf
56.5 0.0 inf
57.5 0.0 inf
58.5 0.0 inf
59.5 0.0 inf
60.5 0.0 inf
61.5 0.0 inf
62.5 0.0 inf
63.5 0.0 inf
64.5 0.0 inf
65.5 0.0 inf
66.5 0.0 inf
67.5 0.0 inf
68.5 0.0 inf
69.5 0.0 inf
70.5 0.0 inf
71.5 0.0 inf
72.5 0.0 inf
73.5 0.0 inf
74.5 0.0 inf
75.5 0.0 inf
76.5 0.0 inf
77.5 0.0 inf
78.5 0.0 inf
79.5 0.0 inf
80.5 0.0 inf
81.5 0.0 inf
82.5 0.0 inf
83.5 0.0 inf
84.5 0.0 inf
85.5 0.0 inf
86.5 0.0 inf
87.5 0.0 inf
88.5 0.0 inf
89.5 0.0 inf
90.5 0.0 inf
91.5 0.0 inf
92.5 0.0 inf
93.5 0.0 inf
94.5 0.0 inf
95.5 0.0 inf
96.5 0.0 inf
97.5 0.0 inf
