0.5 1166.0 0.029285370632871136
1.5 689.0 0.03809696588797296
2.5 738.0 0.036810508691615514
3.5 611.0 0.04045566970313674
4.5 559.0 0.042295493443781355
5.5 541.0 0.04299335803923478
6.5 449.0 0.04719291781830087
7.5 389.0 0.05070201265633938
8.5 371.0 0.0519174131651165
9.5 293.0 0.0584206237836986
10.5 284.0 0.05933908290969266
11.5 224.0 0.0668153104781061
12.5 199.0 0.07088812050083358
13.5 180.0 0.07453559924999299
14.5 144.0 0.08333333333333333
15.5 110.0 0.09534625892455924
16.5 112.0 0.0944911182523068
17.5 95.0 0.10259783520851541
18.5 90.0 0.10540925533894598
19.5 68.0 0.12126781251816648
20.5 72.0 0.11785113019775793
21.5 34.0 0.17149858514250882
22.5 31.0 0.1796053020267749
23.5 27.0 0.19245008972987526
24.5 18.0 0.23570226039551587
25.5 25.0 0.2
26.5 10.0 0.31622776601683794
27.5 9.0 0.3333333333333333
28.5 5.0 0.4472135954999579
29.5 4.0 0.5
30.5 4.0 0.5
31.5 2.0 0.7071067811865475
32.5 4.0 0.5
33.5 1.0 1.0
34.5 0.0 inf
35.5 0.0 inf
36.5 0.0 inf
37.5 0.0 inf
38.5 1.0 1.0
39.5 0.0 inf
40.5 0.0 inf
41.5 0.0 inf
42.5 0.0 inf
43.5 0.0 inf
44.5 0.0 inf
45.5 0.0 inf
46.5 0.0 inf
47.5 0.0 inf
48.5 0.0 inf
49.5 0.0 inf
50.5 0.0 inf
51.5 0.0 inf
52.5 0.0 inf
53.5 0.0 inf
54.5 0.0 inf
55.5 0.0 inf
56.5 0.0 inf
57.5 0.0 inf
58.5 0.0 inf
59.5 0.0 inf
60.5 0.0 inf
61.5 0.0 inf
62.5 0.0 inf
63.5 0.0 inf
64.5 0.0 inf
65.5 0.0 inf
66.5 0.0 inf
67.5 0.0 inf
68.5 0.0 inf
69.5 0.0 inf
70.5 0.0 inf
71.5 0.0 inf
72.5 0.0 inf
73.5 0.0 inf
74.5 0.0 inf
75.5 0.0 inf
76.5 0.0 inf
77.5 0.0 inf
78.5 0.0 inf
79.5 0.0 inf
80.5 0.0 inf
81.5 0.0 inf
82.5 0.0 inf
83.5 0.0 inf
84.5 0.0 inf
85.5 0.0 inf
86.5 0.0 inf
87.5 0.0 inf
88.5 0.0 inf
89.5 0.0 inf
90.5 0.0 inf
91.5 0.0 inf
92.5 0.0 inf
93.5 0.0 inf
94.5 0.0 inf
95.5 0.0 inf
96.5 0.0 inf
97.5 0.0 inf
