0.5 585415.0 0.0013069773971094232
1.5 241013.0 0.002036947171648433
2.5 200238.0 0.00223473870331281
3.5 151361.0 0.0025703543877519776
4.5 111769.0 0.0029911577469179064
5.5 84055.0 0.003449198779509506
6.5 63242.0 0.003976465346459377
7.5 48389.0 0.0045459711624415465
8.5 37959.0 0.005132661443491685
9.5 29585.0 0.00581385522907484
10.5 23172.0 0.006569287064763689
11.5 18124.0 0.007428018440762046
12.5 14705.0 0.0082464586487058
13.5 11568.0 0.009297600041320023
14.5 9276.0 0.010382922921806387
15.5 7322.0 0.01168651814546922
16.5 5971.0 0.012941257073824484
17.5 4736.0 0.01453095484297741
18.5 3699.0 0.01644212078889967
19.5 3007.0 0.01823615546505513
20.5 2387.0 0.02046792375417865
21.5 1893.0 0.022983951313055563
22.5 1496.0 0.025854384499750957
23.5 1196.0 0.02891574659831201
24.5 888.0 0.033557802760701215
25.5 760.0 0.03627381250550058
26.5 579.0 0.04155858174616913
27.5 438.0 0.04778184825674966
28.5 393.0 0.050443327230531826
29.5 236.0 0.06509445549041194
30.5 197.0 0.07124704998790965
31.5 178.0 0.07495316889958614
32.5 118.0 0.09205746178983235
33.5 84.0 0.1091089451179962
34.5 63.0 0.1259881576697424
35.5 54.0 0.13608276348795434
36.5 45.0 0.14907119849998599
37.5 46.0 0.14744195615489714
38.5 15.0 0.2581988897471611
39.5 15.0 0.2581988897471611
40.5 18.0 0.23570226039551587
41.5 6.0 0.4082482904638631
42.5 13.0 0.2773500981126146
43.5 2.0 0.7071067811865475
44.5 3.0 0.5773502691896258
45.5 2.0 0.7071067811865475
46.5 2.0 0.7071067811865475
47.5 1.0 1.0
48.5 0.0 inf
49.5 0.0 inf
50.5 2.0 0.7071067811865475
51.5 1.0 1.0
52.5 0.0 inf
53.5 0.0 inf
54.5 0.0 inf
55.5 0.0 inf
56.5 0.0 inf
57.5 0.0 inf
58.5 0.0 inf
59.5 0.0 inf
60.5 0.0 inf
61.5 0.0 inf
62.5 0.0 inf
63.5 0.0 inf
64.5 0.0 inf
65.5 0.0 inf
66.5 0.0 inf
67.5 0.0 inf
68.5 0.0 inf
69.5 0.0 inf
70.5 0.0 inf
71.5 0.0 inf
72.5 0.0 inf
73.5 0.0 inf
74.5 0.0 inf
75.5 0.0 inf
76.5 0.0 inf
77.5 0.0 inf
78.5 0.0 inf
79.5 0.0 inf
80.5 0.0 inf
81.5 0.0 inf
82.5 0.0 inf
83.5 0.0 inf
84.5 0.0 inf
85.5 0.0 inf
86.5 0.0 inf
87.5 0.0 inf
88.5 0.0 inf
89.5 0.0 inf
90.5 0.0 inf
91.5 0.0 inf
92.5 0.0 inf
93.5 0.0 inf
94.5 0.0 inf
95.5 0.0 inf
96.5 0.0 inf
97.5 0.0 inf
