0.5 19907554.0 0.00022412538509441305
1.5 2801444.0 0.0005974602651277981
2.5 1601447.0 0.0007902121717279187
3.5 876989.0 0.0010678319892472173
4.5 508003.0 0.001403029690367697
5.5 320764.0 0.00176566045236933
6.5 209630.0 0.0021841038421038022
7.5 143886.0 0.0026362751156531563
8.5 102444.0 0.0031243288295686655
9.5 74095.0 0.003673715738469717
10.5 54690.0 0.004276082132695606
11.5 40079.0 0.004995069801655555
12.5 31019.0 0.005677878613942011
13.5 23403.0 0.006536785493324443
14.5 17964.0 0.007461024683930753
15.5 13775.0 0.0085202864568461
16.5 10779.0 0.009631873364351898
17.5 8344.0 0.010947447024610965
18.5 6435.0 0.01246595986677943
19.5 5023.0 0.014109720501198422
20.5 3882.0 0.016049896438377346
21.5 3066.0 0.018059841095769247
22.5 2399.0 0.020416668438946992
23.5 1875.0 0.023094010767585032
24.5 1418.0 0.026555952586407233
25.5 1071.0 0.030556616567607043
26.5 856.0 0.034179296351233165
27.5 661.0 0.038895492079220696
28.5 556.0 0.042409446483998546
29.5 433.0 0.04805693313322127
30.5 313.0 0.05652334189442215
31.5 213.0 0.06851887098275317
32.5 169.0 0.07692307692307693
33.5 142.0 0.08391813582966891
34.5 87.0 0.10721125348377948
35.5 68.0 0.12126781251816648
36.5 55.0 0.13483997249264842
37.5 26.0 0.19611613513818404
38.5 34.0 0.17149858514250882
39.5 24.0 0.20412414523193154
40.5 13.0 0.2773500981126146
41.5 8.0 0.35355339059327373
42.5 4.0 0.5
43.5 5.0 0.4472135954999579
44.5 6.0 0.4082482904638631
45.5 5.0 0.4472135954999579
46.5 1.0 1.0
47.5 0.0 inf
48.5 3.0 0.5773502691896258
49.5 1.0 1.0
50.5 1.0 1.0
51.5 0.0 inf
52.5 0.0 inf
53.5 0.0 inf
54.5 0.0 inf
55.5 0.0 inf
56.5 0.0 inf
57.5 0.0 inf
58.5 0.0 inf
59.5 0.0 inf
60.5 0.0 inf
61.5 0.0 inf
62.5 0.0 inf
63.5 0.0 inf
64.5 0.0 inf
65.5 0.0 inf
66.5 0.0 inf
67.5 0.0 inf
68.5 0.0 inf
69.5 0.0 inf
70.5 0.0 inf
71.5 0.0 inf
72.5 0.0 inf
73.5 0.0 inf
74.5 0.0 inf
75.5 0.0 inf
76.5 0.0 inf
77.5 0.0 inf
78.5 0.0 inf
79.5 0.0 inf
80.5 0.0 inf
81.5 0.0 inf
82.5 0.0 inf
83.5 0.0 inf
84.5 0.0 inf
85.5 0.0 inf
86.5 0.0 inf
87.5 0.0 inf
88.5 0.0 inf
89.5 0.0 inf
90.5 0.0 inf
91.5 0.0 inf
92.5 0.0 inf
93.5 0.0 inf
94.5 0.0 inf
95.5 0.0 inf
96.5 0.0 inf
97.5 0.0 inf
