0.5 38.774499999999996 0.0016059310565952648
1.5 20.461100000000002 0.002210729014026352
2.5 20.7181 0.0021969746081414504
3.5 19.0974 0.0022882995632198784
4.5 16.7865 0.002440731030316675
5.5 15.0658 0.0025763442991113116
6.5 13.2858 0.002743507455833895
7.5 11.7423 0.00291825618124093
8.5 10.4844 0.003088362063830105
9.5 9.1974 0.00329736833238448
10.5 8.2482 0.0034819329870701106
11.5 7.2133 0.0037233426285250113
12.5 6.432 0.003943001861728198
13.5 5.6452 0.004208819816258578
14.5 4.9914000000000005 0.004475986960430549
15.5 4.3332 0.004803918521159921
16.5 3.8313 0.0051088943319078095
17.5 3.3048 0.005500819683203746
18.5 2.8101000000000003 0.005965393717867585
19.5 2.4134 0.006437027222741339
20.5 2.0982000000000003 0.006903614919809346
21.5 1.7511 0.007556914802919718
22.5 1.516 0.00812176462882395
23.5 1.254 0.008929995329613664
24.5 1.0629 0.00969959936632209
25.5 0.8714 0.010712509552549886
26.5 0.7213 0.011774488067426342
27.5 0.5835 0.01309120337581334
28.5 0.4852 0.014356203435505359
29.5 0.4102 0.015613568465729805
30.5 0.3082 0.0180129018582505
31.5 0.2549 0.019806834933486603
32.5 0.2022 0.022238701440076274
33.5 0.16899999999999998 0.024325212770525996
34.5 0.1238 0.028421021140160225
35.5 0.1051 0.030845984923781787
36.5 0.0824 0.034836650714580884
37.5 0.066 0.03892494720807615
38.5 0.053 0.04343722427630694
39.5 0.0382 0.05116445100966508
40.5 0.030100000000000002 0.0576390417704235
41.5 0.0211 0.06884283908215143
42.5 0.018000000000000002 0.07453559924999299
43.5 0.011 0.09534625892455924
44.5 0.0085 0.10846522890932808
45.5 0.0063 0.1259881576697424
46.5 0.0051 0.14002800840280097
47.5 0.0043 0.15249857033260467
48.5 0.0038 0.16222142113076254
49.5 0.0026 0.19611613513818404
50.5 0.0019000000000000002 0.22941573387056174
51.5 0.0013 0.2773500981126146
52.5 0.0005 0.4472135954999579
53.5 0.0006000000000000001 0.40824829046386296
54.5 0.0007999999999999999 0.3535533905932738
55.5 0.0001 1.0
56.5 0.0001 1.0
57.5 0.0001 1.0
58.5 0.0 inf
59.5 0.0001 1.0
60.5 0.0 inf
61.5 0.0 inf
62.5 0.0 inf
63.5 0.0 inf
64.5 0.0 inf
65.5 0.0 inf
66.5 0.0 inf
67.5 0.0 inf
68.5 0.0 inf
69.5 0.0 inf
70.5 0.0 inf
71.5 0.0 inf
72.5 0.0 inf
73.5 0.0 inf
74.5 0.0 inf
75.5 0.0 inf
76.5 0.0 inf
77.5 0.0 inf
78.5 0.0 inf
79.5 0.0 inf
80.5 0.0 inf
81.5 0.0 inf
82.5 0.0 inf
83.5 0.0 inf
84.5 0.0 inf
85.5 0.0 inf
86.5 0.0 inf
87.5 0.0 inf
88.5 0.0 inf
89.5 0.0 inf
90.5 0.0 inf
91.5 0.0 inf
92.5 0.0 inf
93.5 0.0 inf
94.5 0.0 inf
95.5 0.0 inf
96.5 0.0 inf
97.5 0.0 inf
