0.5 39.364599999999996 0.0015938486488983924
1.5 20.8046 0.002192402632532374
2.5 21.0636 0.002178881946933645
3.5 19.439799999999998 0.002268057725126187
4.5 17.134700000000002 0.0024158042861901047
5.5 15.344899999999999 0.0025528069216132826
6.5 13.4878 0.0027228858888819667
7.5 11.953 0.0028924212280594156
8.5 10.737100000000002 0.00305180303812936
9.5 9.366399999999999 0.003267485354183221
10.5 8.356 0.0034594000260119205
11.5 7.3866 0.0036794059740065713
12.5 6.5238 0.003915161494835386
13.5 5.787599999999999 0.004156719760233016
14.5 5.0363 0.004455989963410806
15.5 4.391500000000001 0.004771924419614675
16.5 3.8801 0.005076665405143674
17.5 3.3842999999999996 0.005435826331036597
18.5 2.8372 0.005936835621781725
19.5 2.4481 0.006391244368272622
20.5 2.1289 0.006853657050471314
21.5 1.8199999999999998 0.0074124931666110115
22.5 1.5185 0.00811507619432967
23.5 1.2764 0.008851290656533124
24.5 1.0960999999999999 0.009551573261744536
25.5 0.8724000000000001 0.010706368114475577
26.5 0.7388 0.011634200837544286
27.5 0.5916 0.013001274187308594
28.5 0.5242 0.013811838504309767
29.5 0.4097 0.015623093000542114
30.5 0.3302 0.017402492911639783
31.5 0.265 0.019425717247145282
32.5 0.2 0.022360679774997897
33.5 0.1651 0.024610841494742634
34.5 0.1366 0.027056689037447044
35.5 0.1128 0.029774566708770683
36.5 0.0807 0.03520166719043815
37.5 0.0665 0.038778336716474064
38.5 0.0516 0.04402254531628119
39.5 0.041 0.04938647983247948
40.5 0.0292 0.058520573598065284
41.5 0.0223 0.06696495301824251
42.5 0.0176 0.07537783614444091
43.5 0.0126 0.0890870806374748
44.5 0.0101 0.09950371902099892
45.5 0.0079 0.11250879009260237
46.5 0.0060999999999999995 0.12803687993289598
47.5 0.0042 0.1543033499620919
48.5 0.0024000000000000002 0.20412414523193148
49.5 0.002 0.22360679774997896
50.5 0.002 0.22360679774997896
51.5 0.0012000000000000001 0.28867513459481287
52.5 0.0007 0.3779644730092272
53.5 0.0005 0.4472135954999579
54.5 0.0004 0.5
55.5 0.00030000000000000003 0.5773502691896257
56.5 0.0007 0.3779644730092272
57.5 0.0003 0.5773502691896258
58.5 0.0001 1.0
59.5 0.0 inf
60.5 0.0 inf
61.5 0.0001 1.0
62.5 0.0001 1.0
63.5 0.0 inf
64.5 0.0 inf
65.5 0.0 inf
66.5 0.0001 1.0
67.5 0.0 inf
68.5 0.0 inf
69.5 0.0 inf
70.5 0.0 inf
71.5 0.0 inf
72.5 0.0 inf
73.5 0.0 inf
74.5 0.0 inf
75.5 0.0 inf
76.5 0.0 inf
77.5 0.0 inf
78.5 0.0 inf
79.5 0.0 inf
80.5 0.0 inf
81.5 0.0 inf
82.5 0.0 inf
83.5 0.0 inf
84.5 0.0 inf
85.5 0.0 inf
86.5 0.0 inf
87.5 0.0 inf
88.5 0.0 inf
89.5 0.0 inf
90.5 0.0 inf
91.5 0.0 inf
92.5 0.0 inf
93.5 0.0 inf
94.5 0.0 inf
95.5 0.0 inf
96.5 0.0 inf
97.5 0.0 inf
