0.5 39.9069 0.0015829820986782582
1.5 21.1676 0.00217352274834832
2.5 21.4371 0.0021598171386156533
3.5 19.7207 0.002251846779055296
4.5 17.2979 0.0024043811192464913
5.5 15.6062 0.002531345443905054
6.5 13.6948 0.002702229015247519
7.5 12.1999 0.0028630034052138987
8.5 10.894 0.003029746654087875
9.5 9.4884 0.0032464110473987245
10.5 8.5693 0.003416074444233389
11.5 7.421099999999999 0.0036708434035986224
12.5 6.6562 0.0038760272227681366
13.5 5.8657 0.004128954302768298
14.5 5.1211 0.004418942716797132
15.5 4.448 0.00474152026131801
16.5 3.9555 0.005028046733095858
17.5 3.4238999999999997 0.005404300183100098
18.5 2.9264 0.005845654669311946
19.5 2.518 0.006301909137460409
20.5 2.1616999999999997 0.006801462199488499
21.5 1.8449 0.0073623012613860915
22.5 1.5531000000000001 0.008024173123980492
23.5 1.2743 0.00885858095658601
24.5 1.0981 0.009542871024823294
25.5 0.8924000000000001 0.010585715534396724
26.5 0.7379 0.011641293661745085
27.5 0.6204000000000001 0.01269591790297564
28.5 0.5135000000000001 0.0139549979180889
29.5 0.4319 0.015216276731324616
30.5 0.32589999999999997 0.017516922953288844
31.5 0.2757 0.019045028063583717
32.5 0.21150000000000002 0.021744269101781406
33.5 0.1698 0.024267841905814505
34.5 0.12719999999999998 0.028038607704602217
35.5 0.1063 0.030671383606587218
36.5 0.0829 0.034731435582359395
37.5 0.0677 0.03843312210120439
38.5 0.0516 0.04402254531628119
39.5 0.042800000000000005 0.04833682445228318
40.5 0.027200000000000002 0.06063390625908324
41.5 0.0239 0.06468462273531508
42.5 0.0177 0.07516460280028289
43.5 0.012199999999999999 0.09053574604251854
44.5 0.0125 0.08944271909999159
45.5 0.0083 0.10976425998969035
46.5 0.0059 0.13018891098082389
47.5 0.0034 0.17149858514250882
48.5 0.0048 0.14433756729740646
49.5 0.0037 0.1643989873053573
50.5 0.001 0.31622776601683794
51.5 0.0015 0.2581988897471611
52.5 0.0006000000000000001 0.40824829046386296
53.5 0.0009 0.3333333333333333
54.5 0.0005 0.4472135954999579
55.5 0.0005 0.4472135954999579
56.5 0.0001 1.0
57.5 0.00030000000000000003 0.5773502691896257
58.5 0.0 inf
59.5 0.0002 0.7071067811865475
60.5 0.0 inf
61.5 0.0 inf
62.5 0.0 inf
63.5 0.0 inf
64.5 0.0 inf
65.5 0.0001 1.0
66.5 0.0 inf
67.5 0.0 inf
68.5 0.0 inf
69.5 0.0 inf
70.5 0.0 inf
71.5 0.0 inf
72.5 0.0 inf
73.5 0.0 inf
74.5 0.0 inf
75.5 0.0 inf
76.5 0.0 inf
77.5 0.0 inf
78.5 0.0 inf
79.5 0.0 inf
80.5 0.0 inf
81.5 0.0 inf
82.5 0.0 inf
83.5 0.0 inf
84.5 0.0 inf
85.5 0.0 inf
86.5 0.0 inf
87.5 0.0 inf
88.5 0.0 inf
89.5 0.0 inf
90.5 0.0 inf
91.5 0.0 inf
92.5 0.0 inf
93.5 0.0 inf
94.5 0.0 inf
95.5 0.0 inf
96.5 0.0 inf
97.5 0.0 inf
