0.5 38.9033 0.0016032704158860224
1.5 20.4853 0.0022094228224712434
2.5 20.8405 0.0021905134940961835
3.5 19.157400000000003 0.0022847133342683225
4.5 16.884700000000002 0.0024336231369677655
5.5 15.120899999999999 0.0025716459634248646
6.5 13.267 0.0027454506110678113
7.5 11.774799999999999 0.002914226012516833
8.5 10.598700000000001 0.0030716639466966474
9.5 9.226500000000001 0.0032921643440736617
10.5 8.2774 0.003475785992323299
11.5 7.2456 0.0037150342553742884
12.5 6.4328 0.003942756673041475
13.5 5.648300000000001 0.0042076646782400525
14.5 5.0146 0.004465620901006712
15.5 4.3597 0.00478929619830481
16.5 3.8054 0.005126250717458887
17.5 3.3143000000000002 0.005492930341826328
18.5 2.8326000000000002 0.005941654227578992
19.5 2.4142 0.006435960606789901
20.5 2.0967000000000002 0.006906083935631572
21.5 1.7667 0.007523476962769816
22.5 1.5017 0.00816034292439991
23.5 1.2662 0.00888687037226413
24.5 1.0548 0.009736770630616433
25.5 0.8665 0.010742756117576677
26.5 0.7249 0.011745214433016024
27.5 0.6035 0.012872454422138826
28.5 0.4982 0.014167660405476751
29.5 0.3997 0.01581732090875531
30.5 0.3179 0.017735961445750802
31.5 0.2571 0.019721909504608663
32.5 0.2041 0.02213494757094859
33.5 0.1638 0.024708310555370042
34.5 0.12940000000000002 0.027799236087488324
35.5 0.1021 0.03129587719622029
36.5 0.0822 0.03487900532075779
37.5 0.06470000000000001 0.03931405669853757
38.5 0.050199999999999995 0.04463218426774518
39.5 0.0369 0.052057920629535355
40.5 0.027200000000000002 0.06063390625908324
41.5 0.022699999999999998 0.0663723311599972
42.5 0.0178 0.07495316889958614
43.5 0.0135 0.08606629658238704
44.5 0.0095 0.10259783520851541
45.5 0.0074 0.11624763874381928
46.5 0.0055 0.13483997249264842
47.5 0.004 0.15811388300841897
48.5 0.0049 0.14285714285714285
49.5 0.0029 0.18569533817705186
50.5 0.0021000000000000003 0.21821789023599233
51.5 0.0013 0.2773500981126146
52.5 0.0003 0.5773502691896258
53.5 0.00039999999999999996 0.5000000000000001
54.5 0.00030000000000000003 0.5773502691896257
55.5 0.0004 0.5
56.5 0.0 inf
57.5 0.0 inf
58.5 0.0002 0.7071067811865475
59.5 0.0 inf
60.5 0.0002 0.7071067811865475
61.5 0.0 inf
62.5 0.0 inf
63.5 0.0 inf
64.5 0.0 inf
65.5 0.0 inf
66.5 0.0 inf
67.5 0.0 inf
68.5 0.0 inf
69.5 0.0 inf
70.5 0.0 inf
71.5 0.0 inf
72.5 0.0 inf
73.5 0.0 inf
74.5 0.0 inf
75.5 0.0 inf
76.5 0.0 inf
77.5 0.0 inf
78.5 0.0 inf
79.5 0.0 inf
80.5 0.0 inf
81.5 0.0 inf
82.5 0.0 inf
83.5 0.0 inf
84.5 0.0 inf
85.5 0.0 inf
86.5 0.0 inf
87.5 0.0 inf
88.5 0.0 inf
89.5 0.0 inf
90.5 0.0 inf
91.5 0.0 inf
92.5 0.0 inf
93.5 0.0 inf
94.5 0.0 inf
95.5 0.0 inf
96.5 0.0 inf
97.5 0.0 inf
