0.5 38.5196 0.0016112358474750176
1.5 20.4187 0.0022130231439137396
2.5 20.6336 0.002201468605238584
3.5 18.908 0.0022997318668955685
4.5 16.700000000000003 0.0024470439211619816
5.5 14.9217 0.0025887543869372383
6.5 13.187100000000001 0.0027537553267167085
7.5 11.66 0.0029285370632871136
8.5 10.4452 0.003094151824670494
9.5 9.1144 0.0033123479977678234
10.5 8.1604 0.003500614411748625
11.5 7.1434999999999995 0.003741489023555969
12.5 6.4399 0.003940582625899877
13.5 5.6307 0.004214235541530115
14.5 4.9643 0.004488187487643433
15.5 4.3202 0.004811140875534096
16.5 3.7599 0.00515717481120223
17.5 3.2858 0.005516700887174889
18.5 2.8016 0.005974436308654391
19.5 2.4322 0.006412101050481713
20.5 2.0467 0.006989931265897328
21.5 1.7643 0.0075285923650013275
22.5 1.4569 0.008284859129491867
23.5 1.2315 0.009011203384637463
24.5 1.0417 0.009797802207551491
25.5 0.8587 0.01079143672345914
26.5 0.7162999999999999 0.011815511423769234
27.5 0.5716 0.0132267726881986
28.5 0.5078 0.014033101025064882
29.5 0.40549999999999997 0.015703793316826604
30.5 0.3191 0.01770258131306625
31.5 0.26480000000000004 0.01943305185841179
32.5 0.203 0.022194838080923762
33.5 0.1711 0.024175473851486187
34.5 0.12719999999999998 0.028038607704602217
35.5 0.0979 0.03196013860502966
36.5 0.0823 0.03485780871878749
37.5 0.059899999999999995 0.04085889232227185
38.5 0.0498 0.04481107149482209
39.5 0.0378 0.05143444998736397
40.5 0.0293 0.0584206237836986
41.5 0.0214 0.06835859270246633
42.5 0.015600000000000001 0.08006407690254357
43.5 0.015099999999999999 0.08137884587711594
44.5 0.009000000000000001 0.10540925533894598
45.5 0.0072 0.11785113019775793
46.5 0.0057 0.13245323570650439
47.5 0.0033 0.17407765595569785
48.5 0.003 0.18257418583505536
49.5 0.0015999999999999999 0.25000000000000006
50.5 0.0019 0.22941573387056174
51.5 0.0018 0.23570226039551587
52.5 0.0006000000000000001 0.40824829046386296
53.5 0.001 0.31622776601683794
54.5 0.00039999999999999996 0.5000000000000001
55.5 0.0007 0.3779644730092272
56.5 0.0005 0.4472135954999579
57.5 0.0001 1.0
58.5 0.0 inf
59.5 0.0001 1.0
60.5 0.0 inf
61.5 0.0 inf
62.5 0.0 inf
63.5 0.0001 1.0
64.5 0.0 inf
65.5 0.0 inf
66.5 0.0 inf
67.5 0.0 inf
68.5 0.0 inf
69.5 0.0 inf
70.5 0.0 inf
71.5 0.0 inf
72.5 0.0 inf
73.5 0.0 inf
74.5 0.0 inf
75.5 0.0 inf
76.5 0.0 inf
77.5 0.0 inf
78.5 0.0 inf
79.5 0.0 inf
80.5 0.0 inf
81.5 0.0 inf
82.5 0.0 inf
83.5 0.0 inf
84.5 0.0 inf
85.5 0.0 inf
86.5 0.0 inf
87.5 0.0 inf
88.5 0.0 inf
89.5 0.0 inf
90.5 0.0 inf
91.5 0.0 inf
92.5 0.0 inf
93.5 0.0 inf
94.5 0.0 inf
95.5 0.0 inf
96.5 0.0 inf
97.5 0.0 inf
