0.5 39.676 0.001587581608753409
1.5 21.029000000000003 0.0021806737185455856
2.5 21.3387 0.0021647912364357326
3.5 19.5343 0.0022625650456145007
4.5 17.289499999999997 0.0024049651254026455
5.5 15.4893 0.0025408797047290375
6.5 13.665099999999999 0.002705163960526782
7.5 12.075199999999999 0.00287774848315788
8.5 10.7815 0.0030455126404207358
9.5 9.478 0.0032481916666333476
10.5 8.447 0.00344071541287353
11.5 7.4176 0.0036717093465377915
12.5 6.6471 0.003878679490977903
13.5 5.8528 0.004133502057145281
14.5 5.1202000000000005 0.0044193310681989
15.5 4.4044 0.00476493107600872
16.5 3.9752 0.00501557244941904
17.5 3.3750999999999998 0.005443229899672544
18.5 2.8856 0.005886835976597193
19.5 2.4937 0.006332539353035045
20.5 2.1333 0.006846585457972409
21.5 1.8195000000000001 0.007413511576063727
22.5 1.5436 0.0080488274115042
23.5 1.2919 0.008798032276186087
24.5 1.0796999999999999 0.009623841223943637
25.5 0.8898 0.010601170009686967
26.5 0.7393000000000001 0.011630265977338548
27.5 0.5969 0.012943424970158284
28.5 0.5054 0.014066381153285495
29.5 0.4125 0.015569978883230457
30.5 0.3457 0.017007884982457738
31.5 0.259 0.01964943729729648
32.5 0.2098 0.021832187779978623
33.5 0.17159999999999997 0.024140227479263383
34.5 0.1264 0.028127197523150592
35.5 0.101 0.03146583877637763
36.5 0.08549999999999999 0.03419927840283847
37.5 0.0674 0.03851856078856727
38.5 0.048600000000000004 0.04536092116265144
39.5 0.0409 0.049446817643414874
40.5 0.031 0.05679618342470648
41.5 0.0224 0.0668153104781061
42.5 0.0169 0.07692307692307693
43.5 0.013600000000000001 0.08574929257125441
44.5 0.0102 0.09901475429766741
45.5 0.0087 0.10721125348377948
46.5 0.006200000000000001 0.1270001270001905
47.5 0.0045 0.14907119849998599
48.5 0.0039 0.16012815380508713
49.5 0.002 0.22360679774997896
50.5 0.0015 0.2581988897471611
51.5 0.0017000000000000001 0.24253562503633297
52.5 0.0007 0.3779644730092272
53.5 0.0005 0.4472135954999579
54.5 0.0005 0.4472135954999579
55.5 0.0005 0.4472135954999579
56.5 0.0003 0.5773502691896258
57.5 0.0 inf
58.5 0.0003 0.5773502691896258
59.5 0.0002 0.7071067811865475
60.5 0.0002 0.7071067811865475
61.5 0.0001 1.0
62.5 0.0 inf
63.5 0.0 inf
64.5 0.0 inf
65.5 0.0 inf
66.5 0.0 inf
67.5 0.0 inf
68.5 0.0001 1.0
69.5 0.0 inf
70.5 0.0 inf
71.5 0.0 inf
72.5 0.0 inf
73.5 0.0 inf
74.5 0.0 inf
75.5 0.0 inf
76.5 0.0 inf
77.5 0.0 inf
78.5 0.0 inf
79.5 0.0 inf
80.5 0.0 inf
81.5 0.0 inf
82.5 0.0 inf
83.5 0.0 inf
84.5 0.0 inf
85.5 0.0 inf
86.5 0.0 inf
87.5 0.0 inf
88.5 0.0 inf
89.5 0.0 inf
90.5 0.0 inf
91.5 0.0 inf
92.5 0.0 inf
93.5 0.0 inf
94.5 0.0 inf
95.5 0.0 inf
96.5 0.0 inf
97.5 0.0 inf
