0.5 39.0103 0.0016010701286452498
1.5 20.6373 0.002201271249020359
2.5 20.912399999999998 0.0021867445931360798
3.5 19.216900000000003 0.0022811735897614424
4.5 16.9165 0.0024313346724669145
5.5 15.1706 0.0025674300571456544
6.5 13.3828 0.002733546752696859
7.5 11.812 0.0029096334500087967
8.5 10.6858 0.003059119759696921
9.5 9.2711 0.0032842360754064552
10.5 8.294599999999999 0.0034721803607321794
11.5 7.2615 0.0037109647507986994
12.5 6.4727 0.003930585617750738
13.5 5.6902 0.004192144406501968
14.5 5.0173 0.004464419179067058
15.5 4.361000000000001 0.004788582308242792
16.5 3.8451 0.005099718222854179
17.5 3.3517 0.0054621978920555425
18.5 2.8838 0.0058886729021438294
19.5 2.4608 0.006374730673318458
20.5 2.0934999999999997 0.006911360035478167
21.5 1.7729 0.007510310283989032
22.5 1.5013999999999998 0.008161158157048948
23.5 1.2426 0.00897086508698131
24.5 1.0354999999999999 0.009827090336950417
25.5 0.8742000000000001 0.010695340092890231
26.5 0.7093 0.01187367124356345
27.5 0.5881000000000001 0.013039904485657432
28.5 0.5076 0.014035865351108647
29.5 0.4172 0.015482028055565812
30.5 0.3289 0.017436851272653896
31.5 0.2555 0.019783564706223267
32.5 0.2097 0.021837392736013945
33.5 0.1639 0.024700771787671945
34.5 0.1297 0.027767067240353285
35.5 0.1067 0.03061383874613135
36.5 0.0824 0.034836650714580884
37.5 0.0642 0.03946685189819293
38.5 0.055099999999999996 0.042601432284230495
39.5 0.0358 0.05285164225816899
40.5 0.0274 0.0604122093330177
41.5 0.0241 0.06441566264008308
42.5 0.0188 0.07293249574894728
43.5 0.013999999999999999 0.08451542547285167
44.5 0.0106 0.09712858623572641
45.5 0.0069 0.1203858530857692
46.5 0.004 0.15811388300841897
47.5 0.0042 0.1543033499620919
48.5 0.0038000000000000004 0.16222142113076252
49.5 0.0024000000000000002 0.20412414523193148
50.5 0.0024 0.20412414523193154
51.5 0.0005 0.4472135954999579
52.5 0.0012000000000000001 0.28867513459481287
53.5 0.0007999999999999999 0.3535533905932738
54.5 0.0005 0.4472135954999579
55.5 0.0002 0.7071067811865475
56.5 0.00030000000000000003 0.5773502691896257
57.5 0.0002 0.7071067811865475
58.5 0.0002 0.7071067811865475
59.5 0.00030000000000000003 0.5773502691896257
60.5 0.0002 0.7071067811865475
61.5 0.0001 1.0
62.5 0.0 inf
63.5 0.0 inf
64.5 0.0 inf
65.5 0.0 inf
66.5 0.0 inf
67.5 0.0001 1.0
68.5 0.0 inf
69.5 0.0 inf
70.5 0.0 inf
71.5 0.0 inf
72.5 0.0 inf
73.5 0.0 inf
74.5 0.0 inf
75.5 0.0 inf
76.5 0.0 inf
77.5 0.0 inf
78.5 0.0 inf
79.5 0.0 inf
80.5 0.0 inf
81.5 0.0 inf
82.5 0.0 inf
83.5 0.0 inf
84.5 0.0 inf
85.5 0.0 inf
86.5 0.0 inf
87.5 0.0 inf
88.5 0.0 inf
89.5 0.0 inf
90.5 0.0 inf
91.5 0.0 inf
92.5 0.0 inf
93.5 0.0 inf
94.5 0.0 inf
95.5 0.0 inf
96.5 0.0 inf
97.5 0.0 inf
