0.5 41.8219 0.0015463155397852939
1.5 22.213500000000003 0.002121736775268161
2.5 22.626399999999997 0.0021022882827433195
3.5 20.805999999999997 0.0021923288697879655
4.5 18.2661 0.002339791099205395
5.5 16.4028 0.002469113222661794
6.5 14.359300000000001 0.0026389633907685167
7.5 12.8296 0.0027918587492787713
8.5 11.4712 0.002952538532429367
9.5 10.029499999999999 0.003157623595210702
10.5 8.95 0.003342631352324378
11.5 7.9088 0.0035558604068290623
12.5 6.9839 0.0037839988338020116
13.5 6.126799999999999 0.004040016586726148
14.5 5.4169 0.004296596703150346
15.5 4.697699999999999 0.0046137850831497
16.5 4.1545 0.004906147697825658
17.5 3.6025 0.005268633697738323
18.5 3.0494 0.0057265466377254565
19.5 2.6207000000000003 0.006177195489392251
20.5 2.2617000000000003 0.006649400641726638
21.5 1.9445 0.007171269210035113
22.5 1.6146 0.007869869410831428
23.5 1.3587 0.008579030509373052
24.5 1.153 0.009312908721974756
25.5 0.9353 0.010340095094155816
26.5 0.7871 0.011271586385094194
27.5 0.6274 0.012624894069692605
28.5 0.5325 0.013703774196550632
29.5 0.4298 0.015253404749263623
30.5 0.34340000000000004 0.017064747028519057
31.5 0.2738 0.019110994086122903
32.5 0.2192 0.021358941442919024
33.5 0.181 0.02350502473611342
34.5 0.1383 0.026889882837002246
35.5 0.1116 0.02993421700446248
36.5 0.0869 0.033922676577637915
37.5 0.0704 0.037688918072220454
38.5 0.0519 0.04389512813061471
39.5 0.0424 0.04856429311786321
40.5 0.0314 0.05643326479831003
41.5 0.0257 0.06237828615518053
42.5 0.0184 0.07372097807744857
43.5 0.0166 0.07761505257063328
44.5 0.0104 0.09805806756909202
45.5 0.0086 0.10783277320343841
46.5 0.0051 0.14002800840280097
47.5 0.0049 0.14285714285714285
48.5 0.0036 0.16666666666666666
49.5 0.0024 0.20412414523193154
50.5 0.0021999999999999997 0.21320071635561047
51.5 0.0015999999999999999 0.25000000000000006
52.5 0.0007 0.3779644730092272
53.5 0.0004 0.5
54.5 0.00030000000000000003 0.5773502691896257
55.5 0.0007 0.3779644730092272
56.5 0.00030000000000000003 0.5773502691896257
57.5 0.0003 0.5773502691896258
58.5 0.0 inf
59.5 0.0001 1.0
60.5 0.0 inf
61.5 0.0 inf
62.5 0.0 inf
63.5 0.0 inf
64.5 0.0 inf
65.5 0.0 inf
66.5 0.0 inf
67.5 0.0 inf
68.5 0.0 inf
69.5 0.0 inf
70.5 0.0 inf
71.5 0.0 inf
72.5 0.0 inf
73.5 0.0 inf
74.5 0.0 inf
75.5 0.0 inf
76.5 0.0 inf
77.5 0.0 inf
78.5 0.0 inf
79.5 0.0 inf
80.5 0.0 inf
81.5 0.0 inf
82.5 0.0 inf
83.5 0.0 inf
84.5 0.0 inf
85.5 0.0 inf
86.5 0.0 inf
87.5 0.0 inf
88.5 0.0 inf
89.5 0.0 inf
90.5 0.0 inf
91.5 0.0 inf
92.5 0.0 inf
93.5 0.0 inf
94.5 0.0 inf
95.5 0.0 inf
96.5 0.0 inf
97.5 0.0 inf
