0.5 11717785.0 0.0002921307255794563
1.5 1251376.0 0.0008939353043383847
2.5 679824.0 0.0012128350904682542
3.5 357234.0 0.0016731065782875838
4.5 202661.0 0.0022213393467223072
5.5 125974.0 0.0028174715556022983
6.5 81618.0 0.003500314167295405
7.5 55269.0 0.004253624968455749
8.5 39090.0 0.005057864201305102
9.5 27847.0 0.005992537943690605
10.5 20719.0 0.006947292828759643
11.5 15331.0 0.0080763430586153
12.5 11618.0 0.009277571583177237
13.5 8763.0 0.010682517037726925
14.5 6774.0 0.012150031498997491
15.5 5097.0 0.014006921128979033
16.5 3999.0 0.015813365095036135
17.5 3055.0 0.0180923255062985
18.5 2461.0 0.020157849256095022
19.5 1882.0 0.023051022277878704
20.5 1484.0 0.02595870658255825
21.5 1169.0 0.029247769028706173
22.5 856.0 0.034179296351233165
23.5 675.0 0.03849001794597505
24.5 526.0 0.04360207201969474
25.5 387.0 0.05083285677753489
26.5 312.0 0.05661385170722978
27.5 231.0 0.0657951694959769
28.5 214.0 0.06835859270246633
29.5 148.0 0.08219949365267865
30.5 107.0 0.09667364890456635
31.5 84.0 0.1091089451179962
32.5 54.0 0.13608276348795434
33.5 42.0 0.1543033499620919
34.5 30.0 0.18257418583505536
35.5 20.0 0.22360679774997896
36.5 19.0 0.22941573387056174
37.5 8.0 0.35355339059327373
38.5 9.0 0.3333333333333333
39.5 7.0 0.3779644730092272
40.5 5.0 0.4472135954999579
41.5 4.0 0.5
42.5 4.0 0.5
43.5 1.0 1.0
44.5 1.0 1.0
45.5 2.0 0.7071067811865475
46.5 0.0 inf
47.5 0.0 inf
48.5 0.0 inf
49.5 0.0 inf
50.5 0.0 inf
51.5 0.0 inf
52.5 0.0 inf
53.5 0.0 inf
54.5 0.0 inf
55.5 0.0 inf
56.5 0.0 inf
57.5 0.0 inf
58.5 0.0 inf
59.5 0.0 inf
60.5 0.0 inf
61.5 0.0 inf
62.5 0.0 inf
63.5 0.0 inf
64.5 0.0 inf
65.5 0.0 inf
66.5 0.0 inf
67.5 0.0 inf
68.5 0.0 inf
69.5 0.0 inf
70.5 0.0 inf
71.5 0.0 inf
72.5 0.0 inf
73.5 0.0 inf
74.5 0.0 inf
75.5 0.0 inf
76.5 0.0 inf
77.5 0.0 inf
78.5 0.0 inf
79.5 0.0 inf
80.5 0.0 inf
81.5 0.0 inf
82.5 0.0 inf
83.5 0.0 inf
84.5 0.0 inf
85.5 0.0 inf
86.5 0.0 inf
87.5 0.0 inf
88.5 0.0 inf
89.5 0.0 inf
90.5 0.0 inf
91.5 0.0 inf
92.5 0.0 inf
93.5 0.0 inf
94.5 0.0 inf
95.5 0.0 inf
96.5 0.0 inf
97.5 0.0 inf
