0.5 60957.0 0.00405030947065503
1.5 28599.0 0.005913227338894827
2.5 26087.0 0.006191386714182125
3.5 21119.0 0.006881186440844116
4.5 16596.0 0.007762440547210372
5.5 13423.0 0.008631279989872733
6.5 10527.0 0.009746477589434498
7.5 8441.0 0.010884363815418439
8.5 6870.0 0.012064841796274876
9.5 5605.0 0.013357100434786648
10.5 4554.0 0.014818474149146235
11.5 3806.0 0.016209350304978644
12.5 3033.0 0.018157823690094776
13.5 2549.0 0.019806834933486603
14.5 2009.0 0.02231053741265801
15.5 1607.0 0.024945491291633412
16.5 1270.0 0.028060676663315687
17.5 1125.0 0.0298142396999972
18.5 848.0 0.03434014098717226
19.5 713.0 0.03745029431365691
20.5 562.0 0.04218245406095978
21.5 457.0 0.0467780269724988
22.5 367.0 0.052199575097188054
23.5 283.0 0.0594438298277764
24.5 236.0 0.06509445549041194
25.5 184.0 0.07372097807744857
26.5 144.0 0.08333333333333333
27.5 108.0 0.09622504486493763
28.5 82.0 0.11043152607484653
29.5 79.0 0.1125087900926024
30.5 55.0 0.13483997249264842
31.5 29.0 0.18569533817705186
32.5 26.0 0.19611613513818404
33.5 10.0 0.31622776601683794
34.5 12.0 0.2886751345948129
35.5 12.0 0.2886751345948129
36.5 10.0 0.31622776601683794
37.5 6.0 0.4082482904638631
38.5 4.0 0.5
39.5 2.0 0.7071067811865475
40.5 2.0 0.7071067811865475
41.5 0.0 inf
42.5 1.0 1.0
43.5 0.0 inf
44.5 0.0 inf
45.5 1.0 1.0
46.5 0.0 inf
47.5 0.0 inf
48.5 0.0 inf
49.5 0.0 inf
50.5 0.0 inf
51.5 0.0 inf
52.5 0.0 inf
53.5 0.0 inf
54.5 0.0 inf
55.5 0.0 inf
56.5 0.0 inf
57.5 0.0 inf
58.5 0.0 inf
59.5 0.0 inf
60.5 0.0 inf
61.5 0.0 inf
62.5 0.0 inf
63.5 0.0 inf
64.5 0.0 inf
65.5 0.0 inf
66.5 0.0 inf
67.5 0.0 inf
68.5 0.0 inf
69.5 0.0 inf
70.5 0.0 inf
71.5 0.0 inf
72.5 0.0 inf
73.5 0.0 inf
74.5 0.0 inf
75.5 0.0 inf
76.5 0.0 inf
77.5 0.0 inf
78.5 0.0 inf
79.5 0.0 inf
80.5 0.0 inf
81.5 0.0 inf
82.5 0.0 inf
83.5 0.0 inf
84.5 0.0 inf
85.5 0.0 inf
86.5 0.0 inf
87.5 0.0 inf
88.5 0.0 inf
89.5 0.0 inf
90.5 0.0 inf
91.5 0.0 inf
92.5 0.0 inf
93.5 0.0 inf
94.5 0.0 inf
95.5 0.0 inf
96.5 0.0 inf
97.5 0.0 inf
