0.5 11331474.0 0.0002970686322577035
1.5 1234583.0 0.0008999944965504804
2.5 673377.0 0.0012186271813029355
3.5 355240.0 0.0016777956702176261
4.5 201121.0 0.0022298276176866737
5.5 125374.0 0.0028242052692526794
6.5 81607.0 0.003500550067147346
7.5 54969.0 0.004265216512097379
8.5 39281.0 0.0050455525333296695
9.5 27701.0 0.006008309229004718
10.5 20803.0 0.006933252476673709
11.5 15250.0 0.00809776330178916
12.5 11574.0 0.009295189775552673
13.5 8745.0 0.010693505400348576
14.5 6515.0 0.012389186481487078
15.5 5194.0 0.013875512319389488
16.5 4009.0 0.01579363044976476
17.5 3144.0 0.01783440937516054
18.5 2341.0 0.0206680399887278
19.5 1923.0 0.02280396458583536
20.5 1457.0 0.026198125853112302
21.5 1106.0 0.030069238966213184
22.5 882.0 0.033671751485073696
23.5 648.0 0.039283710065919304
24.5 558.0 0.04233337566673017
25.5 400.0 0.05
26.5 318.0 0.056077215409204434
27.5 262.0 0.06178020632152154
28.5 169.0 0.07692307692307693
29.5 145.0 0.08304547985373997
30.5 87.0 0.10721125348377948
31.5 88.0 0.10660035817780521
32.5 60.0 0.12909944487358055
33.5 46.0 0.14744195615489714
34.5 36.0 0.16666666666666666
35.5 28.0 0.1889822365046136
36.5 21.0 0.2182178902359924
37.5 12.0 0.2886751345948129
38.5 7.0 0.3779644730092272
39.5 6.0 0.4082482904638631
40.5 4.0 0.5
41.5 1.0 1.0
42.5 3.0 0.5773502691896258
43.5 2.0 0.7071067811865475
44.5 1.0 1.0
45.5 0.0 inf
46.5 1.0 1.0
47.5 0.0 inf
48.5 0.0 inf
49.5 0.0 inf
50.5 0.0 inf
51.5 1.0 1.0
52.5 0.0 inf
53.5 0.0 inf
54.5 0.0 inf
55.5 0.0 inf
56.5 0.0 inf
57.5 0.0 inf
58.5 0.0 inf
59.5 0.0 inf
60.5 0.0 inf
61.5 0.0 inf
62.5 0.0 inf
63.5 0.0 inf
64.5 0.0 inf
65.5 0.0 inf
66.5 0.0 inf
67.5 0.0 inf
68.5 0.0 inf
69.5 0.0 inf
70.5 0.0 inf
71.5 0.0 inf
72.5 0.0 inf
73.5 0.0 inf
74.5 0.0 inf
75.5 0.0 inf
76.5 0.0 inf
77.5 0.0 inf
78.5 0.0 inf
79.5 0.0 inf
80.5 0.0 inf
81.5 0.0 inf
82.5 0.0 inf
83.5 0.0 inf
84.5 0.0 inf
85.5 0.0 inf
86.5 0.0 inf
87.5 0.0 inf
88.5 0.0 inf
89.5 0.0 inf
90.5 0.0 inf
91.5 0.0 inf
92.5 0.0 inf
93.5 0.0 inf
94.5 0.0 inf
95.5 0.0 inf
96.5 0.0 inf
97.5 0.0 inf
