0.5 1318.0 0.027544969439561987
1.5 743.0 0.03668644191235265
2.5 744.0 0.036661778755338326
3.5 721.0 0.03724194613619294
4.5 580.0 0.041522739926869986
5.5 520.0 0.043852900965351466
6.5 449.0 0.04719291781830087
7.5 413.0 0.04920678313051229
8.5 353.0 0.05322462954123495
9.5 310.0 0.05679618342470648
10.5 238.0 0.06482037235521644
11.5 236.0 0.06509445549041194
12.5 202.0 0.07035975447302918
13.5 171.0 0.07647191129018725
14.5 134.0 0.08638684255813601
15.5 109.0 0.09578262852211514
16.5 101.0 0.09950371902099892
17.5 88.0 0.10660035817780521
18.5 89.0 0.105999788000636
19.5 53.0 0.13736056394868904
20.5 53.0 0.13736056394868904
21.5 39.0 0.16012815380508713
22.5 41.0 0.15617376188860607
23.5 15.0 0.2581988897471611
24.5 20.0 0.22360679774997896
25.5 16.0 0.25
26.5 6.0 0.4082482904638631
27.5 20.0 0.22360679774997896
28.5 7.0 0.3779644730092272
29.5 5.0 0.4472135954999579
30.5 2.0 0.7071067811865475
31.5 0.0 inf
32.5 1.0 1.0
33.5 1.0 1.0
34.5 0.0 inf
35.5 0.0 inf
36.5 0.0 inf
37.5 0.0 inf
38.5 0.0 inf
39.5 0.0 inf
40.5 0.0 inf
41.5 0.0 inf
42.5 0.0 inf
43.5 0.0 inf
44.5 0.0 inf
45.5 0.0 inf
46.5 0.0 inf
47.5 0.0 inf
48.5 0.0 inf
49.5 0.0 inf
50.5 0.0 inf
51.5 0.0 inf
52.5 0.0 inf
53.5 0.0 inf
54.5 0.0 inf
55.5 0.0 inf
56.5 0.0 inf
57.5 0.0 inf
58.5 0.0 inf
59.5 0.0 inf
60.5 0.0 inf
61.5 0.0 inf
62.5 0.0 inf
63.5 0.0 inf
64.5 0.0 inf
65.5 0.0 inf
66.5 0.0 inf
67.5 0.0 inf
68.5 0.0 inf
69.5 0.0 inf
70.5 0.0 inf
71.5 0.0 inf
72.5 0.0 inf
73.5 0.0 inf
74.5 0.0 inf
75.5 0.0 inf
76.5 0.0 inf
77.5 0.0 inf
78.5 0.0 inf
79.5 0.0 inf
80.5 0.0 inf
81.5 0.0 inf
82.5 0.0 inf
83.5 0.0 inf
84.5 0.0 inf
85.5 0.0 inf
86.5 0.0 inf
87.5 0.0 inf
88.5 0.0 inf
89.5 0.0 inf
90.5 0.0 inf
91.5 0.0 inf
92.5 0.0 inf
93.5 0.0 inf
94.5 0.0 inf
95.5 0.0 inf
96.5 0.0 inf
97.5 0.0 inf
