0.5 38.6798 0.0016078957603838867
1.5 20.403100000000002 0.002213869009604574
2.5 20.6288 0.0022017247140447135
3.5 18.987099999999998 0.002294936541550294
4.5 16.805999999999997 0.002439314629358424
5.5 15.0399 0.0025785616880072697
6.5 13.229099999999999 0.002749380514075559
7.5 11.6711 0.0029271441142888
8.5 10.4634 0.003091459675252945
9.5 9.1053 0.0033140027943882183
10.5 8.24 0.003483665071458088
11.5 7.2355 0.0037176262504657683
12.5 6.4274000000000004 0.003944412584919609
13.5 5.668 0.004200346122781363
14.5 4.9998000000000005 0.00447222540040205
15.5 4.2797 0.004833851858893057
16.5 3.7977 0.005131444932763125
17.5 3.2973999999999997 0.005506988672890407
18.5 2.7957 0.005980737162912245
19.5 2.4193 0.006429173371706417
20.5 2.0638 0.006960912841570749
21.5 1.7567 0.007544860239643199
22.5 1.5004 0.008163877364853404
23.5 1.2597999999999998 0.008909415188252603
24.5 1.0535 0.009742776278149621
25.5 0.8575999999999999 0.010798355319767002
26.5 0.7229 0.011761450567990028
27.5 0.575 0.013187609467915739
28.5 0.498 0.014170505031628393
29.5 0.39990000000000003 0.015813365095036135
30.5 0.3198 0.01768319639224352
31.5 0.258 0.019687480773953943
32.5 0.2086 0.02189489404922193
33.5 0.1614 0.024891337579430815
34.5 0.1248 0.02830692585361489
35.5 0.1065 0.03064257065179478
36.5 0.08180000000000001 0.03496418006375328
37.5 0.0623 0.0400641540107502
38.5 0.0524 0.0436852028330519
39.5 0.0392 0.050507627227610534
40.5 0.027999999999999997 0.059761430466719695
41.5 0.021900000000000003 0.06757373783994859
42.5 0.0157 0.07980868844676221
43.5 0.0123 0.09016696346674323
44.5 0.0098 0.10101525445522107
45.5 0.0076 0.11470786693528087
46.5 0.0055 0.13483997249264842
47.5 0.0046 0.14744195615489714
48.5 0.003 0.18257418583505536
49.5 0.0024000000000000002 0.20412414523193148
50.5 0.0013 0.2773500981126146
51.5 0.0012 0.2886751345948129
52.5 0.0007 0.3779644730092272
53.5 0.0007999999999999999 0.3535533905932738
54.5 0.00030000000000000003 0.5773502691896257
55.5 0.0005 0.4472135954999579
56.5 0.0003 0.5773502691896258
57.5 0.0002 0.7071067811865475
58.5 0.0 inf
59.5 0.0002 0.7071067811865475
60.5 0.0 inf
61.5 0.0 inf
62.5 0.0 inf
63.5 0.0 inf
64.5 0.0 inf
65.5 0.0 inf
66.5 0.0 inf
67.5 0.0001 1.0
68.5 0.0 inf
69.5 0.0 inf
70.5 0.0 inf
71.5 0.0 inf
72.5 0.0 inf
73.5 0.0 inf
74.5 0.0 inf
75.5 0.0 inf
76.5 0.0 inf
77.5 0.0 inf
78.5 0.0 inf
79.5 0.0 inf
80.5 0.0 inf
81.5 0.0 inf
82.5 0.0 inf
83.5 0.0 inf
84.5 0.0 inf
85.5 0.0 inf
86.5 0.0 inf
87.5 0.0 inf
88.5 0.0 inf
89.5 0.0 inf
90.5 0.0 inf
91.5 0.0 inf
92.5 0.0 inf
93.5 0.0 inf
94.5 0.0 inf
95.5 0.0 inf
96.5 0.0 inf
97.5 0.0 inf
