0.5 65.0676 0.0012397028679214937
1.5 35.4993 0.0016783792640761457
2.5 36.0659 0.0016651432948475108
3.5 33.3378 0.0017319347718262321
4.5 29.3876 0.0018446668363087957
5.5 26.4147 0.001945705733625749
6.5 23.2658 0.0020731990672659593
7.5 20.6737 0.0021993325158968166
8.5 18.548299999999998 0.0023219236989261605
9.5 16.2833 0.002478156833665739
10.5 14.5342 0.0026230371042790294
11.5 12.7989 0.0027952050809235815
12.5 11.332899999999999 0.002970499418432339
13.5 9.9933 0.003163337555811843
14.5 8.8262 0.0033659922978240605
15.5 7.6023 0.0036268324950423283
16.5 6.7666 0.0038442776595674633
17.5 5.8757 0.004125439221508332
18.5 5.027200000000001 0.004460021151254461
19.5 4.272 0.004838206248226147
20.5 3.6828000000000003 0.00521087832900602
21.5 3.1482 0.005635972206068704
22.5 2.6318 0.006164155113890749
23.5 2.2232 0.0067067286144713205
24.5 1.8488 0.007354531861438136
25.5 1.5366 0.008067139845186208
26.5 1.2877 0.00881236855555324
27.5 1.0367 0.00982140116800372
28.5 0.8897999999999999 0.010601170009686967
29.5 0.6920999999999999 0.012020307432910314
30.5 0.5697 0.013248810558619404
31.5 0.4646 0.014671022977143325
32.5 0.36450000000000005 0.01656346649999844
33.5 0.29279999999999995 0.018480531773864325
34.5 0.2283 0.02092893090740305
35.5 0.1864 0.023162052730603976
36.5 0.1414 0.026593487520457093
37.5 0.11560000000000001 0.029411764705882353
38.5 0.0873 0.03384487217112064
39.5 0.07289999999999999 0.03703703703703704
40.5 0.0539 0.0430730492253948
41.5 0.039099999999999996 0.05057217374241737
42.5 0.0307 0.05707301455353496
43.5 0.0237 0.06495698024616309
44.5 0.0169 0.07692307692307693
45.5 0.0119 0.09166984970282112
46.5 0.0102 0.09901475429766741
47.5 0.0085 0.10846522890932808
48.5 0.006200000000000001 0.1270001270001905
49.5 0.004 0.15811388300841897
50.5 0.0035 0.1690308509457033
51.5 0.0023 0.20851441405707477
52.5 0.0013000000000000002 0.2773500981126145
53.5 0.0007 0.3779644730092272
54.5 0.00030000000000000003 0.5773502691896257
55.5 0.0002 0.7071067811865475
56.5 0.0006 0.4082482904638631
57.5 0.00039999999999999996 0.5000000000000001
58.5 0.00030000000000000003 0.5773502691896257
59.5 0.0001 1.0
60.5 0.0002 0.7071067811865475
61.5 0.0 inf
62.5 0.0 inf
63.5 0.0001 1.0
64.5 0.0001 1.0
65.5 0.0 inf
66.5 0.0 inf
67.5 0.0 inf
68.5 0.0001 1.0
69.5 0.0 inf
70.5 0.0 inf
71.5 0.0 inf
72.5 0.0 inf
73.5 0.0 inf
74.5 0.0 inf
75.5 0.0 inf
76.5 0.0 inf
77.5 0.0 inf
78.5 0.0 inf
79.5 0.0 inf
80.5 0.0 inf
81.5 0.0 inf
82.5 0.0 inf
83.5 0.0 inf
84.5 0.0 inf
85.5 0.0 inf
86.5 0.0 inf
87.5 0.0 inf
88.5 0.0 inf
89.5 0.0 inf
90.5 0.0 inf
91.5 0.0 inf
92.5 0.0 inf
93.5 0.0 inf
94.5 0.0 inf
95.5 0.0 inf
96.5 0.0 inf
97.5 0.0 inf
