0.5 39.3784 0.001593569345540246
1.5 20.8733 0.0021887917469272807
2.5 21.1415 0.0021748639835022085
3.5 19.3928 0.0022708044714342237
4.5 17.101 0.0024181834609483307
5.5 15.3778 0.0025500746609038428
6.5 13.4551 0.002726192602938355
7.5 12.0029 0.0028864025933706254
8.5 10.7278 0.003053125565573674
9.5 9.356200000000001 0.003269265952718619
10.5 8.4332 0.003443529437435086
11.5 7.393599999999999 0.003677663795576139
12.5 6.5867 0.0038964226416394244
13.5 5.7658000000000005 0.004164570448689253
14.5 5.1038 0.0044264256742187385
15.5 4.404999999999999 0.00476460655205797
16.5 3.8982 0.005064865785494022
17.5 3.3947000000000003 0.005427493347474598
18.5 2.8719 0.00590086043768875
19.5 2.4534000000000002 0.006384337237567431
20.5 2.1221 0.00686462910475613
21.5 1.8024 0.007448595848574528
22.5 1.5328 0.00807713337189048
23.5 1.2778 0.008846440444059205
24.5 1.0732 0.009652941361513134
25.5 0.861 0.010777013435226059
26.5 0.7237 0.011754948037807859
27.5 0.5918 0.01299907709828787
28.5 0.5105 0.013995941765246819
29.5 0.4202 0.015426662418507235
30.5 0.3325 0.0173421993904824
31.5 0.2649 0.01942938351447002
32.5 0.21339999999999998 0.021647252975540952
33.5 0.1665 0.02450715406979359
34.5 0.1417 0.02656532141809275
35.5 0.10289999999999999 0.03117398431942748
36.5 0.0807 0.03520166719043815
37.5 0.0649 0.03925343359894298
38.5 0.0518 0.04393747751637468
39.5 0.0397 0.05018856132284956
40.5 0.0308 0.05698028822981897
41.5 0.0219 0.06757373783994859
42.5 0.0191 0.07235746052924216
43.5 0.0118 0.09205746178983235
44.5 0.0093 0.10369516947304253
45.5 0.0068000000000000005 0.12126781251816648
46.5 0.0054 0.13608276348795434
47.5 0.0047 0.14586499149789456
48.5 0.0034000000000000002 0.17149858514250882
49.5 0.0024000000000000002 0.20412414523193148
50.5 0.0013 0.2773500981126146
51.5 0.0021 0.2182178902359924
52.5 0.001 0.31622776601683794
53.5 0.00030000000000000003 0.5773502691896257
54.5 0.0006 0.4082482904638631
55.5 0.00030000000000000003 0.5773502691896257
56.5 0.0002 0.7071067811865475
57.5 0.0002 0.7071067811865475
58.5 0.0002 0.7071067811865475
59.5 0.0 inf
60.5 0.0 inf
61.5 0.0 inf
62.5 0.0001 1.0
63.5 0.0 inf
64.5 0.0001 1.0
65.5 0.0 inf
66.5 0.0 inf
67.5 0.0 inf
68.5 0.0 inf
69.5 0.0 inf
70.5 0.0 inf
71.5 0.0 inf
72.5 0.0 inf
73.5 0.0 inf
74.5 0.0 inf
75.5 0.0 inf
76.5 0.0 inf
77.5 0.0 inf
78.5 0.0 inf
79.5 0.0 inf
80.5 0.0 inf
81.5 0.0 inf
82.5 0.0 inf
83.5 0.0 inf
84.5 0.0 inf
85.5 0.0 inf
86.5 0.0 inf
87.5 0.0 inf
88.5 0.0 inf
89.5 0.0 inf
90.5 0.0 inf
91.5 0.0 inf
92.5 0.0 inf
93.5 0.0 inf
94.5 0.0 inf
95.5 0.0 inf
96.5 0.0 inf
97.5 0.0 inf
