0.5 659511.0 0.001231371161363089
1.5 220731.0 0.002128473926934363
2.5 166002.0 0.0024543886829396207
3.5 115065.0 0.0029480061086287466
4.5 77317.0 0.0035963545686396015
5.5 54828.0 0.0042706973738428225
6.5 39435.0 0.005035691050292924
7.5 28870.0 0.005885408444598438
8.5 22197.0 0.006712014081927708
9.5 16512.0 0.007782160079558629
10.5 12765.0 0.008850943948189445
11.5 9541.0 0.01023771539340005
12.5 7655.0 0.011429504487431501
13.5 5807.0 0.0131227267869966
14.5 4672.0 0.014630143399516321
15.5 3658.0 0.016534008228581126
16.5 3078.0 0.018024602347862503
17.5 2304.0 0.020833333333333332
18.5 1686.0 0.024354051207174154
19.5 1399.0 0.02673567435205868
20.5 1135.0 0.02968260885977624
21.5 869.0 0.033922676577637915
22.5 653.0 0.03913302400974161
23.5 527.0 0.04356068418690321
24.5 425.0 0.048507125007266595
25.5 305.0 0.057259833431386825
26.5 240.0 0.06454972243679027
27.5 179.0 0.07474350927519359
28.5 141.0 0.0842151921066519
29.5 120.0 0.09128709291752768
30.5 85.0 0.10846522890932808
31.5 72.0 0.11785113019775793
32.5 52.0 0.1386750490563073
33.5 30.0 0.18257418583505536
34.5 35.0 0.1690308509457033
35.5 13.0 0.2773500981126146
36.5 14.0 0.2672612419124244
37.5 13.0 0.2773500981126146
38.5 5.0 0.4472135954999579
39.5 8.0 0.35355339059327373
40.5 4.0 0.5
41.5 4.0 0.5
42.5 3.0 0.5773502691896258
43.5 1.0 1.0
44.5 1.0 1.0
45.5 0.0 inf
46.5 2.0 0.7071067811865475
47.5 0.0 inf
48.5 1.0 1.0
49.5 0.0 inf
50.5 1.0 1.0
51.5 0.0 inf
52.5 0.0 inf
53.5 0.0 inf
54.5 0.0 inf
55.5 0.0 inf
56.5 0.0 inf
57.5 0.0 inf
58.5 0.0 inf
59.5 0.0 inf
60.5 0.0 inf
61.5 0.0 inf
62.5 0.0 inf
63.5 0.0 inf
64.5 0.0 inf
65.5 0.0 inf
66.5 0.0 inf
67.5 0.0 inf
68.5 0.0 inf
69.5 0.0 inf
70.5 0.0 inf
71.5 0.0 inf
72.5 0.0 inf
73.5 0.0 inf
74.5 0.0 inf
75.5 0.0 inf
76.5 0.0 inf
77.5 0.0 inf
78.5 0.0 inf
79.5 0.0 inf
80.5 0.0 inf
81.5 0.0 inf
82.5 0.0 inf
83.5 0.0 inf
84.5 0.0 inf
85.5 0.0 inf
86.5 0.0 inf
87.5 0.0 inf
88.5 0.0 inf
89.5 0.0 inf
90.5 0.0 inf
91.5 0.0 inf
92.5 0.0 inf
93.5 0.0 inf
94.5 0.0 inf
95.5 0.0 inf
96.5 0.0 inf
97.5 0.0 inf
