0.5 38.610299999999995 0.0016093422463288245
1.5 20.377200000000002 0.0022152755080189364
2.5 20.6721 0.0021994176273256896
3.5 18.9659 0.002296218818329756
4.5 16.6959 0.002447344362114869
5.5 15.0369 0.0025788188985781794
6.5 13.1903 0.0027534212724660578
7.5 11.6568 0.0029289390035941516
8.5 10.5275 0.003082033641967727
9.5 9.1205 0.003311240125262878
10.5 8.2228 0.0034873066374770385
11.5 7.22 0.003721614637823934
12.5 6.4058 0.003951057157872124
13.5 5.5958000000000006 0.004227356829801301
14.5 4.9277 0.0045048244348149455
15.5 4.2631 0.0048432539347823276
16.5 3.7866 0.005138960561234481
17.5 3.3098 0.0054966631641329405
18.5 2.8195 0.0059554413298157985
19.5 2.4027000000000003 0.006451344382513009
20.5 2.082 0.0069304213200490905
21.5 1.7683 0.0075200724818159145
22.5 1.4927000000000001 0.008184906706611886
23.5 1.2497 0.00894534541586328
24.5 1.0572 0.009725712398052934
25.5 0.8551 0.010814129022001837
26.5 0.708 0.011884567213538208
27.5 0.5711999999999999 0.013231403100624081
28.5 0.49770000000000003 0.014174775185418742
29.5 0.3953 0.015905106915879735
30.5 0.31689999999999996 0.017763922934727134
31.5 0.2598 0.019619160796573762
32.5 0.2047 0.02210248368512676
33.5 0.1578 0.025173668017796205
34.5 0.1291 0.027831516999568835
35.5 0.1032 0.031128640318234518
36.5 0.07550000000000001 0.03639372626234195
37.5 0.0658 0.038984058779272523
38.5 0.0471 0.04607756775840914
39.5 0.0395 0.05031546054266276
40.5 0.032100000000000004 0.05581455721859475
41.5 0.022 0.06741998624632421
42.5 0.018500000000000003 0.07352146220938077
43.5 0.0129 0.08804509063256238
44.5 0.0097 0.10153461651336192
45.5 0.0076 0.11470786693528087
46.5 0.0065 0.12403473458920847
47.5 0.0048000000000000004 0.14433756729740643
48.5 0.0024999999999999996 0.2
49.5 0.0022 0.21320071635561041
50.5 0.0012 0.2886751345948129
51.5 0.0011 0.30151134457776363
52.5 0.0009 0.3333333333333333
53.5 0.0008 0.35355339059327373
54.5 0.0007 0.3779644730092272
55.5 0.0005 0.4472135954999579
56.5 0.0 inf
57.5 0.0002 0.7071067811865475
58.5 0.0 inf
59.5 0.0 inf
60.5 0.0 inf
61.5 0.0 inf
62.5 0.0 inf
63.5 0.0 inf
64.5 0.0001 1.0
65.5 0.0 inf
66.5 0.0 inf
67.5 0.0 inf
68.5 0.0 inf
69.5 0.0 inf
70.5 0.0 inf
71.5 0.0 inf
72.5 0.0 inf
73.5 0.0 inf
74.5 0.0 inf
75.5 0.0 inf
76.5 0.0 inf
77.5 0.0 inf
78.5 0.0 inf
79.5 0.0 inf
80.5 0.0 inf
81.5 0.0 inf
82.5 0.0 inf
83.5 0.0 inf
84.5 0.0 inf
85.5 0.0 inf
86.5 0.0 inf
87.5 0.0 inf
88.5 0.0 inf
89.5 0.0 inf
90.5 0.0 inf
91.5 0.0 inf
92.5 0.0 inf
93.5 0.0 inf
94.5 0.0 inf
95.5 0.0 inf
96.5 0.0 inf
97.5 0.0 inf
