0.5 166275.0 0.002452372975925699
1.5 70495.0 0.0037663514467036305
2.5 60021.0 0.004081768657614695
3.5 46239.0 0.004650458610149795
4.5 34435.0 0.005388897911973965
5.5 26319.0 0.006164038008117974
6.5 20205.0 0.007035104819885454
7.5 15317.0 0.008080033173452295
8.5 12295.0 0.009018529567461117
9.5 9457.0 0.010283082153552779
10.5 7597.0 0.011473051335061166
11.5 5970.0 0.012942340885816991
12.5 4792.0 0.014445799916424692
13.5 3910.0 0.015992325525180033
14.5 3109.0 0.017934515097395496
15.5 2622.0 0.019529164171612677
16.5 1968.0 0.022541740866685808
17.5 1542.0 0.02546582868491811
18.5 1266.0 0.028104971365967134
19.5 980.0 0.031943828249996996
20.5 817.0 0.03498557142706598
21.5 613.0 0.04038961958610097
22.5 514.0 0.04410810913912309
23.5 439.0 0.047727395990334764
24.5 321.0 0.05581455721859476
25.5 221.0 0.06726727939963124
26.5 177.0 0.07516460280028289
27.5 146.0 0.0827605888602368
28.5 129.0 0.08804509063256238
29.5 97.0 0.10153461651336192
30.5 67.0 0.12216944435630522
31.5 48.0 0.14433756729740646
32.5 56.0 0.1336306209562122
33.5 28.0 0.1889822365046136
34.5 24.0 0.20412414523193154
35.5 11.0 0.30151134457776363
36.5 16.0 0.25
37.5 11.0 0.30151134457776363
38.5 6.0 0.4082482904638631
39.5 2.0 0.7071067811865475
40.5 0.0 inf
41.5 3.0 0.5773502691896258
42.5 2.0 0.7071067811865475
43.5 1.0 1.0
44.5 1.0 1.0
45.5 1.0 1.0
46.5 1.0 1.0
47.5 1.0 1.0
48.5 1.0 1.0
49.5 1.0 1.0
50.5 0.0 inf
51.5 0.0 inf
52.5 0.0 inf
53.5 0.0 inf
54.5 0.0 inf
55.5 0.0 inf
56.5 0.0 inf
57.5 0.0 inf
58.5 0.0 inf
59.5 0.0 inf
60.5 0.0 inf
61.5 0.0 inf
62.5 0.0 inf
63.5 0.0 inf
64.5 0.0 inf
65.5 0.0 inf
66.5 0.0 inf
67.5 0.0 inf
68.5 0.0 inf
69.5 0.0 inf
70.5 0.0 inf
71.5 0.0 inf
72.5 0.0 inf
73.5 0.0 inf
74.5 0.0 inf
75.5 0.0 inf
76.5 0.0 inf
77.5 0.0 inf
78.5 0.0 inf
79.5 0.0 inf
80.5 0.0 inf
81.5 0.0 inf
82.5 0.0 inf
83.5 0.0 inf
84.5 0.0 inf
85.5 0.0 inf
86.5 0.0 inf
87.5 0.0 inf
88.5 0.0 inf
89.5 0.0 inf
90.5 0.0 inf
91.5 0.0 inf
92.5 0.0 inf
93.5 0.0 inf
94.5 0.0 inf
95.5 0.0 inf
96.5 0.0 inf
97.5 0.0 inf
