0.5 9465767.0 0.0003250289874792888
1.5 1146809.0 0.0009338012559476779
2.5 635644.0 0.0012542757450140643
3.5 340362.0 0.0017140736020563596
4.5 194265.0 0.0022688339845270667
5.5 122267.0 0.002859863940633786
6.5 78866.0 0.0035608615877520482
7.5 54056.0 0.004301085214684212
8.5 38747.0 0.00508020173678441
9.5 27731.0 0.006005058389643429
10.5 20210.0 0.007034234515580784
11.5 14944.0 0.008180249887546105
12.5 11273.0 0.009418467564811421
13.5 8634.0 0.010762024535851131
14.5 6662.0 0.01225173757274804
15.5 5188.0 0.013883533620176643
16.5 3984.0 0.015843106263111948
17.5 3060.0 0.018077538151554683
18.5 2321.0 0.020756896976210092
19.5 1813.0 0.023485569615051043
20.5 1510.0 0.025734250632748937
21.5 1150.0 0.029488391230979426
22.5 839.0 0.034523833987986266
23.5 695.0 0.03793216209054408
24.5 469.0 0.04617570965396102
25.5 437.0 0.047836487323493986
26.5 328.0 0.05521576303742327
27.5 238.0 0.06482037235521644
28.5 205.0 0.06984302957695782
29.5 152.0 0.08111071056538127
30.5 102.0 0.09901475429766744
31.5 66.0 0.12309149097933272
32.5 65.0 0.12403473458920847
33.5 54.0 0.13608276348795434
34.5 29.0 0.18569533817705186
35.5 24.0 0.20412414523193154
36.5 21.0 0.2182178902359924
37.5 9.0 0.3333333333333333
38.5 6.0 0.4082482904638631
39.5 6.0 0.4082482904638631
40.5 8.0 0.35355339059327373
41.5 3.0 0.5773502691896258
42.5 3.0 0.5773502691896258
43.5 2.0 0.7071067811865475
44.5 2.0 0.7071067811865475
45.5 0.0 inf
46.5 0.0 inf
47.5 0.0 inf
48.5 0.0 inf
49.5 0.0 inf
50.5 0.0 inf
51.5 0.0 inf
52.5 0.0 inf
53.5 0.0 inf
54.5 0.0 inf
55.5 0.0 inf
56.5 0.0 inf
57.5 0.0 inf
58.5 0.0 inf
59.5 0.0 inf
60.5 0.0 inf
61.5 0.0 inf
62.5 0.0 inf
63.5 0.0 inf
64.5 0.0 inf
65.5 0.0 inf
66.5 0.0 inf
67.5 0.0 inf
68.5 0.0 inf
69.5 0.0 inf
70.5 0.0 inf
71.5 0.0 inf
72.5 0.0 inf
73.5 0.0 inf
74.5 0.0 inf
75.5 0.0 inf
76.5 0.0 inf
77.5 0.0 inf
78.5 0.0 inf
79.5 0.0 inf
80.5 0.0 inf
81.5 0.0 inf
82.5 0.0 inf
83.5 0.0 inf
84.5 0.0 inf
85.5 0.0 inf
86.5 0.0 inf
87.5 0.0 inf
88.5 0.0 inf
89.5 0.0 inf
90.5 0.0 inf
91.5 0.0 inf
92.5 0.0 inf
93.5 0.0 inf
94.5 0.0 inf
95.5 0.0 inf
96.5 0.0 inf
97.5 0.0 inf
