0.5 44.5694 0.0014978958109076444
1.5 23.967699999999997 0.0020426164257328185
2.5 24.2348 0.0020313290527713963
3.5 22.3568 0.0021149260139914005
4.5 19.7014 0.002252949492676007
5.5 17.7282 0.0023750222288276973
6.5 15.5493 0.002535972727119253
7.5 13.7721 0.0026946348127720233
8.5 12.3671 0.00284358401201636
9.5 10.906600000000001 0.0030279960700512346
10.5 9.753599999999999 0.003201971997366
11.5 8.5627 0.0034173907199676026
12.5 7.6068999999999996 0.0036257357307614437
13.5 6.6357 0.0038820098081663833
14.5 5.8988 0.004117353583179508
15.5 5.1231 0.004418080080097234
16.5 4.485099999999999 0.004721869006112166
17.5 3.935 0.005041126918647363
18.5 3.3472999999999997 0.005465786721543949
19.5 2.8575999999999997 0.005915606553503763
20.5 2.4782 0.006352312042988906
21.5 2.0855 0.006924603372241808
22.5 1.7588 0.00754035462820123
23.5 1.467 0.008256290076967833
24.5 1.2387000000000001 0.008984976202985103
25.5 1.0407 0.009802508390736344
26.5 0.8566 0.010804656513814232
27.5 0.6880999999999999 0.01205519448184304
28.5 0.5867 0.013055453308385664
29.5 0.4849 0.014360643727410752
30.5 0.37970000000000004 0.016228549384254828
31.5 0.3125 0.01788854381999832
32.5 0.2476 0.02009669677645352
33.5 0.19569999999999999 0.02260500394542122
34.5 0.1548 0.025416428388767447
35.5 0.1295 0.02778850071883642
36.5 0.0929 0.03280893574623933
37.5 0.0808 0.03517987723651459
38.5 0.056499999999999995 0.04207031619116713
39.5 0.0461 0.04657464328326223
40.5 0.034699999999999995 0.0536828127095019
41.5 0.0275 0.060302268915552716
42.5 0.0222 0.06711560552140243
43.5 0.0143 0.08362420100070908
44.5 0.011099999999999999 0.0949157995752499
45.5 0.0091 0.10482848367219183
46.5 0.0055 0.13483997249264842
47.5 0.0053 0.13736056394868904
48.5 0.0039 0.16012815380508713
49.5 0.002 0.22360679774997896
50.5 0.0013 0.2773500981126146
51.5 0.002 0.22360679774997896
52.5 0.0006 0.4082482904638631
53.5 0.001 0.31622776601683794
54.5 0.0007999999999999999 0.3535533905932738
55.5 0.0004 0.5
56.5 0.00030000000000000003 0.5773502691896257
57.5 0.00030000000000000003 0.5773502691896257
58.5 0.0001 1.0
59.5 0.0002 0.7071067811865475
60.5 0.0002 0.7071067811865475
61.5 0.0001 1.0
62.5 0.0001 1.0
63.5 0.0 inf
64.5 0.0 inf
65.5 0.0 inf
66.5 0.0 inf
67.5 0.0 inf
68.5 0.0 inf
69.5 0.0 inf
70.5 0.0 inf
71.5 0.0 inf
72.5 0.0 inf
73.5 0.0 inf
74.5 0.0 inf
75.5 0.0 inf
76.5 0.0 inf
77.5 0.0 inf
78.5 0.0 inf
79.5 0.0 inf
80.5 0.0 inf
81.5 0.0 inf
82.5 0.0 inf
83.5 0.0 inf
84.5 0.0 inf
85.5 0.0 inf
86.5 0.0 inf
87.5 0.0 inf
88.5 0.0 inf
89.5 0.0 inf
90.5 0.0 inf
91.5 0.0 inf
92.5 0.0 inf
93.5 0.0 inf
94.5 0.0 inf
95.5 0.0 inf
96.5 0.0 inf
97.5 0.0 inf
