0.5 27823.0 0.005995121955285211
1.5 13820.0 0.00850640347883392
2.5 13094.0 0.008739042103172076
3.5 10988.0 0.00953983085648246
4.5 8839.0 0.010636492373862397
5.5 7439.0 0.011594251603763732
6.5 5910.0 0.013007872144692095
7.5 4865.0 0.01433700965465308
8.5 4198.0 0.01543401019811821
9.5 3342.0 0.017298035227761382
10.5 2790.0 0.01893206114156883
11.5 2361.0 0.020580314465491474
12.5 1985.0 0.02244500696216168
13.5 1584.0 0.025125945381480302
14.5 1280.0 0.02795084971874737
15.5 1097.0 0.03019233393195842
16.5 889.0 0.033538923545276884
17.5 767.0 0.036107907233705945
18.5 578.0 0.04159451654038515
19.5 481.0 0.04559607525875532
20.5 356.0 0.052999894000318
21.5 342.0 0.05407380704358752
22.5 269.0 0.06097107608496923
23.5 207.0 0.06950480468569159
24.5 155.0 0.08032193289024989
25.5 144.0 0.08333333333333333
26.5 98.0 0.10101525445522107
27.5 77.0 0.11396057645963795
28.5 78.0 0.11322770341445956
29.5 58.0 0.13130643285972254
30.5 29.0 0.18569533817705186
31.5 29.0 0.18569533817705186
32.5 21.0 0.2182178902359924
33.5 18.0 0.23570226039551587
34.5 13.0 0.2773500981126146
35.5 7.0 0.3779644730092272
36.5 7.0 0.3779644730092272
37.5 4.0 0.5
38.5 2.0 0.7071067811865475
39.5 0.0 inf
40.5 0.0 inf
41.5 0.0 inf
42.5 3.0 0.5773502691896258
43.5 0.0 inf
44.5 2.0 0.7071067811865475
45.5 0.0 inf
46.5 0.0 inf
47.5 0.0 inf
48.5 0.0 inf
49.5 0.0 inf
50.5 0.0 inf
51.5 0.0 inf
52.5 0.0 inf
53.5 0.0 inf
54.5 0.0 inf
55.5 0.0 inf
56.5 0.0 inf
57.5 0.0 inf
58.5 0.0 inf
59.5 0.0 inf
60.5 0.0 inf
61.5 0.0 inf
62.5 0.0 inf
63.5 0.0 inf
64.5 0.0 inf
65.5 0.0 inf
66.5 0.0 inf
67.5 0.0 inf
68.5 0.0 inf
69.5 0.0 inf
70.5 0.0 inf
71.5 0.0 inf
72.5 0.0 inf
73.5 0.0 inf
74.5 0.0 inf
75.5 0.0 inf
76.5 0.0 inf
77.5 0.0 inf
78.5 0.0 inf
79.5 0.0 inf
80.5 0.0 inf
81.5 0.0 inf
82.5 0.0 inf
83.5 0.0 inf
84.5 0.0 inf
85.5 0.0 inf
86.5 0.0 inf
87.5 0.0 inf
88.5 0.0 inf
89.5 0.0 inf
90.5 0.0 inf
91.5 0.0 inf
92.5 0.0 inf
93.5 0.0 inf
94.5 0.0 inf
95.5 0.0 inf
96.5 0.0 inf
97.5 0.0 inf
