0.5 40.9584 0.0015625305184722236
1.5 21.7376 0.002144836558528398
2.5 22.073500000000003 0.002128454641514564
3.5 20.3035 0.00221929249801935
4.5 17.930999999999997 0.002361553260419035
5.5 16.0766 0.002494037027277302
6.5 14.0964 0.0026634582441085104
7.5 12.6039 0.002816744958007183
8.5 11.254999999999999 0.002980761652104177
9.5 9.801400000000001 0.003194154679241811
10.5 8.7966 0.003371650716857802
11.5 7.7493 0.0035922682756694686
12.5 6.8502 0.0038207478225710024
13.5 6.0263 0.004073564770618946
14.5 5.3301 0.004331440185785537
15.5 4.5992 0.004662929530965453
16.5 4.0639 0.004960534718904617
17.5 3.5464 0.005310142073689755
18.5 3.022 0.005752448907335233
19.5 2.5996 0.006202213841183978
20.5 2.2286 0.006698598330975572
21.5 1.9254 0.0072067509871074
22.5 1.5908 0.007928521511404356
23.5 1.3321 0.008664262186204256
24.5 1.1229 0.009436902305441697
25.5 0.9278 0.01038180377085495
26.5 0.7632000000000001 0.011446713662390752
27.5 0.6267 0.012631942864537917
28.5 0.5269 0.013776404967894862
29.5 0.42969999999999997 0.015255179536022703
30.5 0.353 0.016831105696898524
31.5 0.2944 0.018430244519362142
32.5 0.213 0.021667569500871973
33.5 0.1835 0.023344359662783535
34.5 0.1335 0.027369027575198667
35.5 0.1089 0.030303030303030304
36.5 0.08499999999999999 0.03429971702850177
37.5 0.0716 0.037371754637596795
38.5 0.0545 0.042835293687811936
39.5 0.0419 0.04885319687460315
40.5 0.0303 0.0574484989621426
41.5 0.0233 0.06551217820804184
42.5 0.021400000000000002 0.06835859270246632
43.5 0.0122 0.09053574604251853
44.5 0.0101 0.09950371902099892
45.5 0.0078000000000000005 0.11322770341445956
46.5 0.0063 0.1259881576697424
47.5 0.0044 0.15075567228888181
48.5 0.0028 0.1889822365046136
49.5 0.0031000000000000003 0.17960530202677488
50.5 0.0017 0.24253562503633297
51.5 0.0013 0.2773500981126146
52.5 0.0007 0.3779644730092272
53.5 0.0007 0.3779644730092272
54.5 0.0004 0.5
55.5 0.0005 0.4472135954999579
56.5 0.0005 0.4472135954999579
57.5 0.0002 0.7071067811865475
58.5 0.0001 1.0
59.5 0.0001 1.0
60.5 0.0001 1.0
61.5 0.0 inf
62.5 0.0 inf
63.5 0.0 inf
64.5 0.0001 1.0
65.5 0.0001 1.0
66.5 0.0 inf
67.5 0.0 inf
68.5 0.0 inf
69.5 0.0 inf
70.5 0.0 inf
71.5 0.0 inf
72.5 0.0001 1.0
73.5 0.0 inf
74.5 0.0 inf
75.5 0.0 inf
76.5 0.0 inf
77.5 0.0 inf
78.5 0.0 inf
79.5 0.0 inf
80.5 0.0 inf
81.5 0.0 inf
82.5 0.0 inf
83.5 0.0 inf
84.5 0.0 inf
85.5 0.0 inf
86.5 0.0 inf
87.5 0.0 inf
88.5 0.0 inf
89.5 0.0 inf
90.5 0.0 inf
91.5 0.0 inf
92.5 0.0 inf
93.5 0.0 inf
94.5 0.0 inf
95.5 0.0 inf
96.5 0.0 inf
97.5 0.0 inf
