0.5 531304.0 0.0013719189571483662
1.5 186610.0 0.002314901645101527
2.5 143291.0 0.0026417428656281233
3.5 100675.0 0.0031516587014065274
4.5 69331.0 0.003797836533004629
5.5 50119.0 0.004466823593899221
6.5 36307.0 0.005248132816891572
7.5 26596.0 0.006131854453871617
8.5 20262.0 0.007025202456079774
9.5 15171.0 0.008118819680861786
10.5 12028.0 0.009118077732527565
11.5 9052.0 0.010510605295860623
12.5 7142.0 0.011832869559673255
13.5 5423.0 0.013579388009784003
14.5 4477.0 0.01494536248230521
15.5 3414.0 0.01711465865025371
16.5 2789.0 0.018935454896394255
17.5 2244.0 0.021110016546037454
18.5 1700.0 0.024253562503633298
19.5 1346.0 0.027256963340035873
20.5 1061.0 0.03070027799227584
21.5 803.0 0.035289233662029275
22.5 678.0 0.03840476863212843
23.5 529.0 0.043478260869565216
24.5 369.0 0.052057920629535355
25.5 285.0 0.05923488777590923
26.5 226.0 0.06651901052377393
27.5 202.0 0.07035975447302918
28.5 164.0 0.07808688094430304
29.5 110.0 0.09534625892455924
30.5 85.0 0.10846522890932808
31.5 63.0 0.1259881576697424
32.5 47.0 0.14586499149789456
33.5 31.0 0.1796053020267749
34.5 31.0 0.1796053020267749
35.5 17.0 0.24253562503633297
36.5 13.0 0.2773500981126146
37.5 15.0 0.2581988897471611
38.5 6.0 0.4082482904638631
39.5 5.0 0.4472135954999579
40.5 5.0 0.4472135954999579
41.5 3.0 0.5773502691896258
42.5 2.0 0.7071067811865475
43.5 2.0 0.7071067811865475
44.5 1.0 1.0
45.5 0.0 inf
46.5 0.0 inf
47.5 0.0 inf
48.5 0.0 inf
49.5 0.0 inf
50.5 0.0 inf
51.5 0.0 inf
52.5 0.0 inf
53.5 0.0 inf
54.5 1.0 1.0
55.5 0.0 inf
56.5 0.0 inf
57.5 0.0 inf
58.5 0.0 inf
59.5 0.0 inf
60.5 0.0 inf
61.5 0.0 inf
62.5 0.0 inf
63.5 0.0 inf
64.5 0.0 inf
65.5 0.0 inf
66.5 0.0 inf
67.5 0.0 inf
68.5 0.0 inf
69.5 0.0 inf
70.5 0.0 inf
71.5 0.0 inf
72.5 0.0 inf
73.5 0.0 inf
74.5 0.0 inf
75.5 0.0 inf
76.5 0.0 inf
77.5 0.0 inf
78.5 0.0 inf
79.5 0.0 inf
80.5 0.0 inf
81.5 0.0 inf
82.5 0.0 inf
83.5 0.0 inf
84.5 0.0 inf
85.5 0.0 inf
86.5 0.0 inf
87.5 0.0 inf
88.5 0.0 inf
89.5 0.0 inf
90.5 0.0 inf
91.5 0.0 inf
92.5 0.0 inf
93.5 0.0 inf
94.5 0.0 inf
95.5 0.0 inf
96.5 0.0 inf
97.5 0.0 inf
