0.5 2073573.0 0.0006944489656112817
1.5 502733.0 0.0014103642896324746
2.5 332200.0 0.0017350028237193935
3.5 204190.0 0.002213006886766432
4.5 128315.0 0.002791652042034771
5.5 85699.0 0.0034159548582088743
6.5 57967.0 0.004153455747354146
7.5 41231.0 0.004924793964781373
8.5 30131.0 0.00576093834431649
9.5 22054.0 0.0067337395546839115
10.5 16571.0 0.007768293781047555
11.5 12548.0 0.008927148208441472
12.5 9639.0 0.010185538855869014
13.5 7336.0 0.01167536156235761
14.5 5661.0 0.013290870380481665
15.5 4424.0 0.015034619483106592
16.5 3607.0 0.01665048655513923
17.5 2608.0 0.019581511249698935
18.5 2103.0 0.02180621871193172
19.5 1666.0 0.024499797877501263
20.5 1287.0 0.027874733666903025
21.5 1003.0 0.03157544889753363
22.5 838.0 0.03454442679267334
23.5 625.0 0.04
24.5 457.0 0.0467780269724988
25.5 333.0 0.0547996624351191
26.5 266.0 0.06131393394849658
27.5 235.0 0.06523280730534423
28.5 171.0 0.07647191129018725
29.5 121.0 0.09090909090909091
30.5 85.0 0.10846522890932808
31.5 84.0 0.1091089451179962
32.5 60.0 0.12909944487358055
33.5 36.0 0.16666666666666666
34.5 37.0 0.1643989873053573
35.5 17.0 0.24253562503633297
36.5 20.0 0.22360679774997896
37.5 5.0 0.4472135954999579
38.5 7.0 0.3779644730092272
39.5 12.0 0.2886751345948129
40.5 3.0 0.5773502691896258
41.5 3.0 0.5773502691896258
42.5 4.0 0.5
43.5 0.0 inf
44.5 0.0 inf
45.5 0.0 inf
46.5 2.0 0.7071067811865475
47.5 0.0 inf
48.5 0.0 inf
49.5 1.0 1.0
50.5 0.0 inf
51.5 0.0 inf
52.5 1.0 1.0
53.5 0.0 inf
54.5 0.0 inf
55.5 0.0 inf
56.5 0.0 inf
57.5 0.0 inf
58.5 0.0 inf
59.5 0.0 inf
60.5 0.0 inf
61.5 0.0 inf
62.5 0.0 inf
63.5 0.0 inf
64.5 0.0 inf
65.5 0.0 inf
66.5 0.0 inf
67.5 0.0 inf
68.5 0.0 inf
69.5 0.0 inf
70.5 0.0 inf
71.5 0.0 inf
72.5 0.0 inf
73.5 0.0 inf
74.5 0.0 inf
75.5 0.0 inf
76.5 0.0 inf
77.5 0.0 inf
78.5 0.0 inf
79.5 0.0 inf
80.5 0.0 inf
81.5 0.0 inf
82.5 0.0 inf
83.5 0.0 inf
84.5 0.0 inf
85.5 0.0 inf
86.5 0.0 inf
87.5 0.0 inf
88.5 0.0 inf
89.5 0.0 inf
90.5 0.0 inf
91.5 0.0 inf
92.5 0.0 inf
93.5 0.0 inf
94.5 0.0 inf
95.5 0.0 inf
96.5 0.0 inf
97.5 0.0 inf
