0.5 39.945899999999995 0.0015822091610574675
1.5 21.246 0.0021695087768577146
2.5 21.4234 0.002160507616452546
3.5 19.8402 0.0022450549595619965
4.5 17.372300000000003 0.0023992269976183707
5.5 15.6501 0.0025277926198259346
6.5 13.6921 0.002702495433791565
7.5 12.184899999999999 0.0028647650873994566
8.5 10.8977 0.0030292322788391932
9.5 9.5808 0.0032307184572733976
10.5 8.5599 0.0034179495998405015
11.5 7.4982 0.0036519219736349372
12.5 6.6494 0.003878008623351219
13.5 5.8781 0.004124596937013666
14.5 5.1655 0.004399910242746562
15.5 4.4841 0.004722395489216829
16.5 3.9322 0.0050429214158147564
17.5 3.4032999999999998 0.005420631482891737
18.5 2.9330999999999996 0.005838974317762947
19.5 2.5134 0.006307673347377252
20.5 2.1788999999999996 0.006774564009441027
21.5 1.8261 0.007400102270120065
22.5 1.5463 0.008041797298068665
23.5 1.291 0.0088010984456333
24.5 1.087 0.009591471219119312
25.5 0.8874 0.010615495921641366
26.5 0.7607999999999999 0.011464754199451381
27.5 0.6075999999999999 0.012828950144769636
28.5 0.5028 0.014102703183162956
29.5 0.4182 0.015463506661142748
30.5 0.3423 0.017092144290166606
31.5 0.27470000000000006 0.019079661712964918
32.5 0.20500000000000002 0.022086305214969307
33.5 0.1755 0.02387049580131443
34.5 0.1323 0.02749286996141075
35.5 0.1015 0.03138824102871722
36.5 0.08349999999999999 0.03460642701029914
37.5 0.065 0.03922322702763681
38.5 0.050100000000000006 0.04467670516087703
39.5 0.0374 0.051708768999501914
40.5 0.0314 0.05643326479831003
41.5 0.022699999999999998 0.0663723311599972
42.5 0.0201 0.07053456158585983
43.5 0.010499999999999999 0.09759000729485333
44.5 0.0121 0.09090909090909091
45.5 0.0092 0.10425720702853739
46.5 0.0058 0.13130643285972257
47.5 0.0054 0.13608276348795434
48.5 0.0034 0.17149858514250882
49.5 0.0019000000000000002 0.22941573387056174
50.5 0.0014 0.2672612419124244
51.5 0.0017000000000000001 0.24253562503633297
52.5 0.0007 0.3779644730092272
53.5 0.0006000000000000001 0.40824829046386296
54.5 0.0005 0.4472135954999579
55.5 0.0002 0.7071067811865475
56.5 0.0002 0.7071067811865475
57.5 0.0 inf
58.5 0.0001 1.0
59.5 0.0 inf
60.5 0.0001 1.0
61.5 0.0 inf
62.5 0.0 inf
63.5 0.0 inf
64.5 0.0 inf
65.5 0.0 inf
66.5 0.0 inf
67.5 0.0 inf
68.5 0.0 inf
69.5 0.0 inf
70.5 0.0 inf
71.5 0.0 inf
72.5 0.0 inf
73.5 0.0 inf
74.5 0.0 inf
75.5 0.0 inf
76.5 0.0 inf
77.5 0.0 inf
78.5 0.0 inf
79.5 0.0 inf
80.5 0.0 inf
81.5 0.0 inf
82.5 0.0 inf
83.5 0.0 inf
84.5 0.0 inf
85.5 0.0 inf
86.5 0.0 inf
87.5 0.0 inf
88.5 0.0 inf
89.5 0.0 inf
90.5 0.0 inf
91.5 0.0 inf
92.5 0.0 inf
93.5 0.0 inf
94.5 0.0 inf
95.5 0.0 inf
96.5 0.0 inf
97.5 0.0 inf
