0.5 38.4788 0.0016120898372798008
1.5 20.3489 0.0022168154073469613
2.5 20.565 0.0022051373388520747
3.5 18.8562 0.0023028885052914943
4.5 16.6855 0.0024481069528826537
5.5 14.980599999999999 0.0025836602049684205
6.5 13.1284 0.0027599047871351232
7.5 11.6415 0.00293086307061624
8.5 10.4094 0.003099467959999041
9.5 9.0869 0.0033173563480932886
10.5 8.2085 0.0034903429282051855
11.5 7.1319 0.003744530543979849
12.5 6.424899999999999 0.003945179917671064
13.5 5.5828 0.004232275838526521
14.5 4.946199999999999 0.004496391968939606
15.5 4.269500000000001 0.004839622543519569
16.5 3.793 0.005134623198591176
17.5 3.3038999999999996 0.005501568858513071
18.5 2.7956 0.005980844128924557
19.5 2.3907 0.006467515217212136
20.5 2.0701 0.006950312588650084
21.5 1.7893 0.0074758128215662994
22.5 1.4828999999999999 0.008211907852333965
23.5 1.2254 0.009033604275263361
24.5 1.0354 0.009827564880753332
25.5 0.8431 0.010890816868582367
26.5 0.7021 0.011934397902586083
27.5 0.5812999999999999 0.01311595260081672
28.5 0.5028 0.014102703183162956
29.5 0.3992 0.01582722344582296
30.5 0.3262 0.017508866108269325
31.5 0.2595 0.01963049807622355
32.5 0.2049 0.022091694090300196
33.5 0.15899999999999997 0.02507849312877596
34.5 0.123 0.028513297425610054
35.5 0.1053 0.030816677568068284
36.5 0.0776 0.03589790793088691
37.5 0.0644 0.03940552031195503
38.5 0.0451 0.04708816093480111
39.5 0.036699999999999997 0.052199575097188054
40.5 0.0259 0.062136976600120006
41.5 0.0233 0.06551217820804184
42.5 0.0137 0.0854357657716761
43.5 0.0112 0.0944911182523068
44.5 0.0107 0.09667364890456635
45.5 0.0066 0.12309149097933272
46.5 0.0055 0.13483997249264842
47.5 0.0053 0.13736056394868904
48.5 0.0038 0.16222142113076254
49.5 0.0033 0.17407765595569785
50.5 0.002 0.22360679774997896
51.5 0.0016 0.25
52.5 0.0006000000000000001 0.40824829046386296
53.5 0.0007 0.3779644730092272
54.5 0.0002 0.7071067811865475
55.5 0.0002 0.7071067811865475
56.5 0.0 inf
57.5 0.0 inf
58.5 0.0001 1.0
59.5 0.0 inf
60.5 0.0 inf
61.5 0.0 inf
62.5 0.0 inf
63.5 0.0 inf
64.5 0.0 inf
65.5 0.0 inf
66.5 0.0 inf
67.5 0.0 inf
68.5 0.0 inf
69.5 0.0 inf
70.5 0.0 inf
71.5 0.0 inf
72.5 0.0 inf
73.5 0.0 inf
74.5 0.0 inf
75.5 0.0 inf
76.5 0.0 inf
77.5 0.0 inf
78.5 0.0 inf
79.5 0.0 inf
80.5 0.0 inf
81.5 0.0 inf
82.5 0.0 inf
83.5 0.0 inf
84.5 0.0 inf
85.5 0.0 inf
86.5 0.0 inf
87.5 0.0 inf
88.5 0.0 inf
89.5 0.0 inf
90.5 0.0 inf
91.5 0.0 inf
92.5 0.0 inf
93.5 0.0 inf
94.5 0.0 inf
95.5 0.0 inf
96.5 0.0 inf
97.5 0.0 inf
