0.5 38.4716 0.0016122406823682754
1.5 20.3215 0.002218309398474031
2.5 20.5487 0.0022060117643259098
3.5 18.907400000000003 0.0022997683559996627
4.5 16.6166 0.0024531771862698654
5.5 14.8813 0.002592266001873062
6.5 13.1522 0.002757406517765704
7.5 11.604 0.002935595004128825
8.5 10.4604 0.0030919029524774104
9.5 9.0981 0.0033153138429191367
10.5 8.136 0.003505859682597261
11.5 7.1841 0.003730901776720748
12.5 6.4274000000000004 0.003944412584919609
13.5 5.615 0.004220123102786389
14.5 4.9104 0.00451275300894902
15.5 4.2707 0.004838942566575854
16.5 3.7637 0.00515457069645476
17.5 3.2754000000000003 0.005525452218061498
18.5 2.7809 0.0059966308399360515
19.5 2.3758 0.006487764261143748
20.5 2.059 0.0069690218584061835
21.5 1.7454 0.007569244155607655
22.5 1.4642 0.00826418058740938
23.5 1.2492999999999999 0.008946777358471438
24.5 1.0413000000000001 0.009799683867297578
25.5 0.8518 0.010835056545328018
26.5 0.7173 0.011807272449596909
27.5 0.571 0.013233720131217206
28.5 0.5028 0.014102703183162956
29.5 0.3992 0.01582722344582296
30.5 0.32789999999999997 0.017463419703837035
31.5 0.2464 0.020145574100634507
32.5 0.2053 0.02207016221959901
33.5 0.1638 0.024708310555370042
34.5 0.13169999999999998 0.027555424922739644
35.5 0.1013 0.03141921118033474
36.5 0.0844 0.034421419541075714
37.5 0.0605 0.040655781409087086
38.5 0.0472 0.04602873089491617
39.5 0.0393 0.050443327230531826
40.5 0.0291 0.05862103817605492
41.5 0.0208 0.06933752452815364
42.5 0.0172 0.07624928516630233
43.5 0.0133 0.086710996952412
44.5 0.0106 0.09712858623572641
45.5 0.0095 0.10259783520851541
46.5 0.0047 0.14586499149789456
47.5 0.0034000000000000002 0.17149858514250882
48.5 0.0029 0.18569533817705186
49.5 0.0024000000000000002 0.20412414523193148
50.5 0.0015 0.2581988897471611
51.5 0.0015999999999999999 0.25000000000000006
52.5 0.0009 0.3333333333333333
53.5 0.0004 0.5
54.5 0.00030000000000000003 0.5773502691896257
55.5 0.0003 0.5773502691896258
56.5 0.0001 1.0
57.5 0.00030000000000000003 0.5773502691896257
58.5 0.0001 1.0
59.5 0.0 inf
60.5 0.0 inf
61.5 0.0001 1.0
62.5 0.0 inf
63.5 0.0 inf
64.5 0.0 inf
65.5 0.0 inf
66.5 0.0 inf
67.5 0.0 inf
68.5 0.0 inf
69.5 0.0 inf
70.5 0.0 inf
71.5 0.0 inf
72.5 0.0 inf
73.5 0.0 inf
74.5 0.0 inf
75.5 0.0 inf
76.5 0.0 inf
77.5 0.0 inf
78.5 0.0 inf
79.5 0.0 inf
80.5 0.0 inf
81.5 0.0 inf
82.5 0.0 inf
83.5 0.0 inf
84.5 0.0 inf
85.5 0.0 inf
86.5 0.0 inf
87.5 0.0 inf
88.5 0.0 inf
89.5 0.0 inf
90.5 0.0 inf
91.5 0.0 inf
92.5 0.0 inf
93.5 0.0 inf
94.5 0.0 inf
95.5 0.0 inf
96.5 0.0 inf
97.5 0.0 inf
