0.5 38.5559 0.001610477187526943
1.5 20.3981 0.002214140325727136
2.5 20.5924 0.002203669785889511
3.5 18.9645 0.002296303572660709
4.5 16.6687 0.0024493403375793056
5.5 14.9224 0.0025886936678396802
6.5 13.170100000000001 0.00275553203089659
7.5 11.6797 0.002926066258050275
8.5 10.4411 0.0030947592691611204
9.5 9.119299999999999 0.0033114579795632108
10.5 8.220600000000001 0.0034877732434042373
11.5 7.1388 0.003742720470366838
12.5 6.4704 0.003931284148265243
13.5 5.5878 0.004230381880694557
14.5 4.942 0.004498302211312381
15.5 4.2883 0.004829002386003425
16.5 3.7516999999999996 0.005162807691129973
17.5 3.3120000000000003 0.005494837278298225
18.5 2.7953 0.005981165061400517
19.5 2.4362000000000004 0.00640683486936132
20.5 2.0478 0.006988053651574864
21.5 1.7478 0.007564045498294097
22.5 1.4896 0.008193419066805777
23.5 1.2608000000000001 0.008905881248488704
24.5 1.0495 0.009761325131264032
25.5 0.8456 0.010874705707258892
26.5 0.726 0.011736313170325505
27.5 0.5809 0.013120467558816476
28.5 0.5047 0.014076132545204187
29.5 0.3867 0.01608099489117326
30.5 0.3222 0.01761721408605633
31.5 0.2626 0.019514284806274117
32.5 0.199 0.022416791983111015
33.5 0.1622 0.024829877392851134
34.5 0.12490000000000001 0.028295591748714637
35.5 0.1032 0.031128640318234518
36.5 0.07669999999999999 0.036107907233705945
37.5 0.06520000000000001 0.03916302249939786
38.5 0.0495 0.044946657497549475
39.5 0.0351 0.05337605126836238
40.5 0.027 0.06085806194501846
41.5 0.0205 0.06984302957695782
42.5 0.0196 0.07142857142857142
43.5 0.0139 0.08481889296799709
44.5 0.009500000000000001 0.1025978352085154
45.5 0.006999999999999999 0.11952286093343939
46.5 0.0043 0.15249857033260467
47.5 0.0043 0.15249857033260467
48.5 0.0034999999999999996 0.16903085094570333
49.5 0.0025 0.2
50.5 0.0021999999999999997 0.21320071635561047
51.5 0.001 0.31622776601683794
52.5 0.0007999999999999999 0.3535533905932738
53.5 0.0009 0.3333333333333333
54.5 0.0002 0.7071067811865475
55.5 0.00039999999999999996 0.5000000000000001
56.5 0.0002 0.7071067811865475
57.5 0.00030000000000000003 0.5773502691896257
58.5 0.0 inf
59.5 0.0001 1.0
60.5 0.0 inf
61.5 0.0 inf
62.5 0.0 inf
63.5 0.0 inf
64.5 0.0 inf
65.5 0.0 inf
66.5 0.0001 1.0
67.5 0.0 inf
68.5 0.0 inf
69.5 0.0 inf
70.5 0.0 inf
71.5 0.0 inf
72.5 0.0 inf
73.5 0.0 inf
74.5 0.0 inf
75.5 0.0 inf
76.5 0.0 inf
77.5 0.0 inf
78.5 0.0 inf
79.5 0.0 inf
80.5 0.0 inf
81.5 0.0 inf
82.5 0.0 inf
83.5 0.0 inf
84.5 0.0 inf
85.5 0.0 inf
86.5 0.0 inf
87.5 0.0 inf
88.5 0.0 inf
89.5 0.0 inf
90.5 0.0 inf
91.5 0.0 inf
92.5 0.0 inf
93.5 0.0 inf
94.5 0.0 inf
95.5 0.0 inf
96.5 0.0 inf
97.5 0.0 inf
