0.5 38.512299999999996 0.0016113885449816202
1.5 20.317700000000002 0.002218516832918067
2.5 20.482599999999998 0.002209568439849987
3.5 18.8963 0.0023004437178705977
4.5 16.688499999999998 0.002447886901621295
5.5 14.976500000000001 0.002584013835053831
6.5 13.0676 0.0027663178805594477
7.5 11.670200000000001 0.002927256982059418
8.5 10.4317 0.003096153298258424
9.5 9.110600000000002 0.003313038710244204
10.5 8.175 0.003497487083913345
11.5 7.1586 0.0037375408836649564
12.5 6.357200000000001 0.003966131072422381
13.5 5.5964 0.00422713021250403
14.5 4.9197 0.004508485629262719
15.5 4.2931 0.004826302041952382
16.5 3.7976 0.0051315124940011754
17.5 3.2587 0.005539592386306584
18.5 2.8133 0.00596200007138899
19.5 2.4085 0.006443571837072527
20.5 2.0394 0.007002430265026127
21.5 1.7408000000000001 0.007579238282385405
22.5 1.4745 0.008235265621967563
23.5 1.2450999999999999 0.008961854392360294
24.5 1.0539 0.009740927203113392
25.5 0.8519 0.010834420591898543
26.5 0.7176 0.01180480411624714
27.5 0.5785 0.01314765557117125
28.5 0.4898 0.014288630630398279
29.5 0.39480000000000004 0.015915175351980757
30.5 0.3129 0.01787710613096452
31.5 0.2505 0.019980029950087342
32.5 0.2059 0.022037982136063
33.5 0.1577 0.025181648258293953
34.5 0.1243 0.02836380138986998
35.5 0.1066 0.03062819459158444
36.5 0.08130000000000001 0.035071531191594715
37.5 0.062 0.04016096644512494
38.5 0.0508 0.04436782547080569
39.5 0.0412 0.04926646390821466
40.5 0.0294 0.05832118435198043
41.5 0.0241 0.06441566264008308
42.5 0.0171 0.07647191129018725
43.5 0.012 0.09128709291752768
44.5 0.0088 0.10660035817780521
45.5 0.009000000000000001 0.10540925533894598
46.5 0.0057 0.13245323570650439
47.5 0.004 0.15811388300841897
48.5 0.0029 0.18569533817705186
49.5 0.0029 0.18569533817705186
50.5 0.0021000000000000003 0.21821789023599233
51.5 0.0013 0.2773500981126146
52.5 0.0007999999999999999 0.3535533905932738
53.5 0.0006 0.4082482904638631
54.5 0.00030000000000000003 0.5773502691896257
55.5 0.0005 0.4472135954999579
56.5 0.0002 0.7071067811865475
57.5 0.0 inf
58.5 0.0001 1.0
59.5 0.0 inf
60.5 0.0 inf
61.5 0.0 inf
62.5 0.0001 1.0
63.5 0.0 inf
64.5 0.0 inf
65.5 0.0 inf
66.5 0.0 inf
67.5 0.0 inf
68.5 0.0 inf
69.5 0.0 inf
70.5 0.0 inf
71.5 0.0 inf
72.5 0.0 inf
73.5 0.0 inf
74.5 0.0 inf
75.5 0.0 inf
76.5 0.0 inf
77.5 0.0 inf
78.5 0.0 inf
79.5 0.0 inf
80.5 0.0 inf
81.5 0.0 inf
82.5 0.0 inf
83.5 0.0 inf
84.5 0.0 inf
85.5 0.0 inf
86.5 0.0 inf
87.5 0.0 inf
88.5 0.0 inf
89.5 0.0 inf
90.5 0.0 inf
91.5 0.0 inf
92.5 0.0 inf
93.5 0.0 inf
94.5 0.0 inf
95.5 0.0 inf
96.5 0.0 inf
97.5 0.0 inf
