0.5 38.4875 0.001611907622609285
1.5 20.2926 0.002219888455183486
2.5 20.566499999999998 0.002205056922487559
3.5 19.0113 0.0022934754329109646
4.5 16.6056 0.0024539895773198093
5.5 14.914200000000001 0.002589405216938052
6.5 13.0883 0.0027641294588677517
7.5 11.6251 0.002932929685702858
8.5 10.3935 0.0031018378405596606
9.5 9.1531 0.003305338151282938
10.5 8.1756 0.00349735874282808
11.5 7.1661 0.003735584527007535
12.5 6.391500000000001 0.003955474630302428
13.5 5.6091999999999995 0.004222304375511522
14.5 4.9548000000000005 0.0044924881014925516
15.5 4.25 0.004850712500726659
16.5 3.7614 0.005156146399759377
17.5 3.2696 0.005530350894199024
18.5 2.7933000000000003 0.005983305932347949
19.5 2.394 0.006463056119412344
20.5 2.0625 0.006963106238227913
21.5 1.7574999999999998 0.007543142864047143
22.5 1.4872 0.008200027552138863
23.5 1.2631999999999999 0.00889741692097981
24.5 1.0423 0.009794981749149948
25.5 0.8407 0.010906351145160073
26.5 0.7121999999999999 0.011849472443606932
27.5 0.5732 0.013208299532971179
28.5 0.5 0.01414213562373095
29.5 0.395 0.0159111456835146
30.5 0.3204 0.017666631333439334
31.5 0.255 0.019802950859533486
32.5 0.2119 0.02172373626518906
33.5 0.1632 0.024753688574416854
34.5 0.12409999999999999 0.02838664779018298
35.5 0.1038 0.03103854276221004
36.5 0.07569999999999999 0.0363456182092407
37.5 0.06570000000000001 0.039013715732043514
38.5 0.0514 0.04410810913912309
39.5 0.038400000000000004 0.05103103630798287
40.5 0.026099999999999998 0.061898446059017294
41.5 0.0233 0.06551217820804184
42.5 0.0168 0.07715167498104596
43.5 0.0112 0.0944911182523068
44.5 0.0087 0.10721125348377948
45.5 0.0071 0.11867816581938533
46.5 0.0049 0.14285714285714285
47.5 0.0058 0.13130643285972257
48.5 0.004 0.15811388300841897
49.5 0.003 0.18257418583505536
50.5 0.0015999999999999999 0.25000000000000006
51.5 0.0009 0.3333333333333333
52.5 0.0007999999999999999 0.3535533905932738
53.5 0.0007999999999999999 0.3535533905932738
54.5 0.00039999999999999996 0.5000000000000001
55.5 0.0004 0.5
56.5 0.0002 0.7071067811865475
57.5 0.0005 0.4472135954999579
58.5 0.00030000000000000003 0.5773502691896257
59.5 0.0 inf
60.5 0.0001 1.0
61.5 0.0 inf
62.5 0.0 inf
63.5 0.0 inf
64.5 0.0 inf
65.5 0.0 inf
66.5 0.0 inf
67.5 0.0 inf
68.5 0.0 inf
69.5 0.0 inf
70.5 0.0 inf
71.5 0.0 inf
72.5 0.0 inf
73.5 0.0 inf
74.5 0.0 inf
75.5 0.0 inf
76.5 0.0 inf
77.5 0.0 inf
78.5 0.0 inf
79.5 0.0 inf
80.5 0.0 inf
81.5 0.0 inf
82.5 0.0 inf
83.5 0.0 inf
84.5 0.0 inf
85.5 0.0 inf
86.5 0.0 inf
87.5 0.0 inf
88.5 0.0 inf
89.5 0.0 inf
90.5 0.0 inf
91.5 0.0 inf
92.5 0.0 inf
93.5 0.0 inf
94.5 0.0 inf
95.5 0.0 inf
96.5 0.0 inf
97.5 0.0 inf
