0.5 38.5131 0.0016113718088901286
1.5 20.3297 0.002217861974958462
2.5 20.5499 0.0022059473539695583
3.5 18.936700000000002 0.002297988497369233
4.5 16.6819 0.0024483710927469455
5.5 14.9529 0.0025860521916061707
6.5 13.110199999999999 0.002761819816898167
7.5 11.6287 0.0029324756640077914
8.5 10.4332 0.0030959307204833056
9.5 9.1222 0.0033109315719262104
10.5 8.1952 0.00349317402090646
11.5 7.1547 0.003738559404609303
12.5 6.3473 0.003969222890918313
13.5 5.6061 0.004223471616070133
14.5 4.9262 0.00450551022937723
15.5 4.3041 0.004820130799880063
16.5 3.7723 0.005148691709887391
17.5 3.3076 0.005498490871355299
18.5 2.7949 0.0059815930517453505
19.5 2.4013 0.0064532247319243115
20.5 2.0514 0.006981919294590165
21.5 1.7570999999999999 0.007544001405236361
22.5 1.4921000000000002 0.008186552189632018
23.5 1.2475999999999998 0.00895287079541084
24.5 1.035 0.00982946374365981
25.5 0.8508 0.010841422245040155
26.5 0.7197 0.011787569019181382
27.5 0.5766 0.013169299692382678
28.5 0.4958 0.0142019094330649
29.5 0.3986 0.01583913107643211
30.5 0.3321 0.01735264020984512
31.5 0.2673 0.019341961772855316
32.5 0.1978 0.022484687520664393
33.5 0.1627 0.024791695181436636
34.5 0.1271 0.02804963567266072
35.5 0.0965 0.03219113899898252
36.5 0.07600000000000001 0.03627381250550058
37.5 0.0654 0.039103094350288754
38.5 0.0498 0.04481107149482209
39.5 0.039999999999999994 0.05
40.5 0.0303 0.0574484989621426
41.5 0.0201 0.07053456158585983
42.5 0.017 0.07669649888473704
43.5 0.0106 0.09712858623572641
44.5 0.008799999999999999 0.10660035817780524
45.5 0.0074 0.11624763874381928
46.5 0.0051 0.14002800840280097
47.5 0.0052 0.1386750490563073
48.5 0.0035 0.1690308509457033
49.5 0.0026 0.19611613513818404
50.5 0.0013 0.2773500981126146
51.5 0.0010999999999999998 0.3015113445777637
52.5 0.0016 0.25
53.5 0.0007 0.3779644730092272
54.5 0.0005 0.4472135954999579
55.5 0.0003 0.5773502691896258
56.5 0.0001 1.0
57.5 0.0003 0.5773502691896258
58.5 0.0 inf
59.5 0.0001 1.0
60.5 0.0 inf
61.5 0.0 inf
62.5 0.0002 0.7071067811865475
63.5 0.0001 1.0
64.5 0.0 inf
65.5 0.0 inf
66.5 0.0 inf
67.5 0.0 inf
68.5 0.0 inf
69.5 0.0 inf
70.5 0.0 inf
71.5 0.0 inf
72.5 0.0 inf
73.5 0.0 inf
74.5 0.0 inf
75.5 0.0 inf
76.5 0.0 inf
77.5 0.0 inf
78.5 0.0 inf
79.5 0.0 inf
80.5 0.0 inf
81.5 0.0 inf
82.5 0.0 inf
83.5 0.0 inf
84.5 0.0 inf
85.5 0.0 inf
86.5 0.0 inf
87.5 0.0 inf
88.5 0.0 inf
89.5 0.0 inf
90.5 0.0 inf
91.5 0.0 inf
92.5 0.0 inf
93.5 0.0 inf
94.5 0.0 inf
95.5 0.0 inf
96.5 0.0 inf
97.5 0.0 inf
