0.5 43.5486 0.0015153498177034013
1.5 23.3412 0.0020698477902319165
2.5 23.581400000000002 0.002059279079506187
3.5 21.6863 0.002147371917762149
4.5 19.1434 0.002285548612766366
5.5 17.145 0.0024150785200073945
6.5 15.0028 0.002581747945573922
7.5 13.2829 0.0027438069287430453
8.5 11.9118 0.0028974189987317663
9.5 10.4254 0.003097088649413673
10.5 9.3683 0.0032671539953998898
11.5 8.155 0.0035017732216538655
12.5 7.3195 0.003696232594380626
13.5 6.4213000000000005 0.003946285663987163
14.5 5.648 0.004207776424224631
15.5 4.884 0.004524933201166673
16.5 4.2957 0.0048248412457338845
17.5 3.7001999999999997 0.005198611947973381
18.5 3.1578999999999997 0.005627309649288624
19.5 2.761 0.006018202498949575
20.5 2.3353 0.00654377955226086
21.5 1.9769999999999999 0.007112080527414388
22.5 1.6562999999999999 0.007770169614164193
23.5 1.4178 0.008398321847026383
24.5 1.1897 0.009168140691112528
25.5 0.9683999999999999 0.010161846014161539
26.5 0.8014 0.011170569911322717
27.5 0.6384000000000001 0.01251565435804397
28.5 0.5715 0.013227929835542418
29.5 0.45389999999999997 0.01484293920484818
30.5 0.3588 0.016694514082354447
31.5 0.2878 0.018640373288397023
32.5 0.22160000000000002 0.021242964433104368
33.5 0.1789 0.02364257795702247
34.5 0.1401 0.02671658425726324
35.5 0.1172 0.0292103118918493
36.5 0.0874 0.03382550457458692
37.5 0.07569999999999999 0.0363456182092407
38.5 0.0527 0.04356068418690321
39.5 0.043 0.04822428221704121
40.5 0.0311 0.05670479771237427
41.5 0.025599999999999998 0.06250000000000001
42.5 0.019799999999999998 0.07106690545187015
43.5 0.012799999999999999 0.08838834764831845
44.5 0.0125 0.08944271909999159
45.5 0.0074 0.11624763874381928
46.5 0.0082 0.11043152607484653
47.5 0.0036 0.16666666666666666
48.5 0.0034000000000000002 0.17149858514250882
49.5 0.0029 0.18569533817705186
50.5 0.0018999999999999998 0.2294157338705618
51.5 0.0013 0.2773500981126146
52.5 0.0007 0.3779644730092272
53.5 0.0007 0.3779644730092272
54.5 0.0006 0.4082482904638631
55.5 0.0005 0.4472135954999579
56.5 0.0005 0.4472135954999579
57.5 0.0002 0.7071067811865475
58.5 0.00030000000000000003 0.5773502691896257
59.5 0.0 inf
60.5 0.0002 0.7071067811865475
61.5 0.0001 1.0
62.5 0.0001 1.0
63.5 0.0 inf
64.5 0.0 inf
65.5 0.0 inf
66.5 0.0 inf
67.5 0.0 inf
68.5 0.0 inf
69.5 0.0 inf
70.5 0.0 inf
71.5 0.0 inf
72.5 0.0 inf
73.5 0.0 inf
74.5 0.0 inf
75.5 0.0 inf
76.5 0.0 inf
77.5 0.0 inf
78.5 0.0 inf
79.5 0.0 inf
80.5 0.0 inf
81.5 0.0 inf
82.5 0.0 inf
83.5 0.0 inf
84.5 0.0 inf
85.5 0.0 inf
86.5 0.0 inf
87.5 0.0 inf
88.5 0.0 inf
89.5 0.0 inf
90.5 0.0 inf
91.5 0.0 inf
92.5 0.0 inf
93.5 0.0 inf
94.5 0.0 inf
95.5 0.0 inf
96.5 0.0 inf
97.5 0.0 inf
