0.5 55.4049 0.001343463625462257
1.5 29.723200000000002 0.0018342233513925661
2.5 29.994500000000002 0.0018259092410363735
3.5 27.4981 0.00190699105750201
4.5 24.0917 0.0020373529700190266
5.5 21.3801 0.0021626942914966993
6.5 18.633 0.0023166403053805087
7.5 16.5003 0.0024618074396207485
8.5 14.677 0.0026102454829439194
9.5 12.7158 0.0028043237866677024
10.5 11.4123 0.00296014789741988
11.5 9.8757 0.003182116354830747
12.5 8.8155 0.003368034450588095
13.5 7.6683 0.0036111909427192198
14.5 6.7163 0.0038586461714173455
15.5 5.8196 0.00414527581323672
16.5 5.070600000000001 0.004440893149874619
17.5 4.4198 0.004756622558657334
18.5 3.7260999999999997 0.005180512750046948
19.5 3.1592000000000002 0.005626151720813846
20.5 2.7283999999999997 0.006054049667191312
21.5 2.3156 0.006571556248618849
22.5 1.9287 0.007200582982798387
23.5 1.5988 0.007908660454377655
24.5 1.3529 0.008597400367212
25.5 1.0972 0.009546784086892817
26.5 0.9379000000000001 0.010325752997498444
27.5 0.7514000000000001 0.01153624324342259
28.5 0.6249 0.012650122690972427
29.5 0.5098 0.014005547295310977
30.5 0.40380000000000005 0.01573681512166147
31.5 0.3421 0.017097139802268062
32.5 0.25730000000000003 0.019714243067193778
33.5 0.2031 0.022189373390928115
34.5 0.1572 0.025221663615265913
35.5 0.12329999999999999 0.0284785885905587
36.5 0.0983 0.03189504660547484
37.5 0.08080000000000001 0.03517987723651459
38.5 0.0597 0.0409272754535029
39.5 0.049 0.045175395145262566
40.5 0.0383 0.0510976130307596
41.5 0.031 0.05679618342470648
42.5 0.0219 0.06757373783994859
43.5 0.015 0.08164965809277261
44.5 0.0102 0.09901475429766741
45.5 0.0078000000000000005 0.11322770341445956
46.5 0.0079 0.11250879009260237
47.5 0.0056 0.1336306209562122
48.5 0.0034000000000000002 0.17149858514250882
49.5 0.0019 0.22941573387056174
50.5 0.0017000000000000001 0.24253562503633297
51.5 0.0014 0.2672612419124244
52.5 0.0009 0.3333333333333333
53.5 0.0004 0.5
54.5 0.001 0.31622776601683794
55.5 0.0002 0.7071067811865475
56.5 0.0001 1.0
57.5 0.0001 1.0
58.5 0.0001 1.0
59.5 0.0001 1.0
60.5 0.0 inf
61.5 0.0 inf
62.5 0.0 inf
63.5 0.0 inf
64.5 0.0 inf
65.5 0.0 inf
66.5 0.0 inf
67.5 0.0 inf
68.5 0.0 inf
69.5 0.0 inf
70.5 0.0 inf
71.5 0.0 inf
72.5 0.0 inf
73.5 0.0 inf
74.5 0.0 inf
75.5 0.0 inf
76.5 0.0 inf
77.5 0.0 inf
78.5 0.0 inf
79.5 0.0 inf
80.5 0.0 inf
81.5 0.0 inf
82.5 0.0 inf
83.5 0.0 inf
84.5 0.0 inf
85.5 0.0 inf
86.5 0.0 inf
87.5 0.0 inf
88.5 0.0 inf
89.5 0.0 inf
90.5 0.0 inf
91.5 0.0 inf
92.5 0.0 inf
93.5 0.0 inf
94.5 0.0 inf
95.5 0.0 inf
96.5 0.0 inf
97.5 0.0 inf
