0.5 38.6594 0.001608319935972378
1.5 20.427 0.002212573494960706
2.5 20.6567 0.002200237330398375
3.5 19.0137 0.0022933306816330435
4.5 16.7885 0.0024405856448608447
5.5 15.042300000000001 0.0025783559749541886
6.5 13.1786 0.002754643249076267
7.5 11.7347 0.002919201035268441
8.5 10.407499999999999 0.0030997508675356306
9.5 9.1531 0.003305338151282938
10.5 8.246 0.0034823974390291498
11.5 7.206300000000001 0.0037251505654799146
12.5 6.404400000000001 0.003951488984253914
13.5 5.6852 0.004193987447682768
14.5 4.9651 0.004487825894258275
15.5 4.3016000000000005 0.00482153127605855
16.5 3.7954999999999997 0.005132931896724221
17.5 3.2804 0.0055212396530513
18.5 2.8405 0.005933386008849612
19.5 2.4325 0.006411705636375014
20.5 2.0913 0.006914994376642422
21.5 1.7534999999999998 0.007551741490793339
22.5 1.4577 0.008282585411677661
23.5 1.2407 0.008977731421769186
24.5 1.0398 0.00980674975895561
25.5 0.858 0.010795837927188261
26.5 0.7246999999999999 0.011746835021424292
27.5 0.5893 0.013026621048098595
28.5 0.5038 0.014088699899813708
29.5 0.39380000000000004 0.015935369720403485
30.5 0.3197 0.017685961768191653
31.5 0.2619 0.01954034605868497
32.5 0.2032 0.022183912735402846
33.5 0.1699 0.024260699053001704
34.5 0.12890000000000001 0.027853100187767633
35.5 0.1071 0.030556616567607043
36.5 0.0779 0.03582871819500093
37.5 0.0651 0.03919309008348103
38.5 0.050699999999999995 0.04441155916843276
39.5 0.0379 0.051366549693751415
40.5 0.027999999999999997 0.059761430466719695
41.5 0.0229 0.06608186004550898
42.5 0.0166 0.07761505257063328
43.5 0.0135 0.08606629658238704
44.5 0.0095 0.10259783520851541
45.5 0.0063999999999999994 0.12500000000000003
46.5 0.0049 0.14285714285714285
47.5 0.0043 0.15249857033260467
48.5 0.0029 0.18569533817705186
49.5 0.0017000000000000001 0.24253562503633297
50.5 0.0011 0.30151134457776363
51.5 0.0014 0.2672612419124244
52.5 0.0009 0.3333333333333333
53.5 0.0005 0.4472135954999579
54.5 0.00039999999999999996 0.5000000000000001
55.5 0.0001 1.0
56.5 0.00039999999999999996 0.5000000000000001
57.5 0.0001 1.0
58.5 0.0002 0.7071067811865475
59.5 0.0 inf
60.5 0.0 inf
61.5 0.0 inf
62.5 0.0 inf
63.5 0.0001 1.0
64.5 0.0 inf
65.5 0.0001 1.0
66.5 0.0 inf
67.5 0.0 inf
68.5 0.0001 1.0
69.5 0.0 inf
70.5 0.0 inf
71.5 0.0 inf
72.5 0.0 inf
73.5 0.0 inf
74.5 0.0 inf
75.5 0.0 inf
76.5 0.0 inf
77.5 0.0 inf
78.5 0.0 inf
79.5 0.0 inf
80.5 0.0 inf
81.5 0.0 inf
82.5 0.0 inf
83.5 0.0 inf
84.5 0.0 inf
85.5 0.0 inf
86.5 0.0 inf
87.5 0.0 inf
88.5 0.0 inf
89.5 0.0 inf
90.5 0.0 inf
91.5 0.0 inf
92.5 0.0 inf
93.5 0.0 inf
94.5 0.0 inf
95.5 0.0 inf
96.5 0.0 inf
97.5 0.0 inf
