0.5 38.7547 0.0016063412439349222
1.5 20.5188 0.002207618479633427
2.5 20.782899999999998 0.0021935469079938427
3.5 19.0228 0.0022927820819098116
4.5 16.8626 0.0024352173591203497
5.5 15.068100000000001 0.0025761476645646095
6.5 13.2413 0.002748113638013671
7.5 11.7675 0.0029151297963108404
8.5 10.5225 0.003082765803432377
9.5 9.2182 0.0032936461309747795
10.5 8.2833 0.003474547911465197
11.5 7.1753 0.00373318891978719
12.5 6.428 0.00394422849167286
13.5 5.635 0.004212627318711346
14.5 4.9692 0.004485974098885746
15.5 4.3095 0.004817109931424227
16.5 3.8203 0.0051162442052691505
17.5 3.3181000000000003 0.005489784096252351
18.5 2.84 0.005933908290969267
19.5 2.4039 0.006449733962022987
20.5 2.0769 0.006938925214578716
21.5 1.7863 0.007482087811749375
22.5 1.4811999999999999 0.008216618978461463
23.5 1.2661 0.008887221319855233
24.5 1.0409000000000002 0.009801566611573796
25.5 0.8784000000000001 0.010669739994407998
26.5 0.7235 0.011756572659201533
27.5 0.6005 0.01290456870345337
28.5 0.5031 0.014098497814593786
29.5 0.4101 0.015615471979112765
30.5 0.3237 0.017576348305930706
31.5 0.2589 0.019653231723767556
32.5 0.2097 0.021837392736013945
33.5 0.1604 0.02496880847194612
34.5 0.1283 0.027918152281484514
35.5 0.1016 0.03137279025690793
36.5 0.0847 0.034360406637202474
37.5 0.0658 0.038984058779272523
38.5 0.0503 0.04458779620677098
39.5 0.0382 0.05116445100966508
40.5 0.031100000000000003 0.05670479771237427
41.5 0.022 0.06741998624632421
42.5 0.0187 0.07312724241271307
43.5 0.0119 0.09166984970282112
44.5 0.009899999999999999 0.10050378152592121
45.5 0.006999999999999999 0.11952286093343939
46.5 0.0042 0.1543033499620919
47.5 0.0037 0.1643989873053573
48.5 0.0026 0.19611613513818404
49.5 0.0026 0.19611613513818404
50.5 0.0013 0.2773500981126146
51.5 0.0019000000000000002 0.22941573387056174
52.5 0.0009 0.3333333333333333
53.5 0.0006000000000000001 0.40824829046386296
54.5 0.00039999999999999996 0.5000000000000001
55.5 0.0001 1.0
56.5 0.0001 1.0
57.5 0.0 inf
58.5 0.0002 0.7071067811865475
59.5 0.0 inf
60.5 0.0 inf
61.5 0.0 inf
62.5 0.0 inf
63.5 0.0 inf
64.5 0.0002 0.7071067811865475
65.5 0.0 inf
66.5 0.0 inf
67.5 0.0 inf
68.5 0.0 inf
69.5 0.0 inf
70.5 0.0 inf
71.5 0.0 inf
72.5 0.0 inf
73.5 0.0 inf
74.5 0.0 inf
75.5 0.0 inf
76.5 0.0 inf
77.5 0.0 inf
78.5 0.0 inf
79.5 0.0 inf
80.5 0.0 inf
81.5 0.0 inf
82.5 0.0 inf
83.5 0.0 inf
84.5 0.0 inf
85.5 0.0 inf
86.5 0.0 inf
87.5 0.0 inf
88.5 0.0 inf
89.5 0.0 inf
90.5 0.0 inf
91.5 0.0 inf
92.5 0.0 inf
93.5 0.0 inf
94.5 0.0 inf
95.5 0.0 inf
96.5 0.0 inf
97.5 0.0 inf
