0.5 38.4517 0.0016126578217870626
1.5 20.3242 0.002218162046196744
2.5 20.5625 0.002205271385679885
3.5 18.8858 0.002301083121619298
4.5 16.628500000000003 0.0024522992347630244
5.5 14.848700000000001 0.0025951100737011366
6.5 13.1527 0.0027573541058517246
7.5 11.6618 0.0029283110445705086
8.5 10.4927 0.003087140334613169
9.5 9.034099999999999 0.0033270364066460755
10.5 8.1386 0.003505299637669919
11.5 7.1513 0.0037394480256641737
12.5 6.3736999999999995 0.00396099405855892
13.5 5.5976 0.004226677087223129
14.5 4.917400000000001 0.004509539875887501
15.5 4.2806999999999995 0.004833287215937832
16.5 3.7749 0.005146918298104544
17.5 3.2849 0.005517456570873644
18.5 2.7992 0.005976996964379645
19.5 2.4069000000000003 0.006445713181155922
20.5 2.0534 0.006978518291273461
21.5 1.7418 0.007577062278699439
22.5 1.4817 0.008215232511519701
23.5 1.233 0.009005720449304986
24.5 1.0375999999999999 0.009817140769658323
25.5 0.8516 0.01083632878821919
26.5 0.7006 0.011947166975644635
27.5 0.5653 0.01330027152781489
28.5 0.4888 0.014303239192265577
29.5 0.4018 0.01577593229640665
30.5 0.32299999999999995 0.017595383576944672
31.5 0.25680000000000003 0.019733425949096457
32.5 0.2029 0.02220030681036019
33.5 0.1708 0.024196695924791362
34.5 0.128 0.02795084971874737
35.5 0.1053 0.030816677568068284
36.5 0.08280000000000001 0.034752402342845795
37.5 0.0621 0.040128617695256406
38.5 0.0504 0.0445435403187374
39.5 0.039099999999999996 0.05057217374241737
40.5 0.0285 0.05923488777590923
41.5 0.0229 0.06608186004550898
42.5 0.017099999999999997 0.07647191129018727
43.5 0.0144 0.08333333333333333
44.5 0.0114 0.0936585811581694
45.5 0.0072 0.11785113019775793
46.5 0.0046 0.14744195615489714
47.5 0.0040999999999999995 0.15617376188860607
48.5 0.0028 0.1889822365046136
49.5 0.0025 0.2
50.5 0.0017000000000000001 0.24253562503633297
51.5 0.0013 0.2773500981126146
52.5 0.0007 0.3779644730092272
53.5 0.0009 0.3333333333333333
54.5 0.00030000000000000003 0.5773502691896257
55.5 0.0001 1.0
56.5 0.0003 0.5773502691896258
57.5 0.0001 1.0
58.5 0.0001 1.0
59.5 0.0001 1.0
60.5 0.0 inf
61.5 0.0 inf
62.5 0.0 inf
63.5 0.0 inf
64.5 0.0 inf
65.5 0.0 inf
66.5 0.0 inf
67.5 0.0 inf
68.5 0.0 inf
69.5 0.0 inf
70.5 0.0 inf
71.5 0.0 inf
72.5 0.0 inf
73.5 0.0 inf
74.5 0.0 inf
75.5 0.0 inf
76.5 0.0 inf
77.5 0.0 inf
78.5 0.0 inf
79.5 0.0 inf
80.5 0.0 inf
81.5 0.0 inf
82.5 0.0 inf
83.5 0.0 inf
84.5 0.0 inf
85.5 0.0 inf
86.5 0.0 inf
87.5 0.0 inf
88.5 0.0 inf
89.5 0.0 inf
90.5 0.0 inf
91.5 0.0 inf
92.5 0.0 inf
93.5 0.0 inf
94.5 0.0 inf
95.5 0.0 inf
96.5 0.0 inf
97.5 0.0 inf
