0.5 49.299299999999995 0.0014242283409301548
1.5 26.2007 0.001953635564900699
2.5 26.3827 0.0019468853648821334
3.5 24.0444 0.002039355919749406
4.5 20.98 0.002183218777997862
5.5 18.688699999999997 0.002313185459557504
6.5 16.2639 0.002479634397917589
7.5 14.3732 0.0026376870408983083
8.5 12.7314 0.0028026051673323677
9.5 11.0865 0.003003328029710993
10.5 9.8931 0.0031793167676588087
11.5 8.577 0.0034145407098610087
12.5 7.649 0.0036157439611691363
13.5 6.6772 0.0038699273102900333
14.5 5.8234 0.004143923113899695
15.5 5.0411 0.004453868021205879
16.5 4.4411 0.004745202208585033
17.5 3.803 0.005127868001351515
18.5 3.2457000000000003 0.005550675162743798
19.5 2.7904999999999998 0.005986307017484092
20.5 2.3871 0.00647239022937459
21.5 2.0064 0.007059781184061312
22.5 1.7011 0.007667169734696006
23.5 1.4353 0.008346966251710266
24.5 1.2026 0.00911883589805771
25.5 0.9751 0.010126874357261942
26.5 0.8014 0.011170569911322717
27.5 0.6551 0.012355098163034813
28.5 0.5470999999999999 0.013519687168873954
29.5 0.4528 0.0148609574569441
30.5 0.35540000000000005 0.01677417958445569
31.5 0.2949 0.018414613743486557
32.5 0.23349999999999999 0.020694577179185557
33.5 0.1805 0.023537557657892522
34.5 0.1427 0.026472076758968607
35.5 0.11510000000000001 0.029475578546806908
36.5 0.08929999999999999 0.033463724070512735
37.5 0.06420000000000001 0.03946685189819291
38.5 0.058800000000000005 0.041239304942116126
39.5 0.0406 0.04962916669854651
40.5 0.0303 0.0574484989621426
41.5 0.0241 0.06441566264008308
42.5 0.0201 0.07053456158585983
43.5 0.0121 0.09090909090909091
44.5 0.009899999999999999 0.10050378152592121
45.5 0.0083 0.10976425998969035
46.5 0.0060999999999999995 0.12803687993289598
47.5 0.0047 0.14586499149789456
48.5 0.0038 0.16222142113076254
49.5 0.0024999999999999996 0.2
50.5 0.0014999999999999998 0.25819888974716115
51.5 0.0017000000000000001 0.24253562503633297
52.5 0.0013 0.2773500981126146
53.5 0.0009 0.3333333333333333
54.5 0.00039999999999999996 0.5000000000000001
55.5 0.00030000000000000003 0.5773502691896257
56.5 0.00030000000000000003 0.5773502691896257
57.5 0.00039999999999999996 0.5000000000000001
58.5 0.0001 1.0
59.5 0.0 inf
60.5 0.0 inf
61.5 0.0001 1.0
62.5 0.0 inf
63.5 0.0 inf
64.5 0.0001 1.0
65.5 0.0 inf
66.5 0.0 inf
67.5 0.0 inf
68.5 0.0 inf
69.5 0.0 inf
70.5 0.0 inf
71.5 0.0 inf
72.5 0.0 inf
73.5 0.0 inf
74.5 0.0 inf
75.5 0.0 inf
76.5 0.0 inf
77.5 0.0 inf
78.5 0.0 inf
79.5 0.0 inf
80.5 0.0 inf
81.5 0.0 inf
82.5 0.0 inf
83.5 0.0 inf
84.5 0.0 inf
85.5 0.0 inf
86.5 0.0 inf
87.5 0.0 inf
88.5 0.0 inf
89.5 0.0 inf
90.5 0.0 inf
91.5 0.0 inf
92.5 0.0 inf
93.5 0.0 inf
94.5 0.0 inf
95.5 0.0 inf
96.5 0.0 inf
97.5 0.0 inf
