0.5 38.4825 0.0016120123361328053
1.5 20.2928 0.002219877515865478
2.5 20.5409 0.002206430569212203
3.5 18.8794 0.0023014731150540766
4.5 16.630499999999998 0.0024521517723915887
5.5 14.9252 0.0025884508341673333
6.5 13.1182 0.0027609775546938325
7.5 11.6209 0.002933459644306211
8.5 10.4336 0.0030958713745165493
9.5 9.0908 0.0033166446902832417
10.5 8.166 0.0034994138972542044
11.5 7.1541999999999994 0.0037386900444462464
12.5 6.4007000000000005 0.003952630921617236
13.5 5.5829 0.004232237934437332
14.5 4.9424 0.004498120178565961
15.5 4.265499999999999 0.004841891205331044
16.5 3.7853000000000003 0.005139842931883824
17.5 3.2664999999999997 0.005532974500833971
18.5 2.8228999999999997 0.005951853777795301
19.5 2.383 0.006477955776053785
20.5 2.0636 0.006961250152299103
21.5 1.7582 0.007541641122019254
22.5 1.4684 0.008252353287769605
23.5 1.2467000000000001 0.008956101777217352
24.5 1.0434 0.00978981722875541
25.5 0.8562 0.010807180081877095
26.5 0.7156 0.011821288978511235
27.5 0.5736 0.013203693325496157
28.5 0.4903 0.014281343114939598
29.5 0.3947 0.015917191334679576
30.5 0.3194 0.017694265686843822
31.5 0.2656 0.01940376314265832
32.5 0.2022 0.022238701440076274
33.5 0.1555 0.02535915646704869
34.5 0.1232 0.028490144114909487
35.5 0.10830000000000001 0.0303868562731382
36.5 0.0797 0.03542181734879073
37.5 0.0654 0.039103094350288754
38.5 0.051000000000000004 0.044280744277004756
39.5 0.0365 0.052342392259021375
40.5 0.0292 0.058520573598065284
41.5 0.0223 0.06696495301824251
42.5 0.0177 0.07516460280028289
43.5 0.0121 0.09090909090909091
44.5 0.0108 0.09622504486493763
45.5 0.007 0.11952286093343936
46.5 0.0048 0.14433756729740646
47.5 0.0046 0.14744195615489714
48.5 0.0026 0.19611613513818404
49.5 0.0024000000000000002 0.20412414523193148
50.5 0.0015 0.2581988897471611
51.5 0.0014 0.2672612419124244
52.5 0.0006000000000000001 0.40824829046386296
53.5 0.0005 0.4472135954999579
54.5 0.00030000000000000003 0.5773502691896257
55.5 0.0002 0.7071067811865475
56.5 0.00030000000000000003 0.5773502691896257
57.5 0.0001 1.0
58.5 0.0002 0.7071067811865475
59.5 0.0 inf
60.5 0.0 inf
61.5 0.0 inf
62.5 0.0 inf
63.5 0.0 inf
64.5 0.0 inf
65.5 0.0 inf
66.5 0.0 inf
67.5 0.0 inf
68.5 0.0 inf
69.5 0.0 inf
70.5 0.0 inf
71.5 0.0 inf
72.5 0.0 inf
73.5 0.0 inf
74.5 0.0 inf
75.5 0.0 inf
76.5 0.0 inf
77.5 0.0 inf
78.5 0.0 inf
79.5 0.0 inf
80.5 0.0 inf
81.5 0.0 inf
82.5 0.0 inf
83.5 0.0 inf
84.5 0.0 inf
85.5 0.0 inf
86.5 0.0 inf
87.5 0.0 inf
88.5 0.0 inf
89.5 0.0 inf
90.5 0.0 inf
91.5 0.0 inf
92.5 0.0 inf
93.5 0.0 inf
94.5 0.0 inf
95.5 0.0 inf
96.5 0.0 inf
97.5 0.0 inf
