0.5 58.3479 0.0013091438956526027
1.5 30.689600000000002 0.0018051129671433025
2.5 30.4595 0.0018119183154177378
3.5 27.4078 0.0019101299392896552
4.5 23.7207 0.002053223609805313
5.5 20.9028 0.0021872466870737303
6.5 18.031399999999998 0.002354969442291396
7.5 15.7539 0.0025194512406441724
8.5 13.9786 0.002674657403343204
9.5 12.0753 0.002877736567286468
10.5 10.6079 0.0030703316642402578
11.5 9.2483 0.0032882819264390393
12.5 8.148900000000001 0.0035030836329146137
13.5 7.073 0.0037600894009484076
14.5 6.1716999999999995 0.004025293911275538
15.5 5.3083 0.0043403252006317715
16.5 4.656700000000001 0.004634051648989996
17.5 4.0355 0.004977959101704044
18.5 3.4074999999999998 0.0054172897848788655
19.5 2.8944 0.005877880132154986
20.5 2.4585 0.006377711851474898
21.5 2.0926 0.006912846118668071
22.5 1.7593999999999999 0.007539068792529832
23.5 1.4809999999999999 0.008217173761823795
24.5 1.25 0.00894427190999916
25.5 0.9923 0.010038723773844871
26.5 0.8293 0.010981057542138635
27.5 0.6827000000000001 0.012102777482539117
28.5 0.5746 0.013192198857116066
29.5 0.4748 0.014512580604003551
30.5 0.3678 0.016488993148511478
31.5 0.3022 0.01819084067092621
32.5 0.22699999999999998 0.020988774008055672
33.5 0.1773 0.023749016662636548
34.5 0.1394 0.026783579200279007
35.5 0.1144 0.02956561979945413
36.5 0.0934 0.03272099955018442
37.5 0.073 0.037011660509880265
38.5 0.0558 0.04233337566673017
39.5 0.045399999999999996 0.04693232544639321
40.5 0.0339 0.054312544659356844
41.5 0.0262 0.06178020632152154
42.5 0.0174 0.07580980435789034
43.5 0.014499999999999999 0.08304547985373997
44.5 0.0115 0.09325048082403138
45.5 0.008199999999999999 0.11043152607484656
46.5 0.0065 0.12403473458920847
47.5 0.0042 0.1543033499620919
48.5 0.004 0.15811388300841897
49.5 0.0026 0.19611613513818404
50.5 0.0018 0.23570226039551587
51.5 0.0017 0.24253562503633297
52.5 0.0007 0.3779644730092272
53.5 0.00039999999999999996 0.5000000000000001
54.5 0.0007 0.3779644730092272
55.5 0.0002 0.7071067811865475
56.5 0.0001 1.0
57.5 0.0002 0.7071067811865475
58.5 0.0001 1.0
59.5 0.0 inf
60.5 0.0 inf
61.5 0.0002 0.7071067811865475
62.5 0.0 inf
63.5 0.0 inf
64.5 0.0 inf
65.5 0.0 inf
66.5 0.0 inf
67.5 0.0 inf
68.5 0.0 inf
69.5 0.0 inf
70.5 0.0 inf
71.5 0.0 inf
72.5 0.0 inf
73.5 0.0 inf
74.5 0.0 inf
75.5 0.0 inf
76.5 0.0 inf
77.5 0.0 inf
78.5 0.0 inf
79.5 0.0 inf
80.5 0.0 inf
81.5 0.0 inf
82.5 0.0 inf
83.5 0.0 inf
84.5 0.0 inf
85.5 0.0 inf
86.5 0.0 inf
87.5 0.0 inf
88.5 0.0 inf
89.5 0.0 inf
90.5 0.0 inf
91.5 0.0 inf
92.5 0.0 inf
93.5 0.0 inf
94.5 0.0 inf
95.5 0.0 inf
96.5 0.0 inf
97.5 0.0 inf
