0.5 38.8477 0.0016044173301474466
1.5 20.5051 0.002208355840658034
2.5 20.7907 0.0021931353953720425
3.5 19.096 0.0022883834436313076
4.5 16.8946 0.0024329099978697166
5.5 15.0463 0.002578013229248042
6.5 13.230799999999999 0.0027492038770989525
7.5 11.7975 0.002911420978274312
8.5 10.5715 0.0030756130355792
9.5 9.1723 0.003301876874494736
10.5 8.2518 0.0034811733754578854
11.5 7.2714 0.00370843765392443
12.5 6.4864 0.003926432506100544
13.5 5.6609 0.0042029793712373515
14.5 4.998799999999999 0.00447267270793164
15.5 4.3378 0.004801370698906371
16.5 3.8106999999999998 0.0051226846295716775
17.5 3.3015999999999996 0.005503484809175615
18.5 2.8296 0.005944803125053515
19.5 2.4241 0.006422804961999494
20.5 2.0879000000000003 0.006920622380178617
21.5 1.7701 0.007516247959638431
22.5 1.5007000000000001 0.008163061317134762
23.5 1.2553 0.00892537013998548
24.5 1.0633 0.009697774761459008
25.5 0.8871 0.01061729074723905
26.5 0.7079 0.011885406608052342
27.5 0.5727 0.013214064077187037
28.5 0.4952 0.014210510570080112
29.5 0.4004 0.01580348853102535
30.5 0.3137 0.017854296416882943
31.5 0.26549999999999996 0.019407416991319402
32.5 0.2151 0.021561540911771697
33.5 0.1608 0.024937733402690822
34.5 0.1205 0.02880756009578387
35.5 0.1111 0.030001500112509377
36.5 0.0804 0.035267280792929914
37.5 0.0613 0.04038961958610097
38.5 0.045399999999999996 0.04693232544639321
39.5 0.0393 0.050443327230531826
40.5 0.029900000000000003 0.05783149319662401
41.5 0.0247 0.06362847629757777
42.5 0.0183 0.07392212709545729
43.5 0.0131 0.0873704056661038
44.5 0.0107 0.09667364890456635
45.5 0.0077 0.11396057645963795
46.5 0.0052 0.1386750490563073
47.5 0.004399999999999999 0.15075567228888184
48.5 0.0031000000000000003 0.17960530202677488
49.5 0.0017000000000000001 0.24253562503633297
50.5 0.0024000000000000002 0.20412414523193148
51.5 0.0015 0.2581988897471611
52.5 0.0007 0.3779644730092272
53.5 0.0006000000000000001 0.40824829046386296
54.5 0.0006 0.4082482904638631
55.5 0.0002 0.7071067811865475
56.5 0.00039999999999999996 0.5000000000000001
57.5 0.0 inf
58.5 0.0002 0.7071067811865475
59.5 0.0 inf
60.5 0.0001 1.0
61.5 0.0002 0.7071067811865475
62.5 0.0 inf
63.5 0.0 inf
64.5 0.0 inf
65.5 0.0001 1.0
66.5 0.0 inf
67.5 0.0 inf
68.5 0.0 inf
69.5 0.0 inf
70.5 0.0 inf
71.5 0.0 inf
72.5 0.0 inf
73.5 0.0 inf
74.5 0.0 inf
75.5 0.0 inf
76.5 0.0 inf
77.5 0.0 inf
78.5 0.0 inf
79.5 0.0 inf
80.5 0.0 inf
81.5 0.0 inf
82.5 0.0 inf
83.5 0.0 inf
84.5 0.0 inf
85.5 0.0 inf
86.5 0.0 inf
87.5 0.0 inf
88.5 0.0 inf
89.5 0.0 inf
90.5 0.0 inf
91.5 0.0 inf
92.5 0.0 inf
93.5 0.0 inf
94.5 0.0 inf
95.5 0.0 inf
96.5 0.0 inf
97.5 0.0 inf
