0.5 38.4879 0.0016118992464089171
1.5 20.2972 0.0022196368917776358
2.5 20.5407 0.0022064413109357
3.5 18.869799999999998 0.0023020584771809563
4.5 16.6568 0.002450215113827679
5.5 14.924199999999999 0.002588537552633839
6.5 13.1629 0.0027562855547517986
7.5 11.6284 0.0029325134910960057
8.5 10.4611 0.003091799504069772
9.5 9.0845 0.003317794519124436
10.5 8.183 0.0034957770302314027
11.5 7.1228 0.0037469217631195106
12.5 6.3812999999999995 0.003958634623697006
13.5 5.5715 0.004236565571297049
14.5 4.9331 0.004502358164852834
15.5 4.2472 0.004852311172466907
16.5 3.8097000000000003 0.005123356906721197
17.5 3.2801 0.005521492135296422
18.5 2.795 0.005981486045545791
19.5 2.3928 0.006464676542183052
20.5 2.0699 0.006950648360653886
21.5 1.7551999999999999 0.007548083482989605
22.5 1.4752999999999998 0.008233032480953835
23.5 1.2383000000000002 0.008986427265042849
24.5 1.0466 0.009774839492344067
25.5 0.8517 0.010835692610757274
26.5 0.7223999999999999 0.011765520133375293
27.5 0.5795 0.013136306707967735
28.5 0.4885 0.014307630505634845
29.5 0.3902 0.016008711108909703
30.5 0.31810000000000005 0.017730384976049764
31.5 0.2643 0.019451424796105867
32.5 0.2039 0.022145800696175846
33.5 0.159 0.02507849312877596
34.5 0.1269 0.028071730702217294
35.5 0.0988 0.031814238148788886
36.5 0.0843 0.034441829515914534
37.5 0.0616 0.040291148201269014
38.5 0.044700000000000004 0.04729837698404021
39.5 0.0382 0.05116445100966508
40.5 0.031599999999999996 0.0562543950463012
41.5 0.023600000000000003 0.06509445549041193
42.5 0.017599999999999998 0.07537783614444092
43.5 0.0126 0.0890870806374748
44.5 0.0098 0.10101525445522107
45.5 0.0072 0.11785113019775793
46.5 0.0053 0.13736056394868904
47.5 0.0031999999999999997 0.1767766952966369
48.5 0.0038000000000000004 0.16222142113076252
49.5 0.0017 0.24253562503633297
50.5 0.0024000000000000002 0.20412414523193148
51.5 0.0014 0.2672612419124244
52.5 0.0007 0.3779644730092272
53.5 0.0006 0.4082482904638631
54.5 0.0006000000000000001 0.40824829046386296
55.5 0.0001 1.0
56.5 0.0 inf
57.5 0.0005 0.4472135954999579
58.5 0.0002 0.7071067811865475
59.5 0.0 inf
60.5 0.0 inf
61.5 0.0 inf
62.5 0.0 inf
63.5 0.0001 1.0
64.5 0.0001 1.0
65.5 0.0 inf
66.5 0.0 inf
67.5 0.0 inf
68.5 0.0 inf
69.5 0.0 inf
70.5 0.0 inf
71.5 0.0 inf
72.5 0.0 inf
73.5 0.0 inf
74.5 0.0 inf
75.5 0.0 inf
76.5 0.0 inf
77.5 0.0 inf
78.5 0.0 inf
79.5 0.0 inf
80.5 0.0 inf
81.5 0.0 inf
82.5 0.0 inf
83.5 0.0 inf
84.5 0.0 inf
85.5 0.0 inf
86.5 0.0 inf
87.5 0.0 inf
88.5 0.0 inf
89.5 0.0 inf
90.5 0.0 inf
91.5 0.0 inf
92.5 0.0 inf
93.5 0.0 inf
94.5 0.0 inf
95.5 0.0 inf
96.5 0.0 inf
97.5 0.0 inf
