0.5 38.4624 0.0016124334905057468
1.5 20.2636 0.0022214763701804484
2.5 20.586100000000002 0.0022040069565445832
3.5 18.9005 0.0023001881055738148
4.5 16.651600000000002 0.00245059766337369
5.5 14.894 0.0025911605634664995
6.5 13.078 0.0027652177342122773
7.5 11.634799999999998 0.0029317068305598636
8.5 10.4582 0.003092228143657726
9.5 9.1084 0.0033134387939634646
10.5 8.1264 0.0035079298685955565
11.5 7.140499999999999 0.003742274913084725
12.5 6.4094999999999995 0.003949916583579967
13.5 5.635400000000001 0.004212477810173379
14.5 4.9244 0.004506333596432123
15.5 4.2214 0.004867116560451309
16.5 3.7984 0.0051309720788036365
17.5 3.2739000000000003 0.0055267178689973225
18.5 2.7926 0.005984055780468384
19.5 2.3834 0.006477412163769351
20.5 2.074 0.006943774745378858
21.5 1.7616 0.007534359683486403
22.5 1.4855 0.008204718249172255
23.5 1.2450999999999999 0.008961854392360294
24.5 1.0517 0.009751110166144314
25.5 0.8509 0.010840785170131715
26.5 0.7128 0.011844484241978356
27.5 0.5713999999999999 0.013229087286639312
28.5 0.49060000000000004 0.014276975954209098
29.5 0.39690000000000003 0.015873015873015872
30.5 0.316 0.0177892016741205
31.5 0.2545 0.019822394114938212
32.5 0.1943 0.02268629628464662
33.5 0.1626 0.02479931753217214
34.5 0.1261 0.02816063585180762
35.5 0.1028 0.031189143077590267
36.5 0.07669999999999999 0.036107907233705945
37.5 0.0624 0.04003203845127178
38.5 0.0448 0.0472455591261534
39.5 0.0372 0.05184758473652126
40.5 0.028499999999999998 0.05923488777590923
41.5 0.022600000000000002 0.06651901052377392
42.5 0.0183 0.07392212709545729
43.5 0.0128 0.08838834764831843
44.5 0.0119 0.09166984970282112
45.5 0.0074 0.11624763874381928
46.5 0.007 0.11952286093343936
47.5 0.0047 0.14586499149789456
48.5 0.0031999999999999997 0.1767766952966369
49.5 0.0031000000000000003 0.17960530202677488
50.5 0.0019 0.22941573387056174
51.5 0.0015 0.2581988897471611
52.5 0.0006000000000000001 0.40824829046386296
53.5 0.0009 0.3333333333333333
54.5 0.0002 0.7071067811865475
55.5 0.00039999999999999996 0.5000000000000001
56.5 0.0 inf
57.5 0.0002 0.7071067811865475
58.5 0.0 inf
59.5 0.0 inf
60.5 0.0 inf
61.5 0.0 inf
62.5 0.0 inf
63.5 0.0001 1.0
64.5 0.0 inf
65.5 0.0 inf
66.5 0.0 inf
67.5 0.0 inf
68.5 0.0 inf
69.5 0.0 inf
70.5 0.0 inf
71.5 0.0 inf
72.5 0.0 inf
73.5 0.0 inf
74.5 0.0 inf
75.5 0.0 inf
76.5 0.0 inf
77.5 0.0 inf
78.5 0.0 inf
79.5 0.0 inf
80.5 0.0 inf
81.5 0.0 inf
82.5 0.0 inf
83.5 0.0 inf
84.5 0.0 inf
85.5 0.0 inf
86.5 0.0 inf
87.5 0.0 inf
88.5 0.0 inf
89.5 0.0 inf
90.5 0.0 inf
91.5 0.0 inf
92.5 0.0 inf
93.5 0.0 inf
94.5 0.0 inf
95.5 0.0 inf
96.5 0.0 inf
97.5 0.0 inf
