0.5 38.6639 0.001608226338969602
1.5 20.3982 0.0022141348984270823
2.5 20.6344 0.0022014259291260048
3.5 19.0001 0.002294151301473294
4.5 16.7296 0.0024448781620436525
5.5 15.0169 0.002580535604976294
6.5 13.1909 0.0027533586508272697
7.5 11.7078 0.0029225527090970056
8.5 10.4831 0.003088553550423792
9.5 9.1299 0.003309535086164697
10.5 8.2257 0.0034866918520626592
11.5 7.1937 0.0037284114995075105
12.5 6.430400000000001 0.00394349237636115
13.5 5.5903 0.004229435854777668
14.5 4.918100000000001 0.0045092189399320816
15.5 4.3224 0.004809916340890643
16.5 3.8064 0.00512557730065456
17.5 3.2938 0.00550999731718296
18.5 2.8126 0.005962741936640587
19.5 2.4082 0.006443973176527738
20.5 2.0633 0.006961756210346828
21.5 1.7904 0.0074735159444493885
22.5 1.5043 0.008153287793362137
23.5 1.2578 0.00891649570688445
24.5 1.0421 0.009795921631294715
25.5 0.8486 0.010855466370894677
26.5 0.7166 0.011813037920774943
27.5 0.5754 0.01318302486514625
28.5 0.5031 0.014098497814593786
29.5 0.4042 0.015729026546513935
30.5 0.32699999999999996 0.017487435419566728
31.5 0.25760000000000005 0.019702760155977512
32.5 0.20950000000000002 0.021847813825958583
33.5 0.16720000000000002 0.02445579940222592
34.5 0.1261 0.02816063585180762
35.5 0.1079 0.03044312827739915
36.5 0.079 0.035578403348241
37.5 0.062 0.04016096644512494
38.5 0.0501 0.04467670516087703
39.5 0.0377 0.051502620262460476
40.5 0.0288 0.05892556509887897
41.5 0.0229 0.06608186004550898
42.5 0.015899999999999997 0.07930515857181443
43.5 0.012799999999999999 0.08838834764831845
44.5 0.0092 0.10425720702853739
45.5 0.007899999999999999 0.1125087900926024
46.5 0.0057 0.13245323570650439
47.5 0.0034000000000000002 0.17149858514250882
48.5 0.0021 0.2182178902359924
49.5 0.0025 0.2
50.5 0.0021 0.2182178902359924
51.5 0.0013 0.2773500981126146
52.5 0.0007999999999999999 0.3535533905932738
53.5 0.0006000000000000001 0.40824829046386296
54.5 0.0003 0.5773502691896258
55.5 0.0007 0.3779644730092272
56.5 0.0 inf
57.5 0.0002 0.7071067811865475
58.5 0.0002 0.7071067811865475
59.5 0.0001 1.0
60.5 0.0 inf
61.5 0.0 inf
62.5 0.0 inf
63.5 0.0 inf
64.5 0.0001 1.0
65.5 0.0 inf
66.5 0.0 inf
67.5 0.0001 1.0
68.5 0.0 inf
69.5 0.0 inf
70.5 0.0 inf
71.5 0.0 inf
72.5 0.0 inf
73.5 0.0 inf
74.5 0.0 inf
75.5 0.0 inf
76.5 0.0 inf
77.5 0.0 inf
78.5 0.0 inf
79.5 0.0 inf
80.5 0.0 inf
81.5 0.0 inf
82.5 0.0 inf
83.5 0.0 inf
84.5 0.0 inf
85.5 0.0 inf
86.5 0.0 inf
87.5 0.0 inf
88.5 0.0 inf
89.5 0.0 inf
90.5 0.0 inf
91.5 0.0 inf
92.5 0.0 inf
93.5 0.0 inf
94.5 0.0 inf
95.5 0.0 inf
96.5 0.0 inf
97.5 0.0 inf
