0.5 38.4402 0.0016128990299247347
1.5 20.314 0.0022187188644859613
2.5 20.540399999999998 0.002206457423815108
3.5 18.873199999999997 0.002301851110349632
4.5 16.6377 0.0024516211280330644
5.5 14.9553 0.0025858446807477168
6.5 13.0571 0.0027674299383906482
7.5 11.6473 0.0029301332395574027
8.5 10.4465 0.0030939592949945135
9.5 9.1202 0.0033112945848070064
10.5 8.1527 0.0035022671384204317
11.5 7.1701 0.003734542392123184
12.5 6.3512 0.0039680040388587745
13.5 5.6145 0.0042203110103984235
14.5 4.9073 0.004514178163890263
15.5 4.259499999999999 0.0048453001880617306
16.5 3.7906 0.005136248422265108
17.5 3.2633 0.005535686660306102
18.5 2.7716000000000003 0.006006683149561771
19.5 2.3766 0.006486672228774265
20.5 2.0989 0.006902463618310229
21.5 1.7673999999999999 0.007521986933507671
22.5 1.4797 0.00822078259491964
23.5 1.2410999999999999 0.00897628456738078
24.5 1.0577 0.009723413338285558
25.5 0.8493999999999999 0.010850353103361392
26.5 0.7117 0.011853634095982498
27.5 0.5807 0.0131227267869966
28.5 0.5063 0.01405387337722316
29.5 0.392 0.015971914124998498
30.5 0.3083 0.018009980294390843
31.5 0.271 0.019209468759882463
32.5 0.2036 0.022162110358896814
33.5 0.1644 0.0246631811833495
34.5 0.1283 0.027918152281484514
35.5 0.108 0.03042903097250923
36.5 0.0767 0.036107907233705945
37.5 0.0622 0.04009634698823127
38.5 0.048100000000000004 0.04559607525875532
39.5 0.0369 0.052057920629535355
40.5 0.0302 0.0575435337648436
41.5 0.0238 0.06482037235521643
42.5 0.016399999999999998 0.07808688094430304
43.5 0.011 0.09534625892455924
44.5 0.0088 0.10660035817780521
45.5 0.0067 0.12216944435630522
46.5 0.0059 0.13018891098082389
47.5 0.0045 0.14907119849998599
48.5 0.003 0.18257418583505536
49.5 0.0018999999999999998 0.2294157338705618
50.5 0.0015999999999999999 0.25000000000000006
51.5 0.0019 0.22941573387056174
52.5 0.0006000000000000001 0.40824829046386296
53.5 0.0007 0.3779644730092272
54.5 0.0004 0.5
55.5 0.0002 0.7071067811865475
56.5 0.0002 0.7071067811865475
57.5 0.0 inf
58.5 0.0001 1.0
59.5 0.0001 1.0
60.5 0.0 inf
61.5 0.0 inf
62.5 0.0 inf
63.5 0.0 inf
64.5 0.0 inf
65.5 0.0 inf
66.5 0.0 inf
67.5 0.0 inf
68.5 0.0 inf
69.5 0.0 inf
70.5 0.0 inf
71.5 0.0 inf
72.5 0.0 inf
73.5 0.0 inf
74.5 0.0 inf
75.5 0.0 inf
76.5 0.0 inf
77.5 0.0 inf
78.5 0.0 inf
79.5 0.0 inf
80.5 0.0 inf
81.5 0.0 inf
82.5 0.0 inf
83.5 0.0 inf
84.5 0.0 inf
85.5 0.0 inf
86.5 0.0 inf
87.5 0.0 inf
88.5 0.0 inf
89.5 0.0 inf
90.5 0.0 inf
91.5 0.0 inf
92.5 0.0 inf
93.5 0.0 inf
94.5 0.0 inf
95.5 0.0 inf
96.5 0.0 inf
97.5 0.0 inf
