0.5 6401.0 0.01249902355192602
1.5 2163.0 0.021501647626876532
2.5 1669.0 0.024477768982403232
3.5 1160.0 0.029361010975735173
4.5 774.0 0.03594425773447947
5.5 555.0 0.04244763599780089
6.5 393.0 0.050443327230531826
7.5 320.0 0.05590169943749474
8.5 218.0 0.06772854614785964
9.5 186.0 0.07332355751067665
10.5 103.0 0.09853292781642932
11.5 94.0 0.10314212462587934
12.5 70.0 0.11952286093343936
13.5 62.0 0.1270001270001905
14.5 33.0 0.17407765595569785
15.5 29.0 0.18569533817705186
16.5 18.0 0.23570226039551587
17.5 14.0 0.2672612419124244
18.5 10.0 0.31622776601683794
19.5 8.0 0.35355339059327373
20.5 7.0 0.3779644730092272
21.5 5.0 0.4472135954999579
22.5 1.0 1.0
23.5 1.0 1.0
24.5 1.0 1.0
25.5 1.0 1.0
26.5 0.0 inf
27.5 0.0 inf
28.5 0.0 inf
29.5 0.0 inf
30.5 0.0 inf
31.5 0.0 inf
32.5 0.0 inf
33.5 0.0 inf
34.5 0.0 inf
35.5 0.0 inf
36.5 0.0 inf
37.5 0.0 inf
38.5 0.0 inf
39.5 0.0 inf
40.5 0.0 inf
41.5 0.0 inf
42.5 0.0 inf
43.5 0.0 inf
44.5 0.0 inf
45.5 0.0 inf
46.5 0.0 inf
47.5 0.0 inf
48.5 0.0 inf
49.5 0.0 inf
50.5 0.0 inf
51.5 0.0 inf
52.5 0.0 inf
53.5 0.0 inf
54.5 0.0 inf
55.5 0.0 inf
56.5 0.0 inf
57.5 0.0 inf
58.5 0.0 inf
59.5 0.0 inf
60.5 0.0 inf
61.5 0.0 inf
62.5 0.0 inf
63.5 0.0 inf
64.5 0.0 inf
65.5 0.0 inf
66.5 0.0 inf
67.5 0.0 inf
68.5 0.0 inf
69.5 0.0 inf
70.5 0.0 inf
71.5 0.0 inf
72.5 0.0 inf
73.5 0.0 inf
74.5 0.0 inf
75.5 0.0 inf
76.5 0.0 inf
77.5 0.0 inf
78.5 0.0 inf
79.5 0.0 inf
80.5 0.0 inf
81.5 0.0 inf
82.5 0.0 inf
83.5 0.0 inf
84.5 0.0 inf
85.5 0.0 inf
86.5 0.0 inf
87.5 0.0 inf
88.5 0.0 inf
89.5 0.0 inf
90.5 0.0 inf
91.5 0.0 inf
92.5 0.0 inf
93.5 0.0 inf
94.5 0.0 inf
95.5 0.0 inf
96.5 0.0 inf
97.5 0.0 inf
