0.5 2534.0 0.019865371663225287
1.5 1040.0 0.031008683647302117
2.5 821.0 0.0349002406379888
3.5 666.0 0.03874921291460643
4.5 445.0 0.04740454631399772
5.5 374.0 0.051708768999501914
6.5 252.0 0.0629940788348712
7.5 221.0 0.06726727939963124
8.5 133.0 0.086710996952412
9.5 112.0 0.0944911182523068
10.5 97.0 0.10153461651336192
11.5 76.0 0.11470786693528087
12.5 42.0 0.1543033499620919
13.5 35.0 0.1690308509457033
14.5 38.0 0.16222142113076254
15.5 26.0 0.19611613513818404
16.5 15.0 0.2581988897471611
17.5 6.0 0.4082482904638631
18.5 5.0 0.4472135954999579
19.5 7.0 0.3779644730092272
20.5 3.0 0.5773502691896258
21.5 2.0 0.7071067811865475
22.5 0.0 inf
23.5 0.0 inf
24.5 0.0 inf
25.5 0.0 inf
26.5 0.0 inf
27.5 0.0 inf
28.5 0.0 inf
29.5 0.0 inf
30.5 0.0 inf
31.5 0.0 inf
32.5 0.0 inf
33.5 0.0 inf
34.5 0.0 inf
35.5 0.0 inf
36.5 0.0 inf
37.5 0.0 inf
38.5 0.0 inf
39.5 0.0 inf
40.5 0.0 inf
41.5 0.0 inf
42.5 0.0 inf
43.5 0.0 inf
44.5 0.0 inf
45.5 0.0 inf
46.5 0.0 inf
47.5 0.0 inf
48.5 0.0 inf
49.5 0.0 inf
50.5 0.0 inf
51.5 0.0 inf
52.5 0.0 inf
53.5 0.0 inf
54.5 0.0 inf
55.5 0.0 inf
56.5 0.0 inf
57.5 0.0 inf
58.5 0.0 inf
59.5 0.0 inf
60.5 0.0 inf
61.5 0.0 inf
62.5 0.0 inf
63.5 0.0 inf
64.5 0.0 inf
65.5 0.0 inf
66.5 0.0 inf
67.5 0.0 inf
68.5 0.0 inf
69.5 0.0 inf
70.5 0.0 inf
71.5 0.0 inf
72.5 0.0 inf
73.5 0.0 inf
74.5 0.0 inf
75.5 0.0 inf
76.5 0.0 inf
77.5 0.0 inf
78.5 0.0 inf
79.5 0.0 inf
80.5 0.0 inf
81.5 0.0 inf
82.5 0.0 inf
83.5 0.0 inf
84.5 0.0 inf
85.5 0.0 inf
86.5 0.0 inf
87.5 0.0 inf
88.5 0.0 inf
89.5 0.0 inf
90.5 0.0 inf
91.5 0.0 inf
92.5 0.0 inf
93.5 0.0 inf
94.5 0.0 inf
95.5 0.0 inf
96.5 0.0 inf
97.5 0.0 inf
