0.5 37171.0 0.005186780596821621
1.5 7163.0 0.011815511423769234
2.5 4504.0 0.014900498877053745
3.5 2563.0 0.01975266493772476
4.5 1534.0 0.02553214605940826
5.5 973.0 0.03205852818187507
6.5 690.0 0.03806934938134405
7.5 488.0 0.045267873021259265
8.5 355.0 0.053074489243427524
9.5 252.0 0.0629940788348712
10.5 181.0 0.07432941462471664
11.5 134.0 0.08638684255813601
12.5 82.0 0.11043152607484653
13.5 84.0 0.1091089451179962
14.5 48.0 0.14433756729740646
15.5 48.0 0.14433756729740646
16.5 36.0 0.16666666666666666
17.5 20.0 0.22360679774997896
18.5 10.0 0.31622776601683794
19.5 12.0 0.2886751345948129
20.5 5.0 0.4472135954999579
21.5 7.0 0.3779644730092272
22.5 2.0 0.7071067811865475
23.5 3.0 0.5773502691896258
24.5 0.0 inf
25.5 0.0 inf
26.5 0.0 inf
27.5 0.0 inf
28.5 0.0 inf
29.5 0.0 inf
30.5 1.0 1.0
31.5 0.0 inf
32.5 0.0 inf
33.5 0.0 inf
34.5 0.0 inf
35.5 0.0 inf
36.5 0.0 inf
37.5 0.0 inf
38.5 0.0 inf
39.5 0.0 inf
40.5 0.0 inf
41.5 0.0 inf
42.5 0.0 inf
43.5 0.0 inf
44.5 0.0 inf
45.5 0.0 inf
46.5 0.0 inf
47.5 0.0 inf
48.5 0.0 inf
49.5 0.0 inf
50.5 0.0 inf
51.5 0.0 inf
52.5 0.0 inf
53.5 0.0 inf
54.5 0.0 inf
55.5 0.0 inf
56.5 0.0 inf
57.5 0.0 inf
58.5 0.0 inf
59.5 0.0 inf
60.5 0.0 inf
61.5 0.0 inf
62.5 0.0 inf
63.5 0.0 inf
64.5 0.0 inf
65.5 0.0 inf
66.5 0.0 inf
67.5 0.0 inf
68.5 0.0 inf
69.5 0.0 inf
70.5 0.0 inf
71.5 0.0 inf
72.5 0.0 inf
73.5 0.0 inf
74.5 0.0 inf
75.5 0.0 inf
76.5 0.0 inf
77.5 0.0 inf
78.5 0.0 inf
79.5 0.0 inf
80.5 0.0 inf
81.5 0.0 inf
82.5 0.0 inf
83.5 0.0 inf
84.5 0.0 inf
85.5 0.0 inf
86.5 0.0 inf
87.5 0.0 inf
88.5 0.0 inf
89.5 0.0 inf
90.5 0.0 inf
91.5 0.0 inf
92.5 0.0 inf
93.5 0.0 inf
94.5 0.0 inf
95.5 0.0 inf
96.5 0.0 inf
97.5 0.0 inf
