0.5 38.9869 0.0016015505390017065
1.5 20.6024 0.002203134911977902
2.5 20.9255 0.0021860600016341694
3.5 19.2222 0.002280859082225152
4.5 16.849600000000002 0.0024361566016474494
5.5 15.178899999999999 0.0025667280107732177
6.5 13.3332 0.0027386264806924672
7.5 11.8641 0.0029032377396593545
8.5 10.577 0.003074813278024366
9.5 9.2751 0.0032835278156047288
10.5 8.318200000000001 0.00346725130993841
11.5 7.2780000000000005 0.0037067557880318637
12.5 6.504300000000001 0.003921025962447697
13.5 5.703 0.004187437270696677
14.5 5.0206 0.004462951724481053
15.5 4.3199000000000005 0.0048113079300035186
16.5 3.8037 0.005127396135436535
17.5 3.3326000000000002 0.00547782816929479
18.5 2.8360000000000003 0.005938091519046793
19.5 2.4721 0.006360144499036372
20.5 2.0787 0.006935920266672556
21.5 1.7945000000000002 0.0074649734709311055
22.5 1.5156 0.008122836313809655
23.5 1.2863 0.008817162911784712
24.5 1.0767 0.009637239310932117
25.5 0.8611 0.010776387646912362
26.5 0.7159 0.011818811846019014
27.5 0.5869 0.013053228642218303
28.5 0.4939 0.014229200105943795
29.5 0.4043 0.015727081208982963
30.5 0.3276 0.017471413945365305
31.5 0.2579 0.01969129728669193
32.5 0.2047 0.02210248368512676
33.5 0.16110000000000002 0.024914503091731193
34.5 0.1279 0.0279617744210284
35.5 0.1085 0.030358837035945812
36.5 0.0789 0.03560094272544522
37.5 0.0676 0.038461538461538464
38.5 0.0443 0.04751143381455799
39.5 0.04 0.05
40.5 0.030100000000000002 0.0576390417704235
41.5 0.026099999999999998 0.061898446059017294
42.5 0.0186 0.07332355751067665
43.5 0.0123 0.09016696346674323
44.5 0.0098 0.10101525445522107
45.5 0.0079 0.11250879009260237
46.5 0.005299999999999999 0.13736056394868904
47.5 0.0043 0.15249857033260467
48.5 0.0037 0.1643989873053573
49.5 0.0028 0.1889822365046136
50.5 0.0017000000000000001 0.24253562503633297
51.5 0.0009 0.3333333333333333
52.5 0.0008 0.35355339059327373
53.5 0.0009 0.3333333333333333
54.5 0.00039999999999999996 0.5000000000000001
55.5 0.0006000000000000001 0.40824829046386296
56.5 0.0003 0.5773502691896258
57.5 0.0001 1.0
58.5 0.0001 1.0
59.5 0.0 inf
60.5 0.0 inf
61.5 0.0001 1.0
62.5 0.0001 1.0
63.5 0.0001 1.0
64.5 0.0001 1.0
65.5 0.0001 1.0
66.5 0.0 inf
67.5 0.0 inf
68.5 0.0 inf
69.5 0.0 inf
70.5 0.0 inf
71.5 0.0001 1.0
72.5 0.0 inf
73.5 0.0 inf
74.5 0.0 inf
75.5 0.0 inf
76.5 0.0 inf
77.5 0.0 inf
78.5 0.0 inf
79.5 0.0 inf
80.5 0.0 inf
81.5 0.0 inf
82.5 0.0 inf
83.5 0.0 inf
84.5 0.0 inf
85.5 0.0 inf
86.5 0.0 inf
87.5 0.0 inf
88.5 0.0 inf
89.5 0.0 inf
90.5 0.0 inf
91.5 0.0 inf
92.5 0.0 inf
93.5 0.0 inf
94.5 0.0 inf
95.5 0.0 inf
96.5 0.0 inf
97.5 0.0 inf
