0.5 40.6984 0.001567513652437173
1.5 21.6188 0.002150721655927421
2.5 21.9042 0.0021366643400541336
3.5 20.1786 0.002226150308358587
4.5 17.785800000000002 0.002371173309488951
5.5 15.9437 0.0025044100793939084
6.5 14.0175 0.0026709436007166794
7.5 12.4966 0.002828811869324829
8.5 11.134599999999999 0.0029968340187798608
9.5 9.6941 0.0032117834234105173
10.5 8.723600000000001 0.003385728490602515
11.5 7.6753 0.00360954383428088
12.5 6.859999999999999 0.0038180177416060625
13.5 5.978899999999999 0.004089680259007652
14.5 5.2505 0.004364149993001294
15.5 4.5812 0.00467208111221839
16.5 3.9949000000000003 0.0050031905512890424
17.5 3.5173 0.005332063268633253
18.5 3.0054 0.005768313543773659
19.5 2.5654000000000003 0.006243418613256197
20.5 2.2123999999999997 0.006723078390219871
21.5 1.8911 0.007271813846042537
22.5 1.5794000000000001 0.00795708382391934
23.5 1.3447 0.008623574061703174
24.5 1.111 0.009487307357732752
25.5 0.9252 0.010396381025863422
26.5 0.7599 0.011471541425028297
27.5 0.6166 0.012734979195199857
28.5 0.5336000000000001 0.013689641954834835
29.5 0.41000000000000003 0.015617376188860606
30.5 0.326 0.017514236102601468
31.5 0.28390000000000004 0.01876797013703025
32.5 0.2123 0.021703261485649127
33.5 0.17070000000000002 0.024203782378574804
34.5 0.14200000000000002 0.026537244621713762
35.5 0.10450000000000001 0.030934411244487297
36.5 0.0809 0.035158127696731496
37.5 0.0656 0.03904344047215152
38.5 0.053099999999999994 0.04339630366027462
39.5 0.039900000000000005 0.05006261743217588
40.5 0.030199999999999998 0.0575435337648436
41.5 0.0237 0.06495698024616309
42.5 0.0202 0.07035975447302918
43.5 0.013999999999999999 0.08451542547285167
44.5 0.0091 0.10482848367219183
45.5 0.006699999999999999 0.12216944435630522
46.5 0.0060999999999999995 0.12803687993289598
47.5 0.0048000000000000004 0.14433756729740643
48.5 0.0023 0.20851441405707477
49.5 0.002 0.22360679774997896
50.5 0.0013 0.2773500981126146
51.5 0.0014 0.2672612419124244
52.5 0.0014 0.2672612419124244
53.5 0.0001 1.0
54.5 0.00039999999999999996 0.5000000000000001
55.5 0.0001 1.0
56.5 0.00039999999999999996 0.5000000000000001
57.5 0.00030000000000000003 0.5773502691896257
58.5 0.0 inf
59.5 0.0 inf
60.5 0.0 inf
61.5 0.0 inf
62.5 0.0 inf
63.5 0.0 inf
64.5 0.0 inf
65.5 0.0 inf
66.5 0.0 inf
67.5 0.0 inf
68.5 0.0 inf
69.5 0.0 inf
70.5 0.0 inf
71.5 0.0 inf
72.5 0.0 inf
73.5 0.0 inf
74.5 0.0 inf
75.5 0.0 inf
76.5 0.0 inf
77.5 0.0 inf
78.5 0.0 inf
79.5 0.0 inf
80.5 0.0 inf
81.5 0.0 inf
82.5 0.0 inf
83.5 0.0 inf
84.5 0.0 inf
85.5 0.0 inf
86.5 0.0 inf
87.5 0.0 inf
88.5 0.0 inf
89.5 0.0 inf
90.5 0.0 inf
91.5 0.0 inf
92.5 0.0 inf
93.5 0.0 inf
94.5 0.0 inf
95.5 0.0 inf
96.5 0.0 inf
97.5 0.0 inf
