0.5 38.4938 0.001611775712619158
1.5 20.2753 0.0022208353186491826
2.5 20.6485 0.002200674169763115
3.5 18.8666 0.002302253697167288
4.5 16.6077 0.002453834422149905
5.5 14.9387 0.0025872809872424735
6.5 13.1328 0.0027594424105521747
7.5 11.6404 0.002931001548384045
8.5 10.4024 0.003100510634140308
9.5 9.1191 0.0033114942927939357
10.5 8.1728 0.0034979577888029833
11.5 7.1504 0.0037396833549694043
12.5 6.3519 0.003967785389371485
13.5 5.5851 0.004231404302045637
14.5 4.955299999999999 0.004492261445112891
15.5 4.2953 0.004825065897279648
16.5 3.7693 0.005150740233877899
17.5 3.2967 0.005507573301073441
18.5 2.8006 0.005975502848518405
19.5 2.3886 0.0064703576349616964
20.5 2.0619 0.006964119274712247
21.5 1.7466 0.0075666434875509515
22.5 1.4855 0.008204718249172255
23.5 1.2496 0.008945703337056415
24.5 1.0345 0.00983183887085254
25.5 0.8515999999999999 0.01083632878821919
26.5 0.7127 0.011845315171457227
27.5 0.5791999999999999 0.013139708280690918
28.5 0.49860000000000004 0.014161976288736246
29.5 0.4036 0.015740713750513967
30.5 0.3182 0.017727598712973542
31.5 0.2416 0.020344711469278985
32.5 0.2002 0.02234950781338371
33.5 0.1646 0.024648192922358196
34.5 0.1271 0.02804963567266072
35.5 0.1022 0.031280562354492725
36.5 0.0814 0.03504998186163908
37.5 0.0663 0.03883678186903087
38.5 0.0492 0.045083481733371615
39.5 0.0368 0.05212860351426869
40.5 0.0276 0.0601929265428846
41.5 0.0205 0.06984302957695782
42.5 0.0167 0.07738232325341368
43.5 0.012 0.09128709291752768
44.5 0.008799999999999999 0.10660035817780524
45.5 0.0086 0.10783277320343841
46.5 0.0053 0.13736056394868904
47.5 0.0045 0.14907119849998599
48.5 0.0031 0.1796053020267749
49.5 0.0023 0.20851441405707477
50.5 0.0011 0.30151134457776363
51.5 0.0007 0.3779644730092272
52.5 0.0008 0.35355339059327373
53.5 0.0013 0.2773500981126146
54.5 0.00030000000000000003 0.5773502691896257
55.5 0.00030000000000000003 0.5773502691896257
56.5 0.0 inf
57.5 0.0002 0.7071067811865475
58.5 0.0001 1.0
59.5 0.0002 0.7071067811865475
60.5 0.0001 1.0
61.5 0.0 inf
62.5 0.0 inf
63.5 0.0001 1.0
64.5 0.0001 1.0
65.5 0.0 inf
66.5 0.0 inf
67.5 0.0 inf
68.5 0.0 inf
69.5 0.0 inf
70.5 0.0 inf
71.5 0.0 inf
72.5 0.0 inf
73.5 0.0 inf
74.5 0.0 inf
75.5 0.0 inf
76.5 0.0 inf
77.5 0.0 inf
78.5 0.0 inf
79.5 0.0 inf
80.5 0.0 inf
81.5 0.0 inf
82.5 0.0 inf
83.5 0.0 inf
84.5 0.0 inf
85.5 0.0 inf
86.5 0.0 inf
87.5 0.0 inf
88.5 0.0 inf
89.5 0.0 inf
90.5 0.0 inf
91.5 0.0 inf
92.5 0.0 inf
93.5 0.0 inf
94.5 0.0 inf
95.5 0.0 inf
96.5 0.0 inf
97.5 0.0 inf
