0.5 39.8501 0.001584109841980028
1.5 21.0781 0.002178132372171629
2.5 21.4165 0.0021608556262117627
3.5 19.616 0.002257848374496967
4.5 17.3911 0.002397929849535609
5.5 15.5988 0.00253194580211283
6.5 13.6638 0.0027052926446961183
7.5 12.1536 0.0028684516284229757
8.5 10.7874 0.003044679678717657
9.5 9.497399999999999 0.0032448724881833572
10.5 8.5063 0.0034287013018396103
11.5 7.4841 0.0036553604545441123
12.5 6.6868 0.0038671483542902577
13.5 5.8361 0.004139411840469295
14.5 5.1408000000000005 0.004410467700208026
15.5 4.460100000000001 0.0047350841544982585
16.5 3.9118000000000004 0.0050560537106225075
17.5 3.4196999999999997 0.005407617885783273
18.5 2.9116 0.005860492906935447
19.5 2.5084999999999997 0.006313830915788546
20.5 2.1391999999999998 0.0068371373593052445
21.5 1.8455 0.007361104366275131
22.5 1.5346 0.008072394969087411
23.5 1.2953999999999999 0.008786138675427232
24.5 1.0958 0.00955288065172603
25.5 0.8896 0.010602361620999637
26.5 0.7469 0.011570943428470997
27.5 0.5841000000000001 0.013084477866314325
28.5 0.5243 0.013810521272080907
29.5 0.42000000000000004 0.015430334996209192
30.5 0.3354 0.017267062892749267
31.5 0.27149999999999996 0.01919177233165824
32.5 0.2137 0.021632053030091192
33.5 0.1745 0.023938794927456073
34.5 0.13790000000000002 0.026928853702142336
35.5 0.1032 0.031128640318234518
36.5 0.0857 0.034159349284257755
37.5 0.0685 0.03820803599504351
38.5 0.0511 0.04423739552038088
39.5 0.04 0.05
40.5 0.0277 0.06008417681261097
41.5 0.0242 0.0642824346533225
42.5 0.0174 0.07580980435789034
43.5 0.012199999999999999 0.09053574604251854
44.5 0.0092 0.10425720702853739
45.5 0.0093 0.10369516947304253
46.5 0.0062 0.1270001270001905
47.5 0.0031 0.1796053020267749
48.5 0.0043 0.15249857033260467
49.5 0.002 0.22360679774997896
50.5 0.0013 0.2773500981126146
51.5 0.0007999999999999999 0.3535533905932738
52.5 0.0009 0.3333333333333333
53.5 0.0006 0.4082482904638631
54.5 0.0002 0.7071067811865475
55.5 0.0002 0.7071067811865475
56.5 0.0005 0.4472135954999579
57.5 0.0002 0.7071067811865475
58.5 0.0 inf
59.5 0.0 inf
60.5 0.0001 1.0
61.5 0.0 inf
62.5 0.0001 1.0
63.5 0.0 inf
64.5 0.0002 0.7071067811865475
65.5 0.0 inf
66.5 0.0 inf
67.5 0.0 inf
68.5 0.0 inf
69.5 0.0 inf
70.5 0.0 inf
71.5 0.0 inf
72.5 0.0 inf
73.5 0.0 inf
74.5 0.0 inf
75.5 0.0 inf
76.5 0.0 inf
77.5 0.0 inf
78.5 0.0 inf
79.5 0.0 inf
80.5 0.0 inf
81.5 0.0 inf
82.5 0.0 inf
83.5 0.0 inf
84.5 0.0 inf
85.5 0.0 inf
86.5 0.0 inf
87.5 0.0 inf
88.5 0.0 inf
89.5 0.0 inf
90.5 0.0 inf
91.5 0.0 inf
92.5 0.0 inf
93.5 0.0 inf
94.5 0.0 inf
95.5 0.0 inf
96.5 0.0 inf
97.5 0.0 inf
