0.5 43.013 0.0015247552344875108
1.5 22.918 0.0020888711051928106
2.5 23.325899999999997 0.0020705265095919113
3.5 21.412300000000002 0.0021610675405934897
4.5 18.865299999999998 0.002302333019474585
5.5 16.9959 0.002425648772706714
6.5 14.8613 0.0025940097217596564
7.5 13.247 0.0027475223368463755
8.5 11.7869 0.0029127298095667944
9.5 10.375 0.0031046021028253313
10.5 9.2577 0.003286612089420355
11.5 8.155999999999999 0.003501558540402911
12.5 7.2801 0.0037062211285774755
13.5 6.3361 0.003972729438193732
14.5 5.5805 0.004233147913756824
15.5 4.832800000000001 0.0045488392388378885
16.5 4.225 0.004865042554105199
17.5 3.7095000000000002 0.0051920911996752046
18.5 3.2178 0.0055746868472777026
19.5 2.7481 0.006032311140927416
20.5 2.3371 0.006541259105546329
21.5 2.0297 0.007019142738466917
22.5 1.6606 0.007760102955520902
23.5 1.4032 0.008441900168164679
24.5 1.1699000000000002 0.009245398381358136
25.5 0.9795 0.010104103351764284
26.5 0.8029 0.011160130449295197
27.5 0.6483000000000001 0.012419725271263712
28.5 0.5596000000000001 0.013367837176029336
29.5 0.46099999999999997 0.014728195398497141
30.5 0.3571 0.016734204613081675
31.5 0.28869999999999996 0.01861129564531997
32.5 0.2283 0.02092893090740305
33.5 0.184 0.023312620206007845
34.5 0.145 0.02626128657194451
35.5 0.11760000000000001 0.029160592175990215
36.5 0.0915 0.033058980245364314
37.5 0.069 0.03806934938134405
38.5 0.0565 0.04207031619116713
39.5 0.0421 0.04873701788285793
40.5 0.030899999999999997 0.056888012398857435
41.5 0.0267 0.06119900613621046
42.5 0.0203 0.07018624063435965
43.5 0.0133 0.086710996952412
44.5 0.011300000000000001 0.09407208683835973
45.5 0.0087 0.10721125348377948
46.5 0.006 0.12909944487358055
47.5 0.0055 0.13483997249264842
48.5 0.0037999999999999996 0.16222142113076254
49.5 0.0027 0.19245008972987526
50.5 0.0014 0.2672612419124244
51.5 0.0015999999999999999 0.25000000000000006
52.5 0.0012000000000000001 0.28867513459481287
53.5 0.0008 0.35355339059327373
54.5 0.0004 0.5
55.5 0.00030000000000000003 0.5773502691896257
56.5 0.0002 0.7071067811865475
57.5 0.0004 0.5
58.5 0.0001 1.0
59.5 0.0001 1.0
60.5 0.0001 1.0
61.5 0.0 inf
62.5 0.0 inf
63.5 0.0001 1.0
64.5 0.0 inf
65.5 0.0 inf
66.5 0.0 inf
67.5 0.0 inf
68.5 0.0 inf
69.5 0.0 inf
70.5 0.0 inf
71.5 0.0 inf
72.5 0.0 inf
73.5 0.0 inf
74.5 0.0 inf
75.5 0.0 inf
76.5 0.0 inf
77.5 0.0 inf
78.5 0.0 inf
79.5 0.0 inf
80.5 0.0 inf
81.5 0.0 inf
82.5 0.0 inf
83.5 0.0 inf
84.5 0.0 inf
85.5 0.0 inf
86.5 0.0 inf
87.5 0.0 inf
88.5 0.0 inf
89.5 0.0 inf
90.5 0.0 inf
91.5 0.0 inf
92.5 0.0 inf
93.5 0.0 inf
94.5 0.0 inf
95.5 0.0 inf
96.5 0.0 inf
97.5 0.0 inf
