0.5 4090.0 0.015636456680019055
1.5 1511.0 0.02572573358779194
2.5 1242.0 0.02837521769195829
3.5 887.0 0.03357671389365373
4.5 589.0 0.04120428217151646
5.5 474.0 0.04593152121746254
6.5 334.0 0.054717565516458275
7.5 257.0 0.06237828615518053
8.5 183.0 0.07392212709545729
9.5 129.0 0.08804509063256238
10.5 114.0 0.0936585811581694
11.5 69.0 0.1203858530857692
12.5 54.0 0.13608276348795434
13.5 40.0 0.15811388300841897
14.5 30.0 0.18257418583505536
15.5 48.0 0.14433756729740646
16.5 21.0 0.2182178902359924
17.5 11.0 0.30151134457776363
18.5 7.0 0.3779644730092272
19.5 8.0 0.35355339059327373
20.5 4.0 0.5
21.5 1.0 1.0
22.5 2.0 0.7071067811865475
23.5 0.0 inf
24.5 0.0 inf
25.5 2.0 0.7071067811865475
26.5 1.0 1.0
27.5 0.0 inf
28.5 0.0 inf
29.5 0.0 inf
30.5 0.0 inf
31.5 0.0 inf
32.5 0.0 inf
33.5 0.0 inf
34.5 0.0 inf
35.5 0.0 inf
36.5 0.0 inf
37.5 0.0 inf
38.5 0.0 inf
39.5 0.0 inf
40.5 0.0 inf
41.5 0.0 inf
42.5 0.0 inf
43.5 0.0 inf
44.5 0.0 inf
45.5 0.0 inf
46.5 0.0 inf
47.5 0.0 inf
48.5 0.0 inf
49.5 0.0 inf
50.5 0.0 inf
51.5 0.0 inf
52.5 0.0 inf
53.5 0.0 inf
54.5 0.0 inf
55.5 0.0 inf
56.5 0.0 inf
57.5 0.0 inf
58.5 0.0 inf
59.5 0.0 inf
60.5 0.0 inf
61.5 0.0 inf
62.5 0.0 inf
63.5 0.0 inf
64.5 0.0 inf
65.5 0.0 inf
66.5 0.0 inf
67.5 0.0 inf
68.5 0.0 inf
69.5 0.0 inf
70.5 0.0 inf
71.5 0.0 inf
72.5 0.0 inf
73.5 0.0 inf
74.5 0.0 inf
75.5 0.0 inf
76.5 0.0 inf
77.5 0.0 inf
78.5 0.0 inf
79.5 0.0 inf
80.5 0.0 inf
81.5 0.0 inf
82.5 0.0 inf
83.5 0.0 inf
84.5 0.0 inf
85.5 0.0 inf
86.5 0.0 inf
87.5 0.0 inf
88.5 0.0 inf
89.5 0.0 inf
90.5 0.0 inf
91.5 0.0 inf
92.5 0.0 inf
93.5 0.0 inf
94.5 0.0 inf
95.5 0.0 inf
96.5 0.0 inf
97.5 0.0 inf
