0.5 114969.0 0.002949236655700105
1.5 12367.0 0.008992238551570528
2.5 6754.0 0.012168007587387833
3.5 3597.0 0.01667361545440517
4.5 1981.0 0.02246765581450569
5.5 1257.0 0.028205406366325913
6.5 805.0 0.035245368842512066
7.5 555.0 0.04244763599780089
8.5 408.0 0.04950737714883372
9.5 289.0 0.058823529411764705
10.5 213.0 0.06851887098275317
11.5 155.0 0.08032193289024989
12.5 101.0 0.09950371902099892
13.5 77.0 0.11396057645963795
14.5 65.0 0.12403473458920847
15.5 42.0 0.1543033499620919
16.5 45.0 0.14907119849998599
17.5 27.0 0.19245008972987526
18.5 20.0 0.22360679774997896
19.5 13.0 0.2773500981126146
20.5 7.0 0.3779644730092272
21.5 9.0 0.3333333333333333
22.5 5.0 0.4472135954999579
23.5 0.0 inf
24.5 1.0 1.0
25.5 0.0 inf
26.5 0.0 inf
27.5 0.0 inf
28.5 0.0 inf
29.5 0.0 inf
30.5 0.0 inf
31.5 0.0 inf
32.5 0.0 inf
33.5 0.0 inf
34.5 0.0 inf
35.5 0.0 inf
36.5 0.0 inf
37.5 0.0 inf
38.5 0.0 inf
39.5 0.0 inf
40.5 0.0 inf
41.5 0.0 inf
42.5 0.0 inf
43.5 0.0 inf
44.5 0.0 inf
45.5 0.0 inf
46.5 0.0 inf
47.5 0.0 inf
48.5 0.0 inf
49.5 0.0 inf
50.5 0.0 inf
51.5 0.0 inf
52.5 0.0 inf
53.5 0.0 inf
54.5 0.0 inf
55.5 0.0 inf
56.5 0.0 inf
57.5 0.0 inf
58.5 0.0 inf
59.5 0.0 inf
60.5 0.0 inf
61.5 0.0 inf
62.5 0.0 inf
63.5 0.0 inf
64.5 0.0 inf
65.5 0.0 inf
66.5 0.0 inf
67.5 0.0 inf
68.5 0.0 inf
69.5 0.0 inf
70.5 0.0 inf
71.5 0.0 inf
72.5 0.0 inf
73.5 0.0 inf
74.5 0.0 inf
75.5 0.0 inf
76.5 0.0 inf
77.5 0.0 inf
78.5 0.0 inf
79.5 0.0 inf
80.5 0.0 inf
81.5 0.0 inf
82.5 0.0 inf
83.5 0.0 inf
84.5 0.0 inf
85.5 0.0 inf
86.5 0.0 inf
87.5 0.0 inf
88.5 0.0 inf
89.5 0.0 inf
90.5 0.0 inf
91.5 0.0 inf
92.5 0.0 inf
93.5 0.0 inf
94.5 0.0 inf
95.5 0.0 inf
96.5 0.0 inf
97.5 0.0 inf
