0.5 43.915 0.0015090149988159446
1.5 23.4913 0.0020632244438857582
2.5 23.8913 0.002045879775455677
3.5 21.9274 0.0021355337059726746
4.5 19.2823 0.002277301762514202
5.5 17.3572 0.002400270381684547
6.5 15.1507 0.0025691156258729054
7.5 13.5099 0.002720657878025451
8.5 12.1554 0.0028682392370541
9.5 10.5654 0.0030765007697075163
10.5 9.507200000000001 0.003243199653416655
11.5 8.2822 0.003474778639762404
12.5 7.411300000000001 0.003673269589353649
13.5 6.5106 0.0039191284075135785
14.5 5.724600000000001 0.004179529807611145
15.5 4.9969 0.004473522962137281
16.5 4.3899 0.004772793959183128
17.5 3.7799 0.005143513035073083
18.5 3.234 0.005560706744010878
19.5 2.7883 0.005988668183547269
20.5 2.3742 0.006489949981499246
21.5 2.0877999999999997 0.006920788117785486
22.5 1.6997 0.007670326711868278
23.5 1.4409999999999998 0.00833044132098411
24.5 1.1886 0.00917238207700242
25.5 0.9851000000000001 0.01007534301144604
26.5 0.8230999999999999 0.011022337355899955
27.5 0.6714 0.01220420043230354
28.5 0.5684 0.013263952726932276
29.5 0.45530000000000004 0.014820101390588482
30.5 0.36629999999999996 0.016522719903220323
31.5 0.3105 0.017946063401938852
32.5 0.2339 0.02067687437254168
33.5 0.186 0.023186944788008416
34.5 0.1469 0.026090902514277467
35.5 0.12440000000000001 0.028352398856187136
36.5 0.08810000000000001 0.03369085602646045
37.5 0.07150000000000001 0.03739787960033829
38.5 0.06129999999999999 0.040389619586100975
39.5 0.044 0.04767312946227962
40.5 0.0304 0.057353933467640436
41.5 0.0257 0.06237828615518053
42.5 0.0184 0.07372097807744857
43.5 0.015 0.08164965809277261
44.5 0.0119 0.09166984970282112
45.5 0.0088 0.10660035817780521
46.5 0.0055 0.13483997249264842
47.5 0.0056 0.1336306209562122
48.5 0.0032 0.17677669529663687
49.5 0.0018999999999999998 0.2294157338705618
50.5 0.002 0.22360679774997896
51.5 0.0014 0.2672612419124244
52.5 0.0015 0.2581988897471611
53.5 0.0009 0.3333333333333333
54.5 0.0005 0.4472135954999579
55.5 0.0007999999999999999 0.3535533905932738
56.5 0.0004 0.5
57.5 0.0001 1.0
58.5 0.00030000000000000003 0.5773502691896257
59.5 0.0 inf
60.5 0.0001 1.0
61.5 0.0 inf
62.5 0.0 inf
63.5 0.0 inf
64.5 0.0 inf
65.5 0.0 inf
66.5 0.0 inf
67.5 0.0 inf
68.5 0.0 inf
69.5 0.0 inf
70.5 0.0 inf
71.5 0.0 inf
72.5 0.0 inf
73.5 0.0 inf
74.5 0.0 inf
75.5 0.0 inf
76.5 0.0 inf
77.5 0.0 inf
78.5 0.0 inf
79.5 0.0 inf
80.5 0.0 inf
81.5 0.0 inf
82.5 0.0 inf
83.5 0.0 inf
84.5 0.0 inf
85.5 0.0 inf
86.5 0.0 inf
87.5 0.0 inf
88.5 0.0 inf
89.5 0.0 inf
90.5 0.0 inf
91.5 0.0 inf
92.5 0.0 inf
93.5 0.0 inf
94.5 0.0 inf
95.5 0.0 inf
96.5 0.0 inf
97.5 0.0 inf
