0.5 38.4529 0.001612632658477088
1.5 20.2993 0.002219522076044276
2.5 20.569899999999997 0.002204874677961213
3.5 18.9399 0.0022977943602876215
4.5 16.6416 0.002451333839471723
5.5 14.8834 0.0025920831152126986
6.5 13.078800000000001 0.002765133161926716
7.5 11.6251 0.002932929685702858
8.5 10.4619 0.003091681290031702
9.5 9.077 0.003319164923494721
10.5 8.1411 0.00350476138596189
11.5 7.140000000000001 0.003742405942825599
12.5 6.3498 0.0039684414462957075
13.5 5.6004 0.004225620361324493
14.5 4.9494 0.004494938178506281
15.5 4.253 0.004849001390378613
16.5 3.7748999999999997 0.005146918298104544
17.5 3.2716 0.005528660224080889
18.5 2.813 0.005962317979731762
19.5 2.3911 0.006466974228903602
20.5 2.056 0.0069741044081458835
21.5 1.7759999999999998 0.0075037528148458035
22.5 1.4757 0.0082319165914826
23.5 1.2517 0.0089381960018248
24.5 1.029 0.00985807941917649
25.5 0.8418 0.010899223022085146
26.5 0.7295 0.011708125038291514
27.5 0.5780000000000001 0.013153341044116407
28.5 0.48510000000000003 0.014357683075131602
29.5 0.4078 0.015659445847071705
30.5 0.3153 0.01780893769916455
31.5 0.2572 0.019718075168127475
32.5 0.2057 0.022048693185121176
33.5 0.1596 0.025031308716087945
34.5 0.1273 0.028027592733560525
35.5 0.10189999999999999 0.03132657448383193
36.5 0.0822 0.03487900532075779
37.5 0.06559999999999999 0.03904344047215152
38.5 0.0508 0.04436782547080569
39.5 0.038900000000000004 0.05070201265633938
40.5 0.0276 0.0601929265428846
41.5 0.022699999999999998 0.0663723311599972
42.5 0.015 0.08164965809277261
43.5 0.0126 0.0890870806374748
44.5 0.009899999999999999 0.10050378152592121
45.5 0.006699999999999999 0.12216944435630522
46.5 0.0052 0.1386750490563073
47.5 0.0045 0.14907119849998599
48.5 0.004 0.15811388300841897
49.5 0.002 0.22360679774997896
50.5 0.001 0.31622776601683794
51.5 0.0018 0.23570226039551587
52.5 0.001 0.31622776601683794
53.5 0.0007 0.3779644730092272
54.5 0.0005 0.4472135954999579
55.5 0.0004 0.5
56.5 0.0002 0.7071067811865475
57.5 0.0002 0.7071067811865475
58.5 0.0005 0.4472135954999579
59.5 0.0001 1.0
60.5 0.0 inf
61.5 0.0001 1.0
62.5 0.0 inf
63.5 0.0 inf
64.5 0.0 inf
65.5 0.0001 1.0
66.5 0.0 inf
67.5 0.0 inf
68.5 0.0 inf
69.5 0.0 inf
70.5 0.0 inf
71.5 0.0 inf
72.5 0.0 inf
73.5 0.0 inf
74.5 0.0 inf
75.5 0.0 inf
76.5 0.0 inf
77.5 0.0 inf
78.5 0.0 inf
79.5 0.0 inf
80.5 0.0 inf
81.5 0.0 inf
82.5 0.0 inf
83.5 0.0 inf
84.5 0.0 inf
85.5 0.0 inf
86.5 0.0 inf
87.5 0.0 inf
88.5 0.0 inf
89.5 0.0 inf
90.5 0.0 inf
91.5 0.0 inf
92.5 0.0 inf
93.5 0.0 inf
94.5 0.0 inf
95.5 0.0 inf
96.5 0.0 inf
97.5 0.0 inf
