0.5 67.3739 0.0012182997530910454
1.5 28.2975 0.0018798619855993398
2.5 26.4491 0.0019444400184478966
3.5 22.8995 0.002089714711246774
4.5 19.3564 0.002272938609489102
5.5 16.9697 0.0024275205643951637
6.5 14.6421 0.0026133544409597236
7.5 12.773700000000002 0.0027979609175882163
8.5 11.317499999999999 0.0029725197471180656
9.5 9.7943 0.0031953122091181673
10.5 8.7652 0.0033776845316199136
11.5 7.649800000000001 0.003615554892775304
12.5 6.7878 0.003838269643630371
13.5 5.9014 0.004116446484976214
14.5 5.2006 0.004385037120921487
15.5 4.4613 0.004734447290453078
16.5 3.9452 0.005034605985253108
17.5 3.3974 0.005425336235459792
18.5 2.9072 0.005864926110607352
19.5 2.4966 0.006328860409643688
20.5 2.1079999999999997 0.006887548923294701
21.5 1.8215 0.007409440454627631
22.5 1.5364 0.008067664895780353
23.5 1.2900999999999998 0.008804167823054446
24.5 1.0577999999999999 0.009722953721952041
25.5 0.8773 0.01067642700984599
26.5 0.7417 0.011611434067571855
27.5 0.6073 0.012832118438741325
28.5 0.5162 0.013918454046250337
29.5 0.4023 0.015766125661346737
30.5 0.3296 0.017418325357290442
31.5 0.2613 0.01956276757616848
32.5 0.20850000000000002 0.02190014399392014
33.5 0.1674 0.024441185836892216
34.5 0.11929999999999999 0.028952080535072162
35.5 0.1021 0.03129587719622029
36.5 0.0801 0.03533326266687867
37.5 0.062200000000000005 0.04009634698823127
38.5 0.0524 0.0436852028330519
39.5 0.0383 0.0510976130307596
40.5 0.0288 0.05892556509887897
41.5 0.0225 0.06666666666666667
42.5 0.0159 0.07930515857181442
43.5 0.0133 0.086710996952412
44.5 0.008799999999999999 0.10660035817780524
45.5 0.0074 0.11624763874381928
46.5 0.0075 0.11547005383792514
47.5 0.0040999999999999995 0.15617376188860607
48.5 0.0024999999999999996 0.2
49.5 0.0024000000000000002 0.20412414523193148
50.5 0.0019 0.22941573387056174
51.5 0.0014 0.2672612419124244
52.5 0.0010999999999999998 0.3015113445777637
53.5 0.0007999999999999999 0.3535533905932738
54.5 0.0003 0.5773502691896258
55.5 0.001 0.31622776601683794
56.5 0.0005 0.4472135954999579
57.5 0.00030000000000000003 0.5773502691896257
58.5 0.0 inf
59.5 0.00039999999999999996 0.5000000000000001
60.5 0.0 inf
61.5 0.0 inf
62.5 0.0 inf
63.5 0.0 inf
64.5 0.0001 1.0
65.5 0.0 inf
66.5 0.0 inf
67.5 0.0 inf
68.5 0.0 inf
69.5 0.0 inf
70.5 0.0 inf
71.5 0.0 inf
72.5 0.0 inf
73.5 0.0 inf
74.5 0.0 inf
75.5 0.0 inf
76.5 0.0 inf
77.5 0.0 inf
78.5 0.0 inf
79.5 0.0 inf
80.5 0.0 inf
81.5 0.0 inf
82.5 0.0 inf
83.5 0.0 inf
84.5 0.0 inf
85.5 0.0 inf
86.5 0.0 inf
87.5 0.0 inf
88.5 0.0 inf
89.5 0.0 inf
90.5 0.0 inf
91.5 0.0 inf
92.5 0.0 inf
93.5 0.0 inf
94.5 0.0 inf
95.5 0.0 inf
96.5 0.0 inf
97.5 0.0 inf
