0.5 38.4143 0.0016134426692196383
1.5 20.2922 0.0022199103343046823
2.5 20.580399999999997 0.0022043121491043425
3.5 18.8794 0.0023014731150540766
4.5 16.689300000000003 0.0024478282313058915
5.5 14.886 0.0025918567377303955
6.5 13.1349 0.0027592218127288513
7.5 11.595099999999999 0.0029367214189054327
8.5 10.4444 0.0030942703223372616
9.5 9.071200000000001 0.0033202258680394745
10.5 8.1931 0.003493621665598158
11.5 7.1805 0.0037318369179611135
12.5 6.4 0.003952847075210474
13.5 5.6063 0.00422339628101343
14.5 4.887700000000001 0.004523220184561212
15.5 4.2666 0.0048412670053054946
16.5 3.7723 0.005148691709887391
17.5 3.2424 0.005553499084800087
18.5 2.8041 0.0059717724554874925
19.5 2.3875 0.006471848016905735
20.5 2.0461 0.006990956057291849
21.5 1.7784 0.007498687844430792
22.5 1.4866000000000001 0.0082016821734879
23.5 1.2279 0.009024403396671288
24.5 1.0533000000000001 0.00974370121063171
25.5 0.8491 0.010852269731828078
26.5 0.705 0.011909826683508273
27.5 0.5924 0.012992492508368574
28.5 0.4883 0.014310560295878644
29.5 0.3943 0.015925262933238246
30.5 0.3181 0.017730384976049764
31.5 0.2483 0.02006834877696495
32.5 0.2066 0.022000616025873207
33.5 0.16699999999999998 0.024470439211619822
34.5 0.1259 0.028182994438777077
35.5 0.1003 0.03157544889753363
36.5 0.0832 0.03466876226407682
37.5 0.0668 0.03869116162670684
38.5 0.0511 0.04423739552038088
39.5 0.0359 0.05277798139692595
40.5 0.0295 0.0582222509739582
41.5 0.023399999999999997 0.06537204504606135
42.5 0.017 0.07669649888473704
43.5 0.0112 0.0944911182523068
44.5 0.01 0.1
45.5 0.0092 0.10425720702853739
46.5 0.0051 0.14002800840280097
47.5 0.004 0.15811388300841897
48.5 0.0031 0.1796053020267749
49.5 0.0029 0.18569533817705186
50.5 0.0015999999999999999 0.25000000000000006
51.5 0.0011 0.30151134457776363
52.5 0.00039999999999999996 0.5000000000000001
53.5 0.0004 0.5
54.5 0.00030000000000000003 0.5773502691896257
55.5 0.0003 0.5773502691896258
56.5 0.0001 1.0
57.5 0.0002 0.7071067811865475
58.5 0.00030000000000000003 0.5773502691896257
59.5 0.0001 1.0
60.5 0.0 inf
61.5 0.0001 1.0
62.5 0.0 inf
63.5 0.0 inf
64.5 0.0 inf
65.5 0.0 inf
66.5 0.0 inf
67.5 0.0 inf
68.5 0.0 inf
69.5 0.0 inf
70.5 0.0 inf
71.5 0.0 inf
72.5 0.0 inf
73.5 0.0 inf
74.5 0.0 inf
75.5 0.0 inf
76.5 0.0 inf
77.5 0.0 inf
78.5 0.0 inf
79.5 0.0 inf
80.5 0.0 inf
81.5 0.0 inf
82.5 0.0 inf
83.5 0.0 inf
84.5 0.0 inf
85.5 0.0 inf
86.5 0.0 inf
87.5 0.0 inf
88.5 0.0 inf
89.5 0.0 inf
90.5 0.0 inf
91.5 0.0 inf
92.5 0.0 inf
93.5 0.0 inf
94.5 0.0 inf
95.5 0.0 inf
96.5 0.0 inf
97.5 0.0 inf
