0.5 38.5079 0.0016114806028071117
1.5 20.3683 0.002215759441355376
2.5 20.6218 0.0022020983663283717
3.5 18.865499999999997 0.002302320815509032
4.5 16.6602 0.0024499650821214985
5.5 15.001100000000001 0.0025818942297520632
6.5 13.1116 0.0027616723653681296
7.5 11.655999999999999 0.0029290395145326895
8.5 10.4453 0.0030941370134193553
9.5 9.138 0.0033080679611170007
10.5 8.183 0.0034957770302314027
11.5 7.1744 0.003733423069309368
12.5 6.4098 0.003949824147868978
13.5 5.5663 0.00423854399487018
14.5 4.917400000000001 0.004509539875887501
15.5 4.2872 0.004829621853480956
16.5 3.7757 0.00514637300150144
17.5 3.2870999999999997 0.005515609892016497
18.5 2.8153 0.005959881981201572
19.5 2.4082999999999997 0.0064438393883769415
20.5 2.0532 0.0069788581679711545
21.5 1.7538 0.007551095573545372
22.5 1.4727999999999999 0.008240017086517146
23.5 1.2306 0.009014497956699756
24.5 1.0438999999999998 0.0097874724184828
25.5 0.8621 0.010770135753570175
26.5 0.7339 0.011672975020262903
27.5 0.5804 0.013126117818567132
28.5 0.4898 0.014288630630398279
29.5 0.40059999999999996 0.01579954308382093
30.5 0.3264 0.01750350105035012
31.5 0.2553 0.01979131233319198
32.5 0.20700000000000002 0.0219793491131929
33.5 0.1603 0.02497659540757031
34.5 0.1257 0.028205406366325913
35.5 0.0995 0.031702131247412065
36.5 0.0789 0.03560094272544522
37.5 0.066 0.03892494720807615
38.5 0.0525 0.04364357804719848
39.5 0.035699999999999996 0.052925612402496325
40.5 0.0266 0.06131393394849658
41.5 0.02 0.07071067811865475
42.5 0.0166 0.07761505257063328
43.5 0.014100000000000001 0.0842151921066519
44.5 0.008400000000000001 0.10910894511799617
45.5 0.0075 0.11547005383792514
46.5 0.0062 0.1270001270001905
47.5 0.0051 0.14002800840280097
48.5 0.0029 0.18569533817705186
49.5 0.0025 0.2
50.5 0.0023 0.20851441405707477
51.5 0.0015 0.2581988897471611
52.5 0.0009 0.3333333333333333
53.5 0.0006000000000000001 0.40824829046386296
54.5 0.0006 0.4082482904638631
55.5 0.00030000000000000003 0.5773502691896257
56.5 0.0 inf
57.5 0.0002 0.7071067811865475
58.5 0.0001 1.0
59.5 0.0 inf
60.5 0.0 inf
61.5 0.0 inf
62.5 0.0 inf
63.5 0.0 inf
64.5 0.0 inf
65.5 0.0 inf
66.5 0.0 inf
67.5 0.0 inf
68.5 0.0 inf
69.5 0.0 inf
70.5 0.0 inf
71.5 0.0 inf
72.5 0.0 inf
73.5 0.0 inf
74.5 0.0 inf
75.5 0.0 inf
76.5 0.0 inf
77.5 0.0 inf
78.5 0.0 inf
79.5 0.0 inf
80.5 0.0 inf
81.5 0.0 inf
82.5 0.0 inf
83.5 0.0 inf
84.5 0.0 inf
85.5 0.0 inf
86.5 0.0 inf
87.5 0.0 inf
88.5 0.0 inf
89.5 0.0 inf
90.5 0.0 inf
91.5 0.0 inf
92.5 0.0 inf
93.5 0.0 inf
94.5 0.0 inf
95.5 0.0 inf
96.5 0.0 inf
97.5 0.0 inf
