0.5 38.687799999999996 0.0016077295086052309
1.5 20.4341 0.0022121890729252113
2.5 20.617800000000003 0.0022023119673499156
3.5 19.027 0.002292529014789028
4.5 16.7742 0.0024416257224726184
5.5 15.005 0.0025815586735416945
6.5 13.1731 0.0027552182449692695
7.5 11.7183 0.0029212430617661257
8.5 10.4467 0.003093929678234164
9.5 9.1706 0.0033021829030301882
10.5 8.2168 0.0034885796404412637
11.5 7.2092 0.0037244012435533507
12.5 6.452 0.003936885832202485
13.5 5.625299999999999 0.0042162577815160725
14.5 4.945 0.004496937504132879
15.5 4.295999999999999 0.004824672777665406
16.5 3.8103 0.0051229535086727215
17.5 3.2862 0.005516365127405418
18.5 2.7701000000000002 0.006008309229004718
19.5 2.4286 0.006416851733121832
20.5 2.0742000000000003 0.00694343996849438
21.5 1.7826 0.007489848771743228
22.5 1.4698 0.008248422124661477
23.5 1.2607 0.008906234453242002
24.5 1.0532 0.009744163775668438
25.5 0.8657 0.010747718702951688
26.5 0.7083 0.01188205009665865
27.5 0.587 0.013052116735521604
28.5 0.49520000000000003 0.014210510570080112
29.5 0.3966 0.015879018148092575
30.5 0.3186 0.017716466781757798
31.5 0.259 0.01964943729729648
32.5 0.2115 0.021744269101781406
33.5 0.1624 0.024814583349273254
34.5 0.1322 0.027503266206804603
35.5 0.1004 0.031559720154890156
36.5 0.0808 0.03517987723651459
37.5 0.0621 0.040128617695256406
38.5 0.0491 0.04512936824065242
39.5 0.041499999999999995 0.0490880693673816
40.5 0.027200000000000002 0.06063390625908324
41.5 0.024300000000000002 0.06415002990995841
42.5 0.0158 0.079555728417573
43.5 0.0135 0.08606629658238704
44.5 0.0084 0.1091089451179962
45.5 0.0075 0.11547005383792514
46.5 0.0056 0.1336306209562122
47.5 0.0051 0.14002800840280097
48.5 0.0031 0.1796053020267749
49.5 0.0024000000000000002 0.20412414523193148
50.5 0.0010999999999999998 0.3015113445777637
51.5 0.001 0.31622776601683794
52.5 0.001 0.31622776601683794
53.5 0.0006 0.4082482904638631
54.5 0.0005 0.4472135954999579
55.5 0.00030000000000000003 0.5773502691896257
56.5 0.0001 1.0
57.5 0.0001 1.0
58.5 0.0001 1.0
59.5 0.0 inf
60.5 0.0 inf
61.5 0.0 inf
62.5 0.0 inf
63.5 0.0 inf
64.5 0.0 inf
65.5 0.0 inf
66.5 0.0 inf
67.5 0.0 inf
68.5 0.0 inf
69.5 0.0 inf
70.5 0.0 inf
71.5 0.0 inf
72.5 0.0 inf
73.5 0.0 inf
74.5 0.0 inf
75.5 0.0 inf
76.5 0.0 inf
77.5 0.0 inf
78.5 0.0 inf
79.5 0.0 inf
80.5 0.0 inf
81.5 0.0 inf
82.5 0.0 inf
83.5 0.0 inf
84.5 0.0 inf
85.5 0.0 inf
86.5 0.0 inf
87.5 0.0 inf
88.5 0.0 inf
89.5 0.0 inf
90.5 0.0 inf
91.5 0.0 inf
92.5 0.0 inf
93.5 0.0 inf
94.5 0.0 inf
95.5 0.0 inf
96.5 0.0 inf
97.5 0.0 inf
