0.5 74.87950000000001 0.0011556292670797915
1.5 29.4469 0.0018428085104659731
2.5 26.9861 0.0019249964694394005
3.5 23.115000000000002 0.002079950747349447
4.5 19.5578 0.0022612053257052307
5.5 17.0816 0.0024195562669706797
6.5 14.630700000000001 0.0026143723840342595
7.5 12.8083 0.0027941791934007632
8.5 11.4281 0.0029581009030101198
9.5 9.8141 0.003192087301870352
10.5 8.7711 0.0033765483177395934
11.5 7.6889 0.0036063501705141856
12.5 6.8082 0.003832514859431466
13.5 5.9228000000000005 0.004109003073806643
14.5 5.1856 0.004391374676794286
15.5 4.4765999999999995 0.004726349733951335
16.5 3.9385000000000003 0.005038886488808728
17.5 3.4081 0.005416812903780665
18.5 2.8789 0.005893682146957543
19.5 2.489 0.006338515427323549
20.5 2.1826 0.0067688193656827225
21.5 1.8521999999999998 0.007347778569623423
22.5 1.5088 0.00814112011282295
23.5 1.2684 0.008879160028572114
24.5 1.0752 0.009643959372630745
25.5 0.8799 0.010660641553259477
26.5 0.7305999999999999 0.011699307772438054
27.5 0.5932 0.012983728600114436
28.5 0.5138 0.01395092326777534
29.5 0.3995 0.01582127969267633
30.5 0.3234 0.017584498711333246
31.5 0.2636 0.019477234678290496
32.5 0.2076 0.021947564065307356
33.5 0.16449999999999998 0.024655683636076897
34.5 0.1276 0.027994625547792716
35.5 0.1011 0.031450273186121945
36.5 0.0789 0.03560094272544522
37.5 0.06559999999999999 0.03904344047215152
38.5 0.0511 0.04423739552038088
39.5 0.0377 0.051502620262460476
40.5 0.0279 0.05986843400892496
41.5 0.022699999999999998 0.0663723311599972
42.5 0.0159 0.07930515857181442
43.5 0.013000000000000001 0.08770580193070293
44.5 0.0106 0.09712858623572641
45.5 0.009600000000000001 0.10206207261596574
46.5 0.0063 0.1259881576697424
47.5 0.0045000000000000005 0.14907119849998599
48.5 0.0026 0.19611613513818404
49.5 0.0023 0.20851441405707477
50.5 0.0018999999999999998 0.2294157338705618
51.5 0.001 0.31622776601683794
52.5 0.0010999999999999998 0.3015113445777637
53.5 0.0007 0.3779644730092272
54.5 0.0007 0.3779644730092272
55.5 0.0006000000000000001 0.40824829046386296
56.5 0.0002 0.7071067811865475
57.5 0.00030000000000000003 0.5773502691896257
58.5 0.0001 1.0
59.5 0.0001 1.0
60.5 0.0 inf
61.5 0.0001 1.0
62.5 0.0 inf
63.5 0.0 inf
64.5 0.0 inf
65.5 0.0 inf
66.5 0.0001 1.0
67.5 0.0 inf
68.5 0.0 inf
69.5 0.0 inf
70.5 0.0 inf
71.5 0.0 inf
72.5 0.0 inf
73.5 0.0 inf
74.5 0.0 inf
75.5 0.0 inf
76.5 0.0 inf
77.5 0.0 inf
78.5 0.0 inf
79.5 0.0 inf
80.5 0.0 inf
81.5 0.0 inf
82.5 0.0 inf
83.5 0.0 inf
84.5 0.0 inf
85.5 0.0 inf
86.5 0.0 inf
87.5 0.0 inf
88.5 0.0 inf
89.5 0.0 inf
90.5 0.0 inf
91.5 0.0 inf
92.5 0.0 inf
93.5 0.0 inf
94.5 0.0 inf
95.5 0.0 inf
96.5 0.0 inf
97.5 0.0 inf
