0.5 38.4513 0.0016126662098188212
1.5 20.3046 0.0022192323822127847
2.5 20.5324 0.0022068872308598215
3.5 18.868000000000002 0.002302168282312307
4.5 16.7076 0.002446487298750427
5.5 14.9371 0.002587419552918877
6.5 13.0699 0.0027660744658789807
7.5 11.6181 0.0029338131096827507
8.5 10.4224 0.0030975343527757247
9.5 9.1112 0.0033129296216525116
10.5 8.1708 0.003498385867297458
11.5 7.14 0.003742405942825599
12.5 6.367900000000001 0.003962797520978947
13.5 5.6233 0.004217007498400535
14.5 4.9351 0.004501445758941294
15.5 4.2578 0.004846267376315257
16.5 3.7595 0.005157449158197381
17.5 3.2795 0.005521997203716544
18.5 2.7996999999999996 0.005976463222921004
19.5 2.4144 0.006435694035637851
20.5 2.0492 0.006985666147512159
21.5 1.7492 0.007561017890402671
22.5 1.4555 0.008288842645462435
23.5 1.2466 0.008956460991166247
24.5 1.0296 0.009855206599818044
25.5 0.8634 0.010762024535851131
26.5 0.7030000000000001 0.0119267560832174
27.5 0.5758 0.013178445040493487
28.5 0.5011 0.014126604895553455
29.5 0.397 0.015871016626723793
30.5 0.3217 0.017630899487083906
31.5 0.255 0.019802950859533486
32.5 0.1998 0.022371868507134143
33.5 0.167 0.024470439211619822
34.5 0.132 0.027524094128159017
35.5 0.1007 0.031512674583162724
36.5 0.0779 0.03582871819500093
37.5 0.0631 0.03980937143290165
38.5 0.049100000000000005 0.04512936824065242
39.5 0.036000000000000004 0.05270462766947299
40.5 0.026799999999999997 0.06108472217815261
41.5 0.0247 0.06362847629757777
42.5 0.015200000000000002 0.08111071056538126
43.5 0.011 0.09534625892455924
44.5 0.0102 0.09901475429766741
45.5 0.0092 0.10425720702853739
46.5 0.0063 0.1259881576697424
47.5 0.0037 0.1643989873053573
48.5 0.0042 0.1543033499620919
49.5 0.0022 0.21320071635561041
50.5 0.0014 0.2672612419124244
51.5 0.0017000000000000001 0.24253562503633297
52.5 0.0010999999999999998 0.3015113445777637
53.5 0.0004 0.5
54.5 0.0006 0.4082482904638631
55.5 0.00039999999999999996 0.5000000000000001
56.5 0.0001 1.0
57.5 0.0002 0.7071067811865475
58.5 0.0001 1.0
59.5 0.0001 1.0
60.5 0.0001 1.0
61.5 0.0001 1.0
62.5 0.0 inf
63.5 0.0 inf
64.5 0.0001 1.0
65.5 0.0001 1.0
66.5 0.0 inf
67.5 0.0 inf
68.5 0.0 inf
69.5 0.0 inf
70.5 0.0 inf
71.5 0.0 inf
72.5 0.0 inf
73.5 0.0 inf
74.5 0.0 inf
75.5 0.0 inf
76.5 0.0 inf
77.5 0.0 inf
78.5 0.0 inf
79.5 0.0 inf
80.5 0.0 inf
81.5 0.0 inf
82.5 0.0 inf
83.5 0.0 inf
84.5 0.0 inf
85.5 0.0 inf
86.5 0.0 inf
87.5 0.0 inf
88.5 0.0 inf
89.5 0.0 inf
90.5 0.0 inf
91.5 0.0 inf
92.5 0.0 inf
93.5 0.0 inf
94.5 0.0 inf
95.5 0.0 inf
96.5 0.0 inf
97.5 0.0 inf
