0.5 121.8192 0.0009060290620223504
1.5 33.4599 0.001728771843830695
2.5 29.0016 0.0018569021575899434
3.5 24.1143 0.002036398039327099
4.5 20.046 0.0022335009266406403
5.5 17.4003 0.0023972958411725407
6.5 14.8979 0.0025908213818487892
7.5 12.9516 0.00277867842137561
8.5 11.418199999999999 0.002959383016384104
9.5 9.8534 0.003185715167962466
10.5 8.8056 0.003369927233272891
11.5 7.6555 0.003614208638420384
12.5 6.8178 0.0038298156673653686
13.5 5.948 0.004100289490657421
14.5 5.206200000000001 0.004382678124451467
15.5 4.484 0.004722448147213711
16.5 3.9530000000000003 0.005029636428267608
17.5 3.3822 0.005437513615041371
18.5 2.9173 0.00585476481201513
19.5 2.4714 0.006361045159783395
20.5 2.1500000000000004 0.006819943394704734
21.5 1.8284 0.007395446398549713
22.5 1.5124 0.008131425093701777
23.5 1.2835 0.008826775146438311
24.5 1.1031 0.009521219068294772
25.5 0.8781 0.010671562479688076
26.5 0.7357 0.011658686436167751
27.5 0.5743 0.013195644045124426
28.5 0.5082 0.014027577269281081
29.5 0.4008 0.015795600590164088
30.5 0.33230000000000004 0.017347417443674195
31.5 0.2657 0.019400111356958783
32.5 0.2102 0.02181140511198411
33.5 0.1577 0.025181648258293953
34.5 0.1265 0.028116077855776665
35.5 0.1072 0.030542361089076306
36.5 0.0888 0.033557802760701215
37.5 0.0694 0.037959480900056165
38.5 0.0497 0.04485613040162566
39.5 0.0365 0.052342392259021375
40.5 0.029699999999999997 0.058025885318565944
41.5 0.0218 0.06772854614785964
42.5 0.017599999999999998 0.07537783614444092
43.5 0.0127 0.08873565094161139
44.5 0.010499999999999999 0.09759000729485333
45.5 0.0085 0.10846522890932808
46.5 0.006 0.12909944487358055
47.5 0.0045000000000000005 0.14907119849998599
48.5 0.0031 0.1796053020267749
49.5 0.0022 0.21320071635561041
50.5 0.0015 0.2581988897471611
51.5 0.001 0.31622776601683794
52.5 0.0007999999999999999 0.3535533905932738
53.5 0.0007 0.3779644730092272
54.5 0.0005 0.4472135954999579
55.5 0.0002 0.7071067811865475
56.5 0.0002 0.7071067811865475
57.5 0.0005 0.4472135954999579
58.5 0.0 inf
59.5 0.0 inf
60.5 0.0 inf
61.5 0.0001 1.0
62.5 0.0001 1.0
63.5 0.0 inf
64.5 0.0 inf
65.5 0.0 inf
66.5 0.0 inf
67.5 0.0 inf
68.5 0.0 inf
69.5 0.0 inf
70.5 0.0 inf
71.5 0.0 inf
72.5 0.0 inf
73.5 0.0 inf
74.5 0.0 inf
75.5 0.0 inf
76.5 0.0 inf
77.5 0.0 inf
78.5 0.0 inf
79.5 0.0 inf
80.5 0.0 inf
81.5 0.0 inf
82.5 0.0 inf
83.5 0.0 inf
84.5 0.0 inf
85.5 0.0 inf
86.5 0.0 inf
87.5 0.0 inf
88.5 0.0 inf
89.5 0.0 inf
90.5 0.0 inf
91.5 0.0 inf
92.5 0.0 inf
93.5 0.0 inf
94.5 0.0 inf
95.5 0.0 inf
96.5 0.0 inf
97.5 0.0 inf
