0.5 38.460300000000004 0.0016124775107566214
1.5 20.3373 0.0022174475313980493
2.5 20.538 0.0022065863395596486
3.5 18.855800000000002 0.0023029129314764587
4.5 16.664900000000003 0.002449619576061382
5.5 14.9555 0.0025858273904309373
6.5 13.0988 0.0027630213734731847
7.5 11.633099999999999 0.002931921034836667
8.5 10.464099999999998 0.003091356271330742
9.5 9.0552 0.0033231578942802533
10.5 8.1928 0.0034936856288894183
11.5 7.1371 0.0037431661868317315
12.5 6.4048 0.003951365590840164
13.5 5.6224 0.0042173450015022575
14.5 4.8802 0.004526694542942242
15.5 4.2468 0.004852539683200626
16.5 3.7962 0.005132458631619889
17.5 3.2915 0.005511922090193305
18.5 2.7901 0.0059867361126762055
19.5 2.419 0.006429572026566925
20.5 2.0586 0.006969698889724476
21.5 1.7506 0.007557993915122012
22.5 1.4672 0.008255727333547831
23.5 1.2453 0.008961134709211784
24.5 1.0474 0.009771105787283352
25.5 0.8562000000000001 0.010807180081877095
26.5 0.7046 0.011913206796158564
27.5 0.587 0.013052116735521604
28.5 0.5011 0.014126604895553455
29.5 0.3997 0.01581732090875531
30.5 0.3216 0.017633640396464957
31.5 0.25880000000000003 0.019657028349268784
32.5 0.196 0.022587697572631283
33.5 0.16870000000000002 0.024346831983299167
34.5 0.1264 0.028127197523150592
35.5 0.0983 0.03189504660547484
36.5 0.0791 0.035555906726738896
37.5 0.058499999999999996 0.041344911529736156
38.5 0.047799999999999995 0.04573893537463483
39.5 0.039599999999999996 0.050251890762960605
40.5 0.029900000000000003 0.05783149319662401
41.5 0.0236 0.06509445549041194
42.5 0.016 0.07905694150420949
43.5 0.009600000000000001 0.10206207261596574
44.5 0.0094 0.10314212462587934
45.5 0.0067 0.12216944435630522
46.5 0.003 0.18257418583505536
47.5 0.0049 0.14285714285714285
48.5 0.0027 0.19245008972987526
49.5 0.0025 0.2
50.5 0.0022 0.21320071635561041
51.5 0.0007 0.3779644730092272
52.5 0.0007 0.3779644730092272
53.5 0.00039999999999999996 0.5000000000000001
54.5 0.0005 0.4472135954999579
55.5 0.0005 0.4472135954999579
56.5 0.00039999999999999996 0.5000000000000001
57.5 0.0006000000000000001 0.40824829046386296
58.5 0.0001 1.0
59.5 0.0001 1.0
60.5 0.0 inf
61.5 0.0 inf
62.5 0.0 inf
63.5 0.0001 1.0
64.5 0.0 inf
65.5 0.0 inf
66.5 0.0 inf
67.5 0.0 inf
68.5 0.0 inf
69.5 0.0 inf
70.5 0.0 inf
71.5 0.0 inf
72.5 0.0 inf
73.5 0.0 inf
74.5 0.0 inf
75.5 0.0 inf
76.5 0.0 inf
77.5 0.0 inf
78.5 0.0 inf
79.5 0.0 inf
80.5 0.0 inf
81.5 0.0 inf
82.5 0.0 inf
83.5 0.0 inf
84.5 0.0 inf
85.5 0.0 inf
86.5 0.0 inf
87.5 0.0 inf
88.5 0.0 inf
89.5 0.0 inf
90.5 0.0 inf
91.5 0.0 inf
92.5 0.0 inf
93.5 0.0 inf
94.5 0.0 inf
95.5 0.0 inf
96.5 0.0 inf
97.5 0.0 inf
