0.5 39.2393 0.0015963913810636728
1.5 20.761699999999998 0.00219466654967241
2.5 20.97 0.0021837392736013947
3.5 19.347 0.002273490711323125
4.5 16.9935 0.002425820054418065
5.5 15.234 0.002562081994392302
6.5 13.3894 0.002732872949823267
7.5 11.8638 0.0029032744465246046
8.5 10.586500000000001 0.0030734333468721738
9.5 9.300999999999998 0.003278952895868329
10.5 8.314699999999998 0.003467980987664794
11.5 7.297000000000001 0.00370192679904532
12.5 6.4899000000000004 0.003925373601718047
13.5 5.6809 0.004195574408789641
14.5 4.992 0.004475717962746456
15.5 4.3637 0.004787100632966835
16.5 3.8348 0.0051065623703940525
17.5 3.3415999999999997 0.0054704464219606655
18.5 2.8282 0.005946274324873649
19.5 2.4436999999999998 0.006396995652817531
20.5 2.0956 0.006907896231799034
21.5 1.7724 0.007511369551181503
22.5 1.5011 0.008161973634076352
23.5 1.2541 0.008929639290487887
24.5 1.0648 0.009690941652527747
25.5 0.8536999999999999 0.010822992544730266
26.5 0.7249 0.011745214433016024
27.5 0.5695 0.013251136747832066
28.5 0.5028 0.014102703183162956
29.5 0.393 0.015951580680567408
30.5 0.3302 0.017402492911639783
31.5 0.2733 0.019128467797450026
32.5 0.2052 0.022075539284417398
33.5 0.1562 0.025302269968462875
34.5 0.1297 0.027767067240353285
35.5 0.10239999999999999 0.03125000000000001
36.5 0.08410000000000001 0.03448275862068965
37.5 0.06509999999999999 0.03919309008348103
38.5 0.049600000000000005 0.04490132550669372
39.5 0.0393 0.050443327230531826
40.5 0.028999999999999998 0.058722021951470346
41.5 0.0218 0.06772854614785964
42.5 0.015899999999999997 0.07930515857181443
43.5 0.0124 0.08980265101338746
44.5 0.009899999999999999 0.10050378152592121
45.5 0.0073 0.11704114719613057
46.5 0.006 0.12909944487358055
47.5 0.0045000000000000005 0.14907119849998599
48.5 0.0031999999999999997 0.1767766952966369
49.5 0.0027 0.19245008972987526
50.5 0.0021999999999999997 0.21320071635561047
51.5 0.001 0.31622776601683794
52.5 0.0009 0.3333333333333333
53.5 0.0006000000000000001 0.40824829046386296
54.5 0.0004 0.5
55.5 0.0001 1.0
56.5 0.0 inf
57.5 0.0003 0.5773502691896258
58.5 0.0002 0.7071067811865475
59.5 0.0 inf
60.5 0.0001 1.0
61.5 0.0 inf
62.5 0.0 inf
63.5 0.0 inf
64.5 0.0 inf
65.5 0.0 inf
66.5 0.0 inf
67.5 0.0 inf
68.5 0.0 inf
69.5 0.0 inf
70.5 0.0 inf
71.5 0.0 inf
72.5 0.0 inf
73.5 0.0 inf
74.5 0.0 inf
75.5 0.0 inf
76.5 0.0 inf
77.5 0.0 inf
78.5 0.0 inf
79.5 0.0 inf
80.5 0.0 inf
81.5 0.0 inf
82.5 0.0 inf
83.5 0.0 inf
84.5 0.0 inf
85.5 0.0 inf
86.5 0.0 inf
87.5 0.0 inf
88.5 0.0 inf
89.5 0.0 inf
90.5 0.0 inf
91.5 0.0 inf
92.5 0.0 inf
93.5 0.0 inf
94.5 0.0 inf
95.5 0.0 inf
96.5 0.0 inf
97.5 0.0 inf
