0.5 38.480199999999996 0.0016120605112069034
1.5 20.3246 0.0022181402187269788
2.5 20.5825 0.002204199694990582
3.5 18.8594 0.002302693123788355
4.5 16.6936 0.0024475129506207264
5.5 14.9635 0.002585136062038291
6.5 13.1019 0.002762694479168774
7.5 11.701699999999999 0.002923314361198378
8.5 10.419599999999999 0.003097950516236802
9.5 9.1034 0.0033143486144553043
10.5 8.1871 0.003494901599329005
11.5 7.154400000000001 0.0037386377868680646
12.5 6.3926 0.00395513429856856
13.5 5.574199999999999 0.004235539404983065
14.5 4.9175 0.004509494023698359
15.5 4.2425 0.004854998214271298
16.5 3.7755 0.005146509309403664
17.5 3.2764 0.005524608933680403
18.5 2.8215000000000003 0.005953330219742443
19.5 2.3889 0.006469951345825322
20.5 2.0539 0.006977668816730591
21.5 1.7546 0.007549373937505315
22.5 1.509 0.008140580590630582
23.5 1.2325 0.0090075469822209
24.5 1.0545 0.009738155563505966
25.5 0.8555999999999999 0.010810968751610264
26.5 0.7059 0.011902231937268718
27.5 0.5851999999999999 0.013072174640400055
28.5 0.5146999999999999 0.01393872069880353
29.5 0.38880000000000003 0.016037507477489603
30.5 0.3118 0.017908612711114453
31.5 0.2577 0.0196989369755484
32.5 0.20400000000000001 0.022140372138502378
33.5 0.16599999999999998 0.0245440346836908
34.5 0.1254 0.02823912473624525
35.5 0.10239999999999999 0.03125000000000001
36.5 0.0872 0.03386427307392982
37.5 0.0586 0.04130961923860138
38.5 0.0485 0.045407660918649985
39.5 0.034699999999999995 0.0536828127095019
40.5 0.0322 0.05572782125753528
41.5 0.0242 0.0642824346533225
42.5 0.018000000000000002 0.07453559924999299
43.5 0.0102 0.09901475429766741
44.5 0.009899999999999999 0.10050378152592121
45.5 0.007299999999999999 0.11704114719613057
46.5 0.0056 0.1336306209562122
47.5 0.0035 0.1690308509457033
48.5 0.0040999999999999995 0.15617376188860607
49.5 0.0026 0.19611613513818404
50.5 0.0017000000000000001 0.24253562503633297
51.5 0.0012000000000000001 0.28867513459481287
52.5 0.0009 0.3333333333333333
53.5 0.00030000000000000003 0.5773502691896257
54.5 0.0005 0.4472135954999579
55.5 0.0002 0.7071067811865475
56.5 0.0002 0.7071067811865475
57.5 0.0002 0.7071067811865475
58.5 0.0002 0.7071067811865475
59.5 0.0 inf
60.5 0.0001 1.0
61.5 0.0 inf
62.5 0.0 inf
63.5 0.0 inf
64.5 0.0 inf
65.5 0.0 inf
66.5 0.0 inf
67.5 0.0 inf
68.5 0.0 inf
69.5 0.0 inf
70.5 0.0 inf
71.5 0.0 inf
72.5 0.0 inf
73.5 0.0 inf
74.5 0.0 inf
75.5 0.0 inf
76.5 0.0 inf
77.5 0.0 inf
78.5 0.0 inf
79.5 0.0 inf
80.5 0.0 inf
81.5 0.0 inf
82.5 0.0 inf
83.5 0.0 inf
84.5 0.0 inf
85.5 0.0 inf
86.5 0.0 inf
87.5 0.0 inf
88.5 0.0 inf
89.5 0.0 inf
90.5 0.0 inf
91.5 0.0 inf
92.5 0.0 inf
93.5 0.0 inf
94.5 0.0 inf
95.5 0.0 inf
96.5 0.0 inf
97.5 0.0 inf
