0.5 38.433499999999995 0.0016130396097909774
1.5 20.2885 0.0022201127468485077
2.5 20.6102 0.0022027179805919933
3.5 18.8705 0.0023020157794284225
4.5 16.5531 0.0024578780471919332
5.5 14.950500000000002 0.0025862597524301183
6.5 13.1092 0.0027619251538809507
7.5 11.718 0.002921280455831216
8.5 10.363399999999999 0.003106339144354636
9.5 9.0713 0.003320207567272118
10.5 8.1751 0.0034974656927512825
11.5 7.1762999999999995 0.0037329288053144427
12.5 6.4102 0.003949700910348539
13.5 5.577500000000001 0.004234286213758689
14.5 4.9009 0.004517124695590942
15.5 4.2849 0.004830917874396135
16.5 3.7433 0.00516859713928389
17.5 3.2802 0.005521407970699478
18.5 2.789 0.00598791660039935
19.5 2.3927 0.006464811632436693
20.5 2.0721 0.006946957542794883
21.5 1.7557 0.007547008609583276
22.5 1.4933 0.00818326221541089
23.5 1.2569 0.008919687452491776
24.5 1.0445 0.009784660868919793
25.5 0.8267 0.01099831188867769
26.5 0.723 0.011760637161538764
27.5 0.5822 0.013105810963198412
28.5 0.4885 0.014307630505634845
29.5 0.3964 0.015883023449744897
30.5 0.31 0.01796053020267749
31.5 0.2515 0.019940268657049436
32.5 0.2007 0.022321651006080835
33.5 0.162 0.024845199749997663
34.5 0.1282 0.027929038673897278
35.5 0.10120000000000001 0.03143473067309657
36.5 0.0809 0.035158127696731496
37.5 0.06420000000000001 0.03946685189819291
38.5 0.053599999999999995 0.04319342127906801
39.5 0.0387 0.05083285677753489
40.5 0.028200000000000003 0.05954913341754137
41.5 0.022600000000000002 0.06651901052377392
42.5 0.018500000000000003 0.07352146220938077
43.5 0.0123 0.09016696346674323
44.5 0.0116 0.09284766908852593
45.5 0.0077 0.11396057645963795
46.5 0.0054 0.13608276348795434
47.5 0.0043 0.15249857033260467
48.5 0.0034000000000000002 0.17149858514250882
49.5 0.002 0.22360679774997896
50.5 0.0015999999999999999 0.25000000000000006
51.5 0.0013 0.2773500981126146
52.5 0.0004 0.5
53.5 0.0006 0.4082482904638631
54.5 0.0002 0.7071067811865475
55.5 0.00030000000000000003 0.5773502691896257
56.5 0.0001 1.0
57.5 0.0005 0.4472135954999579
58.5 0.00030000000000000003 0.5773502691896257
59.5 0.0002 0.7071067811865475
60.5 0.0002 0.7071067811865475
61.5 0.0001 1.0
62.5 0.0 inf
63.5 0.0 inf
64.5 0.0 inf
65.5 0.0 inf
66.5 0.0 inf
67.5 0.0001 1.0
68.5 0.0 inf
69.5 0.0 inf
70.5 0.0 inf
71.5 0.0 inf
72.5 0.0 inf
73.5 0.0 inf
74.5 0.0 inf
75.5 0.0 inf
76.5 0.0 inf
77.5 0.0 inf
78.5 0.0 inf
79.5 0.0 inf
80.5 0.0 inf
81.5 0.0 inf
82.5 0.0 inf
83.5 0.0 inf
84.5 0.0 inf
85.5 0.0 inf
86.5 0.0 inf
87.5 0.0 inf
88.5 0.0 inf
89.5 0.0 inf
90.5 0.0 inf
91.5 0.0 inf
92.5 0.0 inf
93.5 0.0 inf
94.5 0.0 inf
95.5 0.0 inf
96.5 0.0 inf
97.5 0.0 inf
