0.5 38.551899999999996 0.0016105607338847327
1.5 20.3557 0.002216445103110076
2.5 20.5811 0.0022042746624873783
3.5 18.9131 0.002299421779620161
4.5 16.6983 0.0024471684808115564
5.5 14.9452 0.0025867182930205098
6.5 13.158999999999999 0.0027566939717025346
7.5 11.6693 0.002927369862887251
8.5 10.4625 0.0030915926384011217
9.5 9.0966 0.003315587173931524
10.5 8.2255 0.003486734240618467
11.5 7.1714 0.003734203886033111
12.5 6.3904 0.003955815049906099
13.5 5.5764 0.004234703820562605
14.5 4.9466 0.004496210167990621
15.5 4.276199999999999 0.004835829668753074
16.5 3.7734 0.005147941196597881
17.5 3.2737 0.005526886688176254
18.5 2.7981 0.005978171699131832
19.5 2.3986 0.006456855767998727
20.5 2.0723000000000003 0.006946622305369531
21.5 1.7647 0.0075277390733330535
22.5 1.4761 0.008230801155624976
23.5 1.2709000000000001 0.008870422587684189
24.5 1.0375 0.00981761387347632
25.5 0.8698 0.010722357874144895
26.5 0.7102999999999999 0.011865310091027703
27.5 0.5713 0.0132302450416222
28.5 0.5069 0.01404555337252126
29.5 0.3942 0.015927282752249885
30.5 0.32010000000000005 0.01767490804100673
31.5 0.2579 0.01969129728669193
32.5 0.2006 0.022327214034455325
33.5 0.1638 0.024708310555370042
34.5 0.1212 0.0287242494810713
35.5 0.1046 0.030919620705155318
36.5 0.0795 0.03546634510659543
37.5 0.0619 0.04019339355290704
38.5 0.0519 0.04389512813061471
39.5 0.0351 0.05337605126836238
40.5 0.029 0.058722021951470346
41.5 0.023899999999999998 0.0646846227353151
42.5 0.0159 0.07930515857181442
43.5 0.0144 0.08333333333333333
44.5 0.0087 0.10721125348377948
45.5 0.0085 0.10846522890932808
46.5 0.0066 0.12309149097933272
47.5 0.0037 0.1643989873053573
48.5 0.0031000000000000003 0.17960530202677488
49.5 0.003 0.18257418583505536
50.5 0.0012 0.2886751345948129
51.5 0.0019 0.22941573387056174
52.5 0.0007 0.3779644730092272
53.5 0.0007 0.3779644730092272
54.5 0.0003 0.5773502691896258
55.5 0.0001 1.0
56.5 0.0005 0.4472135954999579
57.5 0.00030000000000000003 0.5773502691896257
58.5 0.0 inf
59.5 0.0001 1.0
60.5 0.0001 1.0
61.5 0.0001 1.0
62.5 0.0 inf
63.5 0.0001 1.0
64.5 0.0 inf
65.5 0.0001 1.0
66.5 0.0 inf
67.5 0.0 inf
68.5 0.0 inf
69.5 0.0 inf
70.5 0.0 inf
71.5 0.0 inf
72.5 0.0 inf
73.5 0.0 inf
74.5 0.0 inf
75.5 0.0 inf
76.5 0.0 inf
77.5 0.0 inf
78.5 0.0 inf
79.5 0.0 inf
80.5 0.0 inf
81.5 0.0 inf
82.5 0.0 inf
83.5 0.0 inf
84.5 0.0 inf
85.5 0.0 inf
86.5 0.0 inf
87.5 0.0 inf
88.5 0.0 inf
89.5 0.0 inf
90.5 0.0 inf
91.5 0.0 inf
92.5 0.0 inf
93.5 0.0 inf
94.5 0.0 inf
95.5 0.0 inf
96.5 0.0 inf
97.5 0.0 inf
