0.5 48.155699999999996 0.0014410403778563632
1.5 25.7166 0.001971937859159374
2.5 26.0608 0.001958872315022571
3.5 23.912300000000002 0.0020449812229919287
4.5 20.9214 0.0021862741939667556
5.5 18.7892 0.0023069907615494156
6.5 16.3874 0.0024702731203427603
7.5 14.4942 0.0026266540405461506
8.5 12.9603 0.002777745628130169
9.5 11.2513 0.0029812517248758866
10.5 10.023299999999999 0.0031586000321029368
11.5 8.8036 0.0033703100012155702
12.5 7.825799999999999 0.0035746673010891433
13.5 6.8228 0.0038284120949382858
14.5 5.9836 0.004088073761813037
15.5 5.182600000000001 0.004392645488557544
16.5 4.5786 0.004673407466003013
17.5 3.9397 0.005038119028812073
18.5 3.3388999999999998 0.005472657812024159
19.5 2.8624 0.005910644489255617
20.5 2.4318 0.006412628383107341
21.5 2.0661 0.006957037289162364
22.5 1.7687 0.007519222083477583
23.5 1.4832999999999998 0.008210800529263622
24.5 1.233 0.009005720449304986
25.5 0.9953000000000001 0.010023583163286831
26.5 0.847 0.010865714630312669
27.5 0.6714 0.01220420043230354
28.5 0.5899000000000001 0.01301999453420744
29.5 0.47430000000000005 0.014520228062301068
30.5 0.36960000000000004 0.016448792373994225
31.5 0.3036 0.018148850216015693
32.5 0.23199999999999998 0.020761369963434993
33.5 0.1918 0.022833668863877152
34.5 0.14950000000000002 0.02586303000559358
35.5 0.1199 0.02887954911289539
36.5 0.0951 0.032427221756276076
37.5 0.078 0.03580574370197165
38.5 0.0562 0.04218245406095978
39.5 0.0382 0.05116445100966508
40.5 0.0322 0.05572782125753528
41.5 0.0265 0.06142951168339512
42.5 0.0193 0.07198157507486945
43.5 0.0158 0.079555728417573
44.5 0.0111 0.0949157995752499
45.5 0.0081 0.1111111111111111
46.5 0.006 0.12909944487358055
47.5 0.0035 0.1690308509457033
48.5 0.0033 0.17407765595569785
49.5 0.0024000000000000002 0.20412414523193148
50.5 0.0021 0.2182178902359924
51.5 0.001 0.31622776601683794
52.5 0.0009 0.3333333333333333
53.5 0.0011 0.30151134457776363
54.5 0.0005 0.4472135954999579
55.5 0.0002 0.7071067811865475
56.5 0.0005 0.4472135954999579
57.5 0.0003 0.5773502691896258
58.5 0.00030000000000000003 0.5773502691896257
59.5 0.0001 1.0
60.5 0.0001 1.0
61.5 0.0002 0.7071067811865475
62.5 0.0 inf
63.5 0.0 inf
64.5 0.0001 1.0
65.5 0.0 inf
66.5 0.0 inf
67.5 0.0 inf
68.5 0.0 inf
69.5 0.0 inf
70.5 0.0 inf
71.5 0.0 inf
72.5 0.0 inf
73.5 0.0 inf
74.5 0.0 inf
75.5 0.0 inf
76.5 0.0 inf
77.5 0.0 inf
78.5 0.0 inf
79.5 0.0 inf
80.5 0.0 inf
81.5 0.0 inf
82.5 0.0 inf
83.5 0.0 inf
84.5 0.0 inf
85.5 0.0 inf
86.5 0.0 inf
87.5 0.0 inf
88.5 0.0 inf
89.5 0.0 inf
90.5 0.0 inf
91.5 0.0 inf
92.5 0.0 inf
93.5 0.0 inf
94.5 0.0 inf
95.5 0.0 inf
96.5 0.0 inf
97.5 0.0 inf
