0.5 38.4936 0.0016117798997401834
1.5 20.2566 0.0022218601708035813
2.5 20.622999999999998 0.0022020342981404002
3.5 18.8368 0.0023040740713104494
4.5 16.581200000000003 0.0024557944929414445
5.5 14.9955 0.0025823762829701486
6.5 13.150400000000001 0.0027575952254058106
7.5 11.6267 0.002932727872249623
8.5 10.400300000000001 0.003100823641634823
9.5 9.072099999999999 0.003320061172026629
10.5 8.1842 0.0034955207384608587
11.5 7.166399999999999 0.0037355063366269546
12.5 6.393000000000001 0.003955010563352945
13.5 5.556 0.004242470991673459
14.5 4.9538 0.004492941517194142
15.5 4.2816 0.004832779206419119
16.5 3.779 0.005144125483623775
17.5 3.3056 0.005500154006468302
18.5 2.8059 0.005969856686057189
19.5 2.3902 0.006468191643559483
20.5 2.0543 0.006976989460403722
21.5 1.7362 0.007589272101525101
22.5 1.4889999999999999 0.008195069690144581
23.5 1.2328999999999999 0.009006085666996778
24.5 1.0324 0.009841833239736952
25.5 0.8440000000000001 0.010885008604602703
26.5 0.7155 0.011822115035531811
27.5 0.5871999999999999 0.013049893774297014
28.5 0.4852 0.014356203435505359
29.5 0.4043 0.015727081208982963
30.5 0.32689999999999997 0.01749010995279634
31.5 0.2533 0.019869292589280094
32.5 0.2011 0.02229944040256456
33.5 0.1616 0.02487592975524973
34.5 0.13 0.027735009811261455
35.5 0.1027 0.031204323970714827
36.5 0.0809 0.035158127696731496
37.5 0.0629 0.039872611141445
38.5 0.049600000000000005 0.04490132550669372
39.5 0.0365 0.052342392259021375
40.5 0.0284 0.05933908290969266
41.5 0.019700000000000002 0.07124704998790964
42.5 0.017599999999999998 0.07537783614444092
43.5 0.0137 0.0854357657716761
44.5 0.009999999999999998 0.1
45.5 0.009000000000000001 0.10540925533894598
46.5 0.0062 0.1270001270001905
47.5 0.0054 0.13608276348795434
48.5 0.0031999999999999997 0.1767766952966369
49.5 0.0026 0.19611613513818404
50.5 0.0021 0.2182178902359924
51.5 0.0007 0.3779644730092272
52.5 0.0007 0.3779644730092272
53.5 0.0006 0.4082482904638631
54.5 0.0007 0.3779644730092272
55.5 0.0004 0.5
56.5 0.00039999999999999996 0.5000000000000001
57.5 0.0002 0.7071067811865475
58.5 0.0002 0.7071067811865475
59.5 0.0001 1.0
60.5 0.0 inf
61.5 0.0 inf
62.5 0.0 inf
63.5 0.0 inf
64.5 0.0 inf
65.5 0.0 inf
66.5 0.0 inf
67.5 0.0 inf
68.5 0.0 inf
69.5 0.0 inf
70.5 0.0 inf
71.5 0.0 inf
72.5 0.0 inf
73.5 0.0 inf
74.5 0.0 inf
75.5 0.0 inf
76.5 0.0 inf
77.5 0.0 inf
78.5 0.0 inf
79.5 0.0 inf
80.5 0.0 inf
81.5 0.0 inf
82.5 0.0 inf
83.5 0.0 inf
84.5 0.0 inf
85.5 0.0 inf
86.5 0.0 inf
87.5 0.0 inf
88.5 0.0 inf
89.5 0.0 inf
90.5 0.0 inf
91.5 0.0 inf
92.5 0.0 inf
93.5 0.0 inf
94.5 0.0 inf
95.5 0.0 inf
96.5 0.0 inf
97.5 0.0 inf
