0.5 50.344899999999996 0.0014093610299913588
1.5 26.931199999999997 0.0019269575499318984
2.5 27.1999 0.0019174159967834245
3.5 24.8275 0.00200693591406548
4.5 21.8057 0.0021414847379408026
5.5 19.4867 0.0022653267345629567
6.5 16.9574 0.002428400802240016
7.5 15.0347 0.0025790075685898006
8.5 13.3741 0.002734435709352473
9.5 11.616 0.0029340782925813763
10.5 10.4171 0.003098322232533712
11.5 9.0393 0.003326079303875963
12.5 8.0529 0.0035239022012588973
13.5 6.9802 0.0037850015945268827
14.5 6.1522 0.004031668145829986
15.5 5.367699999999999 0.004316242954099939
16.5 4.6782 0.00462339083434037
17.5 4.0317 0.004980304488191344
18.5 3.4276 0.005401382498736258
19.5 2.9181999999999997 0.005853861910454605
20.5 2.5080999999999998 0.006314334370929749
21.5 2.1403 0.006835380171604295
22.5 1.7696 0.007517309741553296
23.5 1.5053 0.008150579149789379
24.5 1.2658 0.008888274412145276
25.5 1.007 0.009965182684649139
26.5 0.8573 0.010800244520303941
27.5 0.7091000000000001 0.011875345596140842
28.5 0.5708 0.013236038379484304
29.5 0.4784 0.014457873299156005
30.5 0.381 0.01620083922520836
31.5 0.3075 0.018033392693348645
32.5 0.23660000000000003 0.02055855707018649
33.5 0.1933 0.022744902159317754
34.5 0.153 0.025565499628245683
35.5 0.1232 0.028490144114909487
36.5 0.0929 0.03280893574623933
37.5 0.07830000000000001 0.03573708449459316
38.5 0.055 0.04264014327112208
39.5 0.0466 0.04632410546120795
40.5 0.0345 0.05383819020581654
41.5 0.0271 0.0607456739230787
42.5 0.0215 0.06819943394704735
43.5 0.0132 0.08703882797784893
44.5 0.012199999999999999 0.09053574604251854
45.5 0.006699999999999999 0.12216944435630522
46.5 0.0072 0.11785113019775793
47.5 0.0045 0.14907119849998599
48.5 0.0037 0.1643989873053573
49.5 0.0037 0.1643989873053573
50.5 0.0014 0.2672612419124244
51.5 0.0016 0.25
52.5 0.0007999999999999999 0.3535533905932738
53.5 0.0006000000000000001 0.40824829046386296
54.5 0.0006000000000000001 0.40824829046386296
55.5 0.00030000000000000003 0.5773502691896257
56.5 0.0002 0.7071067811865475
57.5 0.00030000000000000003 0.5773502691896257
58.5 0.0001 1.0
59.5 0.0001 1.0
60.5 0.0002 0.7071067811865475
61.5 0.0 inf
62.5 0.0001 1.0
63.5 0.0 inf
64.5 0.0 inf
65.5 0.0 inf
66.5 0.0 inf
67.5 0.0 inf
68.5 0.0001 1.0
69.5 0.0 inf
70.5 0.0 inf
71.5 0.0 inf
72.5 0.0 inf
73.5 0.0 inf
74.5 0.0 inf
75.5 0.0 inf
76.5 0.0 inf
77.5 0.0 inf
78.5 0.0 inf
79.5 0.0 inf
80.5 0.0 inf
81.5 0.0 inf
82.5 0.0 inf
83.5 0.0 inf
84.5 0.0 inf
85.5 0.0 inf
86.5 0.0 inf
87.5 0.0 inf
88.5 0.0 inf
89.5 0.0 inf
90.5 0.0 inf
91.5 0.0 inf
92.5 0.0 inf
93.5 0.0 inf
94.5 0.0 inf
95.5 0.0 inf
96.5 0.0 inf
97.5 0.0 inf
