0.5 40.6751 0.0015679625491725657
1.5 21.6279 0.002150269147218758
2.5 21.9151 0.002136132913367916
3.5 20.124000000000002 0.0022291682340511323
4.5 17.7658 0.002372507618297304
5.5 15.8533 0.002511540356396062
6.5 14.079 0.002665103597588596
7.5 12.4312 0.002836243235940205
8.5 11.0404 0.003009591806047387
9.5 9.749500000000001 0.0032026451962621754
10.5 8.6841 0.0033934198198116647
11.5 7.618399999999999 0.003622998167241627
12.5 6.8048 0.003833472192729925
13.5 5.9631 0.004095094741573485
14.5 5.3011 0.00434327173413645
15.5 4.5786 0.004673407466003013
16.5 3.9579 0.005026522042974199
17.5 3.4393000000000002 0.005392187311793446
18.5 2.9939 0.005779381386162392
19.5 2.5479000000000003 0.006264823075202179
20.5 2.1878 0.006760770458033201
21.5 1.8954 0.007263560560673482
22.5 1.5867 0.007938758470492349
23.5 1.3357999999999999 0.008652254400646401
24.5 1.1184 0.009455868430902922
25.5 0.9027000000000001 0.010525149632511211
26.5 0.7471 0.011569394543726963
27.5 0.6154999999999999 0.012746353869315713
28.5 0.5269 0.013776404967894862
29.5 0.42469999999999997 0.015344716515310683
30.5 0.3331 0.0173265734380163
31.5 0.2647 0.019436722280931712
32.5 0.2249 0.02108653748577924
33.5 0.1731 0.024035406196088644
34.5 0.1348 0.027236735535142165
35.5 0.11080000000000001 0.030042088406305484
36.5 0.0845 0.034401045807689073
37.5 0.0677 0.03843312210120439
38.5 0.0528 0.04351941398892446
39.5 0.0411 0.049326362366699
40.5 0.0304 0.057353933467640436
41.5 0.0215 0.06819943394704735
42.5 0.016800000000000002 0.07715167498104596
43.5 0.0131 0.0873704056661038
44.5 0.0089 0.105999788000636
45.5 0.0077 0.11396057645963795
46.5 0.006200000000000001 0.1270001270001905
47.5 0.0043 0.15249857033260467
48.5 0.0023 0.20851441405707477
49.5 0.0028 0.1889822365046136
50.5 0.0018 0.23570226039551587
51.5 0.0017000000000000001 0.24253562503633297
52.5 0.0008 0.35355339059327373
53.5 0.00030000000000000003 0.5773502691896257
54.5 0.0005 0.4472135954999579
55.5 0.0001 1.0
56.5 0.0002 0.7071067811865475
57.5 0.00030000000000000003 0.5773502691896257
58.5 0.0 inf
59.5 0.0001 1.0
60.5 0.0 inf
61.5 0.0 inf
62.5 0.0002 0.7071067811865475
63.5 0.0001 1.0
64.5 0.0 inf
65.5 0.0 inf
66.5 0.0 inf
67.5 0.0001 1.0
68.5 0.0 inf
69.5 0.0 inf
70.5 0.0 inf
71.5 0.0 inf
72.5 0.0 inf
73.5 0.0 inf
74.5 0.0 inf
75.5 0.0 inf
76.5 0.0 inf
77.5 0.0 inf
78.5 0.0 inf
79.5 0.0 inf
80.5 0.0 inf
81.5 0.0 inf
82.5 0.0 inf
83.5 0.0 inf
84.5 0.0 inf
85.5 0.0 inf
86.5 0.0 inf
87.5 0.0 inf
88.5 0.0 inf
89.5 0.0 inf
90.5 0.0 inf
91.5 0.0 inf
92.5 0.0 inf
93.5 0.0 inf
94.5 0.0 inf
95.5 0.0 inf
96.5 0.0 inf
97.5 0.0 inf
