0.5 38.4878 0.0016119013404467674
1.5 20.2467 0.0022224033143148484
2.5 20.5543 0.002205711230923384
3.5 18.9182 0.002299111817743975
4.5 16.6059 0.0024539674104936144
5.5 14.9032 0.0025903606561537887
6.5 13.2117 0.0027511904053110626
7.5 11.659500000000001 0.00292859985555238
8.5 10.4058 0.0031000040610079803
9.5 9.1173 0.00331182116563765
10.5 8.134699999999999 0.00350613980574345
11.5 7.1369 0.0037432186345325988
12.5 6.3777 0.003959751725014614
13.5 5.6121 0.0042212133164668654
14.5 4.8858 0.004524099598678498
15.5 4.2613 0.004844276737290662
16.5 3.7692 0.0051508085601284425
17.5 3.2984999999999998 0.0055060703474907905
18.5 2.7872 0.005989849814784502
19.5 2.3904 0.006467921047552774
20.5 2.0708 0.006949137769731445
21.5 1.7529 0.0075530338227084715
22.5 1.4933 0.00818326221541089
23.5 1.2519 0.008937482002861978
24.5 1.0473 0.009771572266446595
25.5 0.8419000000000001 0.010898575703716521
26.5 0.7048000000000001 0.011911516380144923
27.5 0.582 0.013108062627326908
28.5 0.4893 0.014295929313323245
29.5 0.3953 0.015905106915879735
30.5 0.3383 0.017192894613320565
31.5 0.25470000000000004 0.019814609942592133
32.5 0.194 0.022703830459324992
33.5 0.1573 0.02521364528296496
34.5 0.1302 0.027713699773684663
35.5 0.09659999999999999 0.03217447260438935
36.5 0.0784 0.03571428571428571
37.5 0.0684 0.038235955645093626
38.5 0.0543 0.04291410754228745
39.5 0.0405 0.049690399499995326
40.5 0.0268 0.06108472217815261
41.5 0.0206 0.06967330142916177
42.5 0.0186 0.07332355751067665
43.5 0.0116 0.09284766908852593
44.5 0.010499999999999999 0.09759000729485333
45.5 0.0074 0.11624763874381928
46.5 0.0055 0.13483997249264842
47.5 0.0039 0.16012815380508713
48.5 0.0031999999999999997 0.1767766952966369
49.5 0.0029 0.18569533817705186
50.5 0.0012000000000000001 0.28867513459481287
51.5 0.0018 0.23570226039551587
52.5 0.0007 0.3779644730092272
53.5 0.0006 0.4082482904638631
54.5 0.0002 0.7071067811865475
55.5 0.0004 0.5
56.5 0.0002 0.7071067811865475
57.5 0.0003 0.5773502691896258
58.5 0.0001 1.0
59.5 0.0001 1.0
60.5 0.0 inf
61.5 0.0 inf
62.5 0.0 inf
63.5 0.0 inf
64.5 0.0001 1.0
65.5 0.0 inf
66.5 0.0 inf
67.5 0.0 inf
68.5 0.0 inf
69.5 0.0 inf
70.5 0.0 inf
71.5 0.0 inf
72.5 0.0 inf
73.5 0.0 inf
74.5 0.0 inf
75.5 0.0 inf
76.5 0.0 inf
77.5 0.0 inf
78.5 0.0 inf
79.5 0.0 inf
80.5 0.0 inf
81.5 0.0 inf
82.5 0.0 inf
83.5 0.0 inf
84.5 0.0 inf
85.5 0.0 inf
86.5 0.0 inf
87.5 0.0 inf
88.5 0.0 inf
89.5 0.0 inf
90.5 0.0 inf
91.5 0.0 inf
92.5 0.0 inf
93.5 0.0 inf
94.5 0.0 inf
95.5 0.0 inf
96.5 0.0 inf
97.5 0.0 inf
