0.5 38.4851 0.0016119578825538256
1.5 20.2676 0.0022212571448169843
2.5 20.587200000000003 0.0022039480743255868
3.5 18.8482 0.0023033771767180496
4.5 16.623199999999997 0.0024526901387445462
5.5 14.9375 0.0025873849094126037
6.5 13.1221 0.0027605672311688772
7.5 11.6524 0.002929491941841486
8.5 10.4067 0.0030998700096766594
9.5 9.113199999999999 0.0033125660708243684
10.5 8.1362 0.003505816592687626
11.5 7.1495999999999995 0.0037398925738766687
12.5 6.3727 0.003961304824692708
13.5 5.5934 0.004228263663597174
14.5 4.940799999999999 0.004498848442179341
15.5 4.3007 0.00482203574639462
16.5 3.7797 0.005143649115846573
17.5 3.2809999999999997 0.005520734792451341
18.5 2.7918000000000003 0.00598491309505451
19.5 2.4132 0.006437293959599333
20.5 2.0574 0.006971731168201762
21.5 1.738 0.007585341080633831
22.5 1.4631 0.008267286626178361
23.5 1.234 0.009002070714423868
24.5 1.0361 0.009824244517014219
25.5 0.8535999999999999 0.010823626487770476
26.5 0.7112 0.011857800136281222
27.5 0.5863 0.013059906055209673
28.5 0.499 0.01415629900797544
29.5 0.39580000000000004 0.015895057564452583
30.5 0.32230000000000003 0.01761448082809464
31.5 0.2569 0.019729584892914265
32.5 0.2036 0.022162110358896814
33.5 0.1597 0.02502347051056742
34.5 0.1262 0.028149476494978783
35.5 0.0988 0.031814238148788886
36.5 0.0828 0.034752402342845795
37.5 0.0653 0.03913302400974161
38.5 0.0505 0.04449941594899847
39.5 0.0393 0.050443327230531826
40.5 0.0312 0.05661385170722978
41.5 0.020499999999999997 0.06984302957695783
42.5 0.018099999999999998 0.07432941462471664
43.5 0.0131 0.0873704056661038
44.5 0.0097 0.10153461651336192
45.5 0.006699999999999999 0.12216944435630522
46.5 0.006 0.12909944487358055
47.5 0.0035 0.1690308509457033
48.5 0.0028 0.1889822365046136
49.5 0.003 0.18257418583505536
50.5 0.0013 0.2773500981126146
51.5 0.0012000000000000001 0.28867513459481287
52.5 0.0007 0.3779644730092272
53.5 0.0004 0.5
54.5 0.0006 0.4082482904638631
55.5 0.0002 0.7071067811865475
56.5 0.0 inf
57.5 0.00039999999999999996 0.5000000000000001
58.5 0.0002 0.7071067811865475
59.5 0.0002 0.7071067811865475
60.5 0.0001 1.0
61.5 0.0 inf
62.5 0.0001 1.0
63.5 0.0 inf
64.5 0.0 inf
65.5 0.0 inf
66.5 0.0 inf
67.5 0.0 inf
68.5 0.0 inf
69.5 0.0 inf
70.5 0.0 inf
71.5 0.0 inf
72.5 0.0 inf
73.5 0.0 inf
74.5 0.0 inf
75.5 0.0 inf
76.5 0.0 inf
77.5 0.0 inf
78.5 0.0 inf
79.5 0.0 inf
80.5 0.0 inf
81.5 0.0 inf
82.5 0.0 inf
83.5 0.0 inf
84.5 0.0 inf
85.5 0.0 inf
86.5 0.0 inf
87.5 0.0 inf
88.5 0.0 inf
89.5 0.0 inf
90.5 0.0 inf
91.5 0.0 inf
92.5 0.0 inf
93.5 0.0 inf
94.5 0.0 inf
95.5 0.0 inf
96.5 0.0 inf
97.5 0.0 inf
