0.5 38.6137 0.0016092713921489312
1.5 20.3522 0.002216635677700776
2.5 20.6341 0.002201441932377377
3.5 18.9835 0.002295154135247439
4.5 16.7616 0.0024425432573356213
5.5 14.9693 0.00258463519553774
6.5 13.1414 0.0027585393451045174
7.5 11.668600000000001 0.002927457668115498
8.5 10.5198 0.0030831613876480864
9.5 9.1251 0.003310405415251413
10.5 8.2034 0.003491427721287401
11.5 7.1967 0.0037276343099342055
12.5 6.406499999999999 0.00395084129776414
13.5 5.617 0.004219371723255322
14.5 4.9498 0.004494756553834873
15.5 4.3103 0.004816662878229006
16.5 3.7548 0.005160676018521938
17.5 3.298 0.0055064877111713215
18.5 2.8198999999999996 0.005955018928132183
19.5 2.399 0.0064563174499546894
20.5 2.0725 0.00694628711647188
21.5 1.7842 0.007486489718419561
22.5 1.4864000000000002 0.008202233936559833
23.5 1.2343000000000002 0.009000976658954118
24.5 1.0554000000000001 0.009734002536564583
25.5 0.8479 0.0108599464149846
26.5 0.7193 0.011790846074851915
27.5 0.5739 0.013200241830645526
28.5 0.49160000000000004 0.014262447634628236
29.5 0.39480000000000004 0.015915175351980757
30.5 0.3172 0.017755520605710874
31.5 0.25370000000000004 0.019853622797734376
32.5 0.20479999999999998 0.02209708691207961
33.5 0.1633 0.02474610820719749
34.5 0.13379999999999997 0.02733832759069041
35.5 0.10300000000000001 0.03115884764248779
36.5 0.0844 0.034421419541075714
37.5 0.0624 0.04003203845127178
38.5 0.052000000000000005 0.043852900965351466
39.5 0.0383 0.0510976130307596
40.5 0.0294 0.05832118435198043
41.5 0.02 0.07071067811865475
42.5 0.0177 0.07516460280028289
43.5 0.0137 0.0854357657716761
44.5 0.0093 0.10369516947304253
45.5 0.007 0.11952286093343936
46.5 0.006 0.12909944487358055
47.5 0.0041 0.15617376188860607
48.5 0.0026 0.19611613513818404
49.5 0.0018999999999999998 0.2294157338705618
50.5 0.0018 0.23570226039551587
51.5 0.0007999999999999999 0.3535533905932738
52.5 0.0011 0.30151134457776363
53.5 0.0004 0.5
54.5 0.00039999999999999996 0.5000000000000001
55.5 0.0005 0.4472135954999579
56.5 0.0002 0.7071067811865475
57.5 0.0001 1.0
58.5 0.0001 1.0
59.5 0.0 inf
60.5 0.0001 1.0
61.5 0.0 inf
62.5 0.0 inf
63.5 0.0002 0.7071067811865475
64.5 0.0001 1.0
65.5 0.0001 1.0
66.5 0.0 inf
67.5 0.0 inf
68.5 0.0 inf
69.5 0.0 inf
70.5 0.0 inf
71.5 0.0 inf
72.5 0.0 inf
73.5 0.0 inf
74.5 0.0 inf
75.5 0.0 inf
76.5 0.0 inf
77.5 0.0 inf
78.5 0.0 inf
79.5 0.0 inf
80.5 0.0 inf
81.5 0.0 inf
82.5 0.0 inf
83.5 0.0 inf
84.5 0.0 inf
85.5 0.0 inf
86.5 0.0 inf
87.5 0.0 inf
88.5 0.0 inf
89.5 0.0 inf
90.5 0.0 inf
91.5 0.0 inf
92.5 0.0 inf
93.5 0.0 inf
94.5 0.0 inf
95.5 0.0 inf
96.5 0.0 inf
97.5 0.0 inf
