0.5 38.8596 0.0016041716504681038
1.5 20.534100000000002 0.0022067958758467984
2.5 20.7695 0.0021942544067080644
3.5 19.147100000000002 0.0022853277715307934
4.5 16.8632 0.0024351740356878867
5.5 15.078199999999999 0.002575284715073389
6.5 13.264199999999999 0.0027457403705734387
7.5 11.824200000000001 0.0029081320085054822
8.5 10.5632 0.0030768211247761096
9.5 9.1761 0.0033011931182478295
10.5 8.270900000000001 0.0034771515131178377
11.5 7.2321 0.003718500024612287
12.5 6.4239999999999995 0.003945456267108565
13.5 5.7011 0.0041881349841240674
14.5 4.9626 0.004488956163882716
15.5 4.3459 0.004796894153066906
16.5 3.8381 0.005104366586067752
17.5 3.2835 0.0055186326963493765
18.5 2.8337 0.005940500884943859
19.5 2.4208 0.00642718120911326
20.5 2.0829 0.006928923875834114
21.5 1.7816 0.007491950477531918
22.5 1.5013 0.008161429955565569
23.5 1.2705000000000002 0.008871818844986666
24.5 1.0532 0.009744163775668438
25.5 0.8625 0.01076763804116331
26.5 0.7319 0.011688913005594527
27.5 0.5727 0.013214064077187037
28.5 0.49870000000000003 0.014160556328208415
29.5 0.4033 0.01574656713048096
30.5 0.3251 0.01753846236868463
31.5 0.2622 0.019529164171612677
32.5 0.2005 0.022332781224177665
33.5 0.1644 0.0246631811833495
34.5 0.1282 0.027929038673897278
35.5 0.10220000000000001 0.031280562354492725
36.5 0.07919999999999999 0.035533452725935076
37.5 0.0685 0.03820803599504351
38.5 0.051000000000000004 0.044280744277004756
39.5 0.0372 0.05184758473652126
40.5 0.0328 0.05521576303742327
41.5 0.0232 0.06565321642986129
42.5 0.0171 0.07647191129018725
43.5 0.0114 0.0936585811581694
44.5 0.0107 0.09667364890456635
45.5 0.0083 0.10976425998969035
46.5 0.0064 0.125
47.5 0.0038 0.16222142113076254
48.5 0.0023 0.20851441405707477
49.5 0.0025 0.2
50.5 0.002 0.22360679774997896
51.5 0.0014 0.2672612419124244
52.5 0.0008 0.35355339059327373
53.5 0.0011 0.30151134457776363
54.5 0.0001 1.0
55.5 0.0007999999999999999 0.3535533905932738
56.5 0.0001 1.0
57.5 0.0 inf
58.5 0.0001 1.0
59.5 0.0001 1.0
60.5 0.0 inf
61.5 0.0 inf
62.5 0.0 inf
63.5 0.0 inf
64.5 0.0 inf
65.5 0.0 inf
66.5 0.0 inf
67.5 0.0 inf
68.5 0.0001 1.0
69.5 0.0 inf
70.5 0.0 inf
71.5 0.0 inf
72.5 0.0 inf
73.5 0.0 inf
74.5 0.0 inf
75.5 0.0 inf
76.5 0.0 inf
77.5 0.0 inf
78.5 0.0 inf
79.5 0.0 inf
80.5 0.0 inf
81.5 0.0 inf
82.5 0.0 inf
83.5 0.0 inf
84.5 0.0 inf
85.5 0.0 inf
86.5 0.0 inf
87.5 0.0 inf
88.5 0.0 inf
89.5 0.0 inf
90.5 0.0 inf
91.5 0.0 inf
92.5 0.0 inf
93.5 0.0 inf
94.5 0.0 inf
95.5 0.0 inf
96.5 0.0 inf
97.5 0.0 inf
