0.5 38.460899999999995 0.0016124649331741973
1.5 20.2476 0.00222235392117171
2.5 20.676099999999998 0.0021992048672778573
3.5 18.8336 0.0023042698045709063
4.5 16.657 0.0024502004039611436
5.5 14.9515 0.002586173262679992
6.5 13.066500000000001 0.0027664343189947147
7.5 11.613600000000002 0.0029343814468201952
8.5 10.414100000000001 0.0030987684687611085
9.5 9.145900000000001 0.003306638939219277
10.5 8.1439 0.0035041588383176465
11.5 7.1239 0.0037466324712248943
12.5 6.3975 0.003953619341912228
13.5 5.5440000000000005 0.004247059928646879
14.5 4.9416 0.004498484266160435
15.5 4.2968 0.004824223615743131
16.5 3.8041 0.005127126556249417
17.5 3.2746 0.00552612712367267
18.5 2.7763999999999998 0.006001488553764894
19.5 2.4161 0.006433429517397754
20.5 2.0504000000000002 0.006983621661985465
21.5 1.7687 0.007519222083477583
22.5 1.4733 0.008238618743288092
23.5 1.2556 0.008924303808748925
24.5 1.0332999999999999 0.009837546208139045
25.5 0.8581 0.010795208854092301
26.5 0.7129000000000001 0.011843653487339989
27.5 0.5874999999999999 0.013046561461068844
28.5 0.49429999999999996 0.01422344162731625
29.5 0.40859999999999996 0.01564410848213107
30.5 0.3182 0.017727598712973542
31.5 0.2538 0.019849711139180454
32.5 0.1996 0.02238307405179226
33.5 0.1647 0.024640709031819093
34.5 0.1325 0.027472112789737803
35.5 0.0991 0.031766046899489794
36.5 0.0759 0.036297700432031385
37.5 0.0683 0.03826393658966905
38.5 0.0466 0.04632410546120795
39.5 0.0341 0.05415303610738823
40.5 0.0345 0.05383819020581654
41.5 0.021900000000000003 0.06757373783994859
42.5 0.0166 0.07761505257063328
43.5 0.0126 0.0890870806374748
44.5 0.008199999999999999 0.11043152607484656
45.5 0.0077 0.11396057645963795
46.5 0.0058 0.13130643285972257
47.5 0.004 0.15811388300841897
48.5 0.0033 0.17407765595569785
49.5 0.0021999999999999997 0.21320071635561047
50.5 0.0018 0.23570226039551587
51.5 0.0021 0.2182178902359924
52.5 0.0007 0.3779644730092272
53.5 0.0012 0.2886751345948129
54.5 0.0004 0.5
55.5 0.0004 0.5
56.5 0.0001 1.0
57.5 0.0001 1.0
58.5 0.0 inf
59.5 0.0001 1.0
60.5 0.0001 1.0
61.5 0.0 inf
62.5 0.0 inf
63.5 0.0 inf
64.5 0.0001 1.0
65.5 0.0001 1.0
66.5 0.0 inf
67.5 0.0 inf
68.5 0.0 inf
69.5 0.0 inf
70.5 0.0 inf
71.5 0.0 inf
72.5 0.0 inf
73.5 0.0 inf
74.5 0.0 inf
75.5 0.0 inf
76.5 0.0 inf
77.5 0.0 inf
78.5 0.0 inf
79.5 0.0 inf
80.5 0.0 inf
81.5 0.0 inf
82.5 0.0 inf
83.5 0.0 inf
84.5 0.0 inf
85.5 0.0 inf
86.5 0.0 inf
87.5 0.0 inf
88.5 0.0 inf
89.5 0.0 inf
90.5 0.0 inf
91.5 0.0 inf
92.5 0.0 inf
93.5 0.0 inf
94.5 0.0 inf
95.5 0.0 inf
96.5 0.0 inf
97.5 0.0 inf
