0.5 58.07809999999999 0.001312181165897612
1.5 29.768299999999996 0.0018328333689425626
2.5 29.1261 0.00185292922784049
3.5 25.8532 0.001966721416582481
4.5 22.1766 0.002123501237498843
5.5 19.506700000000002 0.0022641651297369606
6.5 16.7332 0.002444615150939118
7.5 14.525 0.0026238676764419283
8.5 12.9225 0.002781805295882173
9.5 11.0711 0.0030054161320159675
10.5 9.8262 0.0031901213254922206
11.5 8.545 0.0034209282579855975
12.5 7.5244 0.0036455584236570176
13.5 6.5062 0.003920453393720279
14.5 5.7141 0.004183368112954558
15.5 4.9248 0.004506150586965626
16.5 4.3466 0.004796507878610014
17.5 3.7129000000000003 0.005189713388087979
18.5 3.1607000000000003 0.005624816537296319
19.5 2.707 0.00607793249314337
20.5 2.3144 0.006573259680517322
21.5 1.9676 0.007129048890058539
22.5 1.6400000000000001 0.007808688094430303
23.5 1.3894 0.008483720513250134
24.5 1.1492 0.009328293270628191
25.5 0.9287000000000001 0.010376772066208831
26.5 0.7824 0.011305390791153364
27.5 0.6213 0.012686719072228266
28.5 0.549 0.0134962721696486
29.5 0.4387 0.01509788742492445
30.5 0.3426 0.01708465922552469
31.5 0.2803 0.018888107730216267
32.5 0.2215 0.02124775914356676
33.5 0.1668 0.024485105343719588
34.5 0.14229999999999998 0.026509256660379503
35.5 0.11199999999999999 0.029880715233359847
36.5 0.0786 0.03566881875032108
37.5 0.06670000000000001 0.038720154633118314
38.5 0.0551 0.042601432284230495
39.5 0.0422 0.04867923835112355
40.5 0.029400000000000003 0.05832118435198043
41.5 0.0234 0.06537204504606134
42.5 0.0218 0.06772854614785964
43.5 0.0166 0.07761505257063328
44.5 0.0098 0.10101525445522107
45.5 0.007299999999999999 0.11704114719613057
46.5 0.0069 0.1203858530857692
47.5 0.0046 0.14744195615489714
48.5 0.0028 0.1889822365046136
49.5 0.0021999999999999997 0.21320071635561047
50.5 0.0017000000000000001 0.24253562503633297
51.5 0.0014 0.2672612419124244
52.5 0.0009 0.3333333333333333
53.5 0.0009 0.3333333333333333
54.5 0.00030000000000000003 0.5773502691896257
55.5 0.0001 1.0
56.5 0.00030000000000000003 0.5773502691896257
57.5 0.0004 0.5
58.5 0.0 inf
59.5 0.0001 1.0
60.5 0.0002 0.7071067811865475
61.5 0.0 inf
62.5 0.0 inf
63.5 0.0 inf
64.5 0.0 inf
65.5 0.0 inf
66.5 0.0 inf
67.5 0.0001 1.0
68.5 0.0 inf
69.5 0.0 inf
70.5 0.0 inf
71.5 0.0 inf
72.5 0.0 inf
73.5 0.0 inf
74.5 0.0 inf
75.5 0.0 inf
76.5 0.0 inf
77.5 0.0 inf
78.5 0.0 inf
79.5 0.0 inf
80.5 0.0 inf
81.5 0.0 inf
82.5 0.0 inf
83.5 0.0 inf
84.5 0.0 inf
85.5 0.0 inf
86.5 0.0 inf
87.5 0.0 inf
88.5 0.0 inf
89.5 0.0 inf
90.5 0.0 inf
91.5 0.0 inf
92.5 0.0 inf
93.5 0.0 inf
94.5 0.0 inf
95.5 0.0 inf
96.5 0.0 inf
97.5 0.0 inf
