0.5 44.735299999999995 0.0014951157721749472
1.5 23.6873 0.0020546706618397616
2.5 23.866799999999998 0.0020469295851835868
3.5 21.8233 0.0021406210341582835
4.5 19.1263 0.002286570089727449
5.5 17.023600000000002 0.0024236745185667007
6.5 14.8961 0.002590977910658869
7.5 13.1425 0.0027584239006770727
8.5 11.6822 0.002925753151056309
9.5 10.1855 0.0031333493830862785
10.5 9.0673 0.003320939834093384
11.5 7.971299999999999 0.003541892884627817
12.5 7.028499999999999 0.0037719738689117027
13.5 6.1899999999999995 0.004019339355290704
14.5 5.4579 0.004280428163536501
15.5 4.686 0.004619541339270881
16.5 4.0891 0.004945225890034772
17.5 3.5399 0.005315015105892337
18.5 3.0452 0.0057304943601275875
19.5 2.6022 0.006199114581705209
20.5 2.2268 0.006701305139256605
21.5 1.914 0.007228181235327591
22.5 1.5957 0.007916338887545516
23.5 1.3456000000000001 0.008620689655172412
24.5 1.1115 0.00948517322040787
25.5 0.9178999999999999 0.01043764003248111
26.5 0.7686999999999999 0.011405689893019872
27.5 0.6092 0.012812092121528468
28.5 0.5408999999999999 0.013596950274133403
29.5 0.4199 0.015432172268942524
30.5 0.3373 0.0172183618093467
31.5 0.2747 0.01907966171296492
32.5 0.21239999999999998 0.02169815183013731
33.5 0.17220000000000002 0.024098134635593994
34.5 0.13829999999999998 0.026889882837002246
35.5 0.1064 0.03065696697424829
36.5 0.0862 0.03406013516450858
37.5 0.0657 0.03901371573204352
38.5 0.0542 0.04295367795875577
39.5 0.0398 0.05012547071170855
40.5 0.0313 0.05652334189442215
41.5 0.0234 0.06537204504606134
42.5 0.0186 0.07332355751067665
43.5 0.0143 0.08362420100070908
44.5 0.009399999999999999 0.10314212462587935
45.5 0.0064 0.125
46.5 0.0054 0.13608276348795434
47.5 0.0041 0.15617376188860607
48.5 0.0025 0.2
49.5 0.0027 0.19245008972987526
50.5 0.0017000000000000001 0.24253562503633297
51.5 0.0013 0.2773500981126146
52.5 0.0001 1.0
53.5 0.0005 0.4472135954999579
54.5 0.0006 0.4082482904638631
55.5 0.0005 0.4472135954999579
56.5 0.0002 0.7071067811865475
57.5 0.0002 0.7071067811865475
58.5 0.00030000000000000003 0.5773502691896257
59.5 0.0003 0.5773502691896258
60.5 0.0 inf
61.5 0.0 inf
62.5 0.0 inf
63.5 0.0 inf
64.5 0.0 inf
65.5 0.0 inf
66.5 0.0 inf
67.5 0.0 inf
68.5 0.0 inf
69.5 0.0 inf
70.5 0.0 inf
71.5 0.0 inf
72.5 0.0 inf
73.5 0.0 inf
74.5 0.0 inf
75.5 0.0 inf
76.5 0.0 inf
77.5 0.0 inf
78.5 0.0 inf
79.5 0.0 inf
80.5 0.0 inf
81.5 0.0 inf
82.5 0.0 inf
83.5 0.0 inf
84.5 0.0 inf
85.5 0.0 inf
86.5 0.0 inf
87.5 0.0 inf
88.5 0.0 inf
89.5 0.0 inf
90.5 0.0 inf
91.5 0.0 inf
92.5 0.0 inf
93.5 0.0 inf
94.5 0.0 inf
95.5 0.0 inf
96.5 0.0 inf
97.5 0.0 inf
