0.5 40.0664 0.0015798281164681213
1.5 21.2213 0.002170770982356052
2.5 21.521099999999997 0.002155597976544406
3.5 19.691200000000002 0.002253532928669927
4.5 17.3555 0.0024003879340377438
5.5 15.6751 0.0025257760447245604
6.5 13.6983 0.002701883775116912
7.5 12.166 0.002866989444137008
8.5 10.854099999999999 0.0030353102659607415
9.5 9.4794 0.0032479517972192457
10.5 8.537600000000001 0.0034224104887087088
11.5 7.4857 0.0036549697837130186
12.5 6.6561 0.0038760563390123686
13.5 5.8104 0.0041485562632384695
14.5 5.109299999999999 0.004424042579031083
15.5 4.4312000000000005 0.0047505000164414805
16.5 3.9137 0.005054826270059834
17.5 3.3981 0.005424777403911877
18.5 2.8923 0.005880013608719244
19.5 2.5151 0.006305541253767364
20.5 2.1513999999999998 0.006817724031834183
21.5 1.8133 0.007426174827922078
22.5 1.5226000000000002 0.008104142843194965
23.5 1.2995 0.008772267329797079
24.5 1.0851 0.009599864834854682
25.5 0.8724000000000001 0.010706368114475577
26.5 0.7343999999999999 0.011669000700233415
27.5 0.5901 0.013017787942456283
28.5 0.5139 0.01394956584395624
29.5 0.4075 0.015665208999759147
30.5 0.3301 0.01740512865461766
31.5 0.2682 0.01930948154544974
32.5 0.21200000000000002 0.02171861213815347
33.5 0.1688 0.024339619175561773
34.5 0.1288 0.02786391062876764
35.5 0.11130000000000001 0.029974532466509034
36.5 0.0809 0.035158127696731496
37.5 0.06609999999999999 0.0388954920792207
38.5 0.0532 0.043355498476206
39.5 0.0346 0.053760333057047034
40.5 0.0328 0.05521576303742327
41.5 0.021400000000000002 0.06835859270246632
42.5 0.016800000000000002 0.07715167498104596
43.5 0.0128 0.08838834764831843
44.5 0.0101 0.09950371902099892
45.5 0.0076 0.11470786693528087
46.5 0.0059 0.13018891098082389
47.5 0.0042 0.1543033499620919
48.5 0.0031999999999999997 0.1767766952966369
49.5 0.0016 0.25
50.5 0.0014 0.2672612419124244
51.5 0.0017000000000000001 0.24253562503633297
52.5 0.001 0.31622776601683794
53.5 0.0006000000000000001 0.40824829046386296
54.5 0.00039999999999999996 0.5000000000000001
55.5 0.0002 0.7071067811865475
56.5 0.0007999999999999999 0.3535533905932738
57.5 0.0 inf
58.5 0.00039999999999999996 0.5000000000000001
59.5 0.0001 1.0
60.5 0.0 inf
61.5 0.0 inf
62.5 0.0001 1.0
63.5 0.0001 1.0
64.5 0.0 inf
65.5 0.0 inf
66.5 0.0 inf
67.5 0.0 inf
68.5 0.0 inf
69.5 0.0 inf
70.5 0.0 inf
71.5 0.0 inf
72.5 0.0 inf
73.5 0.0 inf
74.5 0.0 inf
75.5 0.0 inf
76.5 0.0 inf
77.5 0.0 inf
78.5 0.0 inf
79.5 0.0 inf
80.5 0.0 inf
81.5 0.0 inf
82.5 0.0 inf
83.5 0.0 inf
84.5 0.0 inf
85.5 0.0 inf
86.5 0.0 inf
87.5 0.0 inf
88.5 0.0 inf
89.5 0.0 inf
90.5 0.0 inf
91.5 0.0 inf
92.5 0.0 inf
93.5 0.0 inf
94.5 0.0 inf
95.5 0.0 inf
96.5 0.0 inf
97.5 0.0 inf
