0.5 38.4294 0.0016131256544080334
1.5 20.3262 0.0022180529152911643
2.5 20.583199999999998 0.0022041622141104247
3.5 18.8508 0.002303218324383543
4.5 16.6183 0.002453051706892406
5.5 14.902899999999999 0.002590386728404358
6.5 13.1394 0.002758749281203658
7.5 11.650200000000002 0.0029297685284254576
8.5 10.4373 0.003095322586063868
9.5 9.1211 0.003311131214235206
10.5 8.1702 0.003498514321495937
11.5 7.1388 0.003742720470366838
12.5 6.3365 0.0039726040442969075
13.5 5.5710999999999995 0.00423671765937763
14.5 4.943899999999999 0.004497437752533254
15.5 4.302 0.004821307117836431
16.5 3.7603999999999997 0.005156831939017556
17.5 3.2431 0.005552899710875207
18.5 2.8319 0.00594238852274688
19.5 2.4017 0.006452687321469356
20.5 2.0339 0.0070118917343665954
21.5 1.7734999999999999 0.007509039754707548
22.5 1.4681000000000002 0.008253196411372987
23.5 1.2383 0.00898642726504285
24.5 1.075 0.009644856443408243
25.5 0.856 0.010808442529177923
26.5 0.7125 0.011846977555181847
27.5 0.5711999999999999 0.013231403100624081
28.5 0.4877 0.014319360477275611
29.5 0.39880000000000004 0.015835158880488406
30.5 0.3097 0.017969227094577368
31.5 0.2471 0.020117019055664216
32.5 0.19879999999999998 0.022428065200812832
33.5 0.1642 0.0246781968201642
34.5 0.1265 0.028116077855776665
35.5 0.10289999999999999 0.03117398431942748
36.5 0.0763 0.03620243071279982
37.5 0.0608 0.040555355282690636
38.5 0.0508 0.04436782547080569
39.5 0.038099999999999995 0.051231551957856
40.5 0.0294 0.05832118435198043
41.5 0.022699999999999998 0.0663723311599972
42.5 0.019299999999999998 0.07198157507486945
43.5 0.010700000000000001 0.09667364890456635
44.5 0.0102 0.09901475429766741
45.5 0.0062 0.1270001270001905
46.5 0.0057 0.13245323570650439
47.5 0.0034 0.17149858514250882
48.5 0.0043 0.15249857033260467
49.5 0.0034 0.17149858514250882
50.5 0.0021 0.2182178902359924
51.5 0.0015999999999999999 0.25000000000000006
52.5 0.0007 0.3779644730092272
53.5 0.0006 0.4082482904638631
54.5 0.00030000000000000003 0.5773502691896257
55.5 0.00030000000000000003 0.5773502691896257
56.5 0.0001 1.0
57.5 0.0001 1.0
58.5 0.0 inf
59.5 0.0 inf
60.5 0.0001 1.0
61.5 0.0001 1.0
62.5 0.0 inf
63.5 0.0 inf
64.5 0.0 inf
65.5 0.0 inf
66.5 0.0 inf
67.5 0.0 inf
68.5 0.0 inf
69.5 0.0 inf
70.5 0.0 inf
71.5 0.0 inf
72.5 0.0 inf
73.5 0.0 inf
74.5 0.0 inf
75.5 0.0 inf
76.5 0.0 inf
77.5 0.0 inf
78.5 0.0 inf
79.5 0.0 inf
80.5 0.0 inf
81.5 0.0 inf
82.5 0.0 inf
83.5 0.0 inf
84.5 0.0 inf
85.5 0.0 inf
86.5 0.0 inf
87.5 0.0 inf
88.5 0.0 inf
89.5 0.0 inf
90.5 0.0 inf
91.5 0.0 inf
92.5 0.0 inf
93.5 0.0 inf
94.5 0.0 inf
95.5 0.0 inf
96.5 0.0 inf
97.5 0.0 inf
