0.5 44.9136 0.001492145132568473
1.5 22.0536 0.0021294147273206543
2.5 21.8258 0.002140498433707433
3.5 19.8267 0.00224581915845766
4.5 17.215 0.0024101633965407775
5.5 15.4162 0.0025468967077856173
6.5 13.456900000000001 0.0027260102685674487
7.5 11.9368 0.0028943832839131893
8.5 10.6532 0.0030637968110271796
9.5 9.267800000000001 0.0032848207348966547
10.5 8.286100000000001 0.003473960810406614
11.5 7.2259 0.0037200949648202946
12.5 6.5169999999999995 0.0039172035507648705
13.5 5.6562 0.00420472523428309
14.5 4.9984 0.0044728516685282075
15.5 4.3477 0.004795901064382329
16.5 3.8049999999999997 0.005126520158510161
17.5 3.2827 0.0055193051058308506
18.5 2.8192 0.005955758190072462
19.5 2.4373 0.006405388942781568
20.5 2.0656999999999996 0.0069577108332910765
21.5 1.7593 0.007539283052794252
22.5 1.4767 0.008229128851692042
23.5 1.2299 0.009017062901397189
24.5 1.0591 0.009716984634549205
25.5 0.8644000000000001 0.010755797592937955
26.5 0.7363 0.01165393522231718
27.5 0.5968 0.012944509326962443
28.5 0.5067 0.014048325065369655
29.5 0.4105 0.015607862099528717
30.5 0.32720000000000005 0.01748209003187664
31.5 0.26270000000000004 0.019510570275964215
32.5 0.1995 0.022388683141982252
33.5 0.1664 0.024514516892273006
34.5 0.126 0.02817180849095055
35.5 0.1062 0.030685820596610777
36.5 0.0793 0.03551104121142175
37.5 0.066 0.03892494720807615
38.5 0.0518 0.04393747751637468
39.5 0.034 0.05423261445466404
40.5 0.0294 0.05832118435198043
41.5 0.0252 0.0629940788348712
42.5 0.0166 0.07761505257063328
43.5 0.012199999999999999 0.09053574604251854
44.5 0.0091 0.10482848367219183
45.5 0.0065 0.12403473458920847
46.5 0.0065 0.12403473458920847
47.5 0.0039 0.16012815380508713
48.5 0.004 0.15811388300841897
49.5 0.0019 0.22941573387056174
50.5 0.0018999999999999998 0.2294157338705618
51.5 0.0006000000000000001 0.40824829046386296
52.5 0.0015999999999999999 0.25000000000000006
53.5 0.0008 0.35355339059327373
54.5 0.00030000000000000003 0.5773502691896257
55.5 0.0005 0.4472135954999579
56.5 0.0002 0.7071067811865475
57.5 0.0 inf
58.5 0.0002 0.7071067811865475
59.5 0.0 inf
60.5 0.0001 1.0
61.5 0.0 inf
62.5 0.0 inf
63.5 0.0 inf
64.5 0.0 inf
65.5 0.0 inf
66.5 0.0 inf
67.5 0.0 inf
68.5 0.0 inf
69.5 0.0 inf
70.5 0.0001 1.0
71.5 0.0 inf
72.5 0.0 inf
73.5 0.0 inf
74.5 0.0 inf
75.5 0.0 inf
76.5 0.0 inf
77.5 0.0 inf
78.5 0.0 inf
79.5 0.0 inf
80.5 0.0 inf
81.5 0.0 inf
82.5 0.0 inf
83.5 0.0 inf
84.5 0.0 inf
85.5 0.0 inf
86.5 0.0 inf
87.5 0.0 inf
88.5 0.0 inf
89.5 0.0 inf
90.5 0.0 inf
91.5 0.0 inf
92.5 0.0 inf
93.5 0.0 inf
94.5 0.0 inf
95.5 0.0 inf
96.5 0.0 inf
97.5 0.0 inf
