0.5 38.465 0.0016123789942374294
1.5 20.2493 0.0022222606319971835
2.5 20.6018 0.002203166993430077
3.5 18.8925 0.0023006750595829374
4.5 16.6077 0.002453834422149905
5.5 14.9592 0.002585507582118108
6.5 13.1351 0.0027592008061714897
7.5 11.5961 0.0029365947907832907
8.5 10.4286 0.003096613444493342
9.5 9.142 0.0033073441742226322
10.5 8.119900000000001 0.0035093336409818096
11.5 7.149 0.0037400495111031442
12.5 6.371 0.003961833295029559
13.5 5.5859000000000005 0.004231101285105417
14.5 4.9422 0.004498211192176746
15.5 4.2773 0.004835207809790638
16.5 3.7732 0.005148077629148003
17.5 3.2702 0.005529843530314145
18.5 2.7849 0.005992322760181776
19.5 2.3848000000000003 0.006475510597952351
20.5 2.0784000000000002 0.006936420820223286
21.5 1.7530000000000001 0.007552818387981101
22.5 1.4699 0.008248141542226677
23.5 1.2393999999999998 0.00898243853489919
24.5 1.0409000000000002 0.009801566611573796
25.5 0.8729 0.01070330135376001
26.5 0.7110000000000001 0.011859467782747
27.5 0.5759 0.013177300829938652
28.5 0.49160000000000004 0.014262447634628236
29.5 0.4033 0.01574656713048096
30.5 0.3105 0.017946063401938852
31.5 0.2539 0.01984580179179854
32.5 0.2097 0.021837392736013945
33.5 0.1642 0.0246781968201642
34.5 0.131 0.02762894819977688
35.5 0.1043 0.030964056111131625
36.5 0.0786 0.03566881875032108
37.5 0.0634 0.03971507353947688
38.5 0.0499 0.04476614810358452
39.5 0.0369 0.052057920629535355
40.5 0.027299999999999998 0.060522753266880246
41.5 0.0235 0.06523280730534423
42.5 0.016 0.07905694150420949
43.5 0.0127 0.08873565094161139
44.5 0.0101 0.09950371902099892
45.5 0.0069 0.1203858530857692
46.5 0.0051 0.14002800840280097
47.5 0.0036 0.16666666666666666
48.5 0.0035 0.1690308509457033
49.5 0.0024000000000000002 0.20412414523193148
50.5 0.0014 0.2672612419124244
51.5 0.0005 0.4472135954999579
52.5 0.0009 0.3333333333333333
53.5 0.0012 0.2886751345948129
54.5 0.0005 0.4472135954999579
55.5 0.00030000000000000003 0.5773502691896257
56.5 0.0001 1.0
57.5 0.00030000000000000003 0.5773502691896257
58.5 0.0 inf
59.5 0.0001 1.0
60.5 0.0 inf
61.5 0.0 inf
62.5 0.0 inf
63.5 0.0 inf
64.5 0.0 inf
65.5 0.0 inf
66.5 0.0 inf
67.5 0.0 inf
68.5 0.0 inf
69.5 0.0 inf
70.5 0.0 inf
71.5 0.0 inf
72.5 0.0 inf
73.5 0.0 inf
74.5 0.0 inf
75.5 0.0 inf
76.5 0.0 inf
77.5 0.0 inf
78.5 0.0 inf
79.5 0.0 inf
80.5 0.0 inf
81.5 0.0 inf
82.5 0.0 inf
83.5 0.0 inf
84.5 0.0 inf
85.5 0.0 inf
86.5 0.0 inf
87.5 0.0 inf
88.5 0.0 inf
89.5 0.0 inf
90.5 0.0 inf
91.5 0.0 inf
92.5 0.0 inf
93.5 0.0 inf
94.5 0.0 inf
95.5 0.0 inf
96.5 0.0 inf
97.5 0.0 inf
