0.5 38.4334 0.0016130417082763579
1.5 20.322499999999998 0.002218254820132587
2.5 20.5475 0.0022060761803246484
3.5 18.8684 0.002302143879814124
4.5 16.6167 0.0024531698045969787
5.5 14.9057 0.00259014341801001
6.5 13.0937 0.00276355941990467
7.5 11.6319 0.0029320722661275726
8.5 10.4946 0.0030868608655460587
9.5 9.062100000000001 0.0033218925056897226
10.5 8.1374 0.003505558086591047
11.5 7.1829 0.003731213412352491
12.5 6.337899999999999 0.003972165259144997
13.5 5.6154 0.00421997279476708
14.5 4.9312000000000005 0.004503225464562625
15.5 4.265599999999999 0.00484183444989707
16.5 3.7405999999999997 0.00517046217362783
17.5 3.2891 0.005513932701108652
18.5 2.8057 0.005970069458281655
19.5 2.3861 0.006473746356996358
20.5 2.0941 0.006910369845635389
21.5 1.7826 0.007489848771743228
22.5 1.4761 0.008230801155624976
23.5 1.2409 0.0089770079071271
24.5 1.0281 0.009862393362677776
25.5 0.8544 0.010818558060197886
26.5 0.7179 0.01180233733028013
27.5 0.582 0.013108062627326908
28.5 0.49350000000000005 0.014234965584343246
29.5 0.3869 0.016076837984062016
30.5 0.3248 0.01754656015858991
31.5 0.2526 0.019896804232983473
32.5 0.201 0.022304986837273527
33.5 0.1646 0.024648192922358196
34.5 0.12519999999999998 0.028261670947211076
35.5 0.0998 0.03165444689164592
36.5 0.0774 0.03594425773447947
37.5 0.0659 0.03895446935658099
38.5 0.0535 0.043233770116711694
39.5 0.039400000000000004 0.05037927218598784
40.5 0.0296 0.05812381937190964
41.5 0.022600000000000002 0.06651901052377392
42.5 0.016399999999999998 0.07808688094430304
43.5 0.0126 0.0890870806374748
44.5 0.0093 0.10369516947304253
45.5 0.0078 0.11322770341445956
46.5 0.0059 0.13018891098082389
47.5 0.0039 0.16012815380508713
48.5 0.0028 0.1889822365046136
49.5 0.0024000000000000002 0.20412414523193148
50.5 0.0021 0.2182178902359924
51.5 0.0017000000000000001 0.24253562503633297
52.5 0.0006000000000000001 0.40824829046386296
53.5 0.0007 0.3779644730092272
54.5 0.0007999999999999999 0.3535533905932738
55.5 0.00030000000000000003 0.5773502691896257
56.5 0.0002 0.7071067811865475
57.5 0.0001 1.0
58.5 0.0 inf
59.5 0.0 inf
60.5 0.0 inf
61.5 0.0 inf
62.5 0.0 inf
63.5 0.0 inf
64.5 0.0 inf
65.5 0.0 inf
66.5 0.0 inf
67.5 0.0 inf
68.5 0.0 inf
69.5 0.0 inf
70.5 0.0 inf
71.5 0.0 inf
72.5 0.0 inf
73.5 0.0 inf
74.5 0.0 inf
75.5 0.0 inf
76.5 0.0 inf
77.5 0.0 inf
78.5 0.0 inf
79.5 0.0 inf
80.5 0.0 inf
81.5 0.0 inf
82.5 0.0 inf
83.5 0.0 inf
84.5 0.0 inf
85.5 0.0 inf
86.5 0.0 inf
87.5 0.0 inf
88.5 0.0 inf
89.5 0.0 inf
90.5 0.0 inf
91.5 0.0 inf
92.5 0.0 inf
93.5 0.0 inf
94.5 0.0 inf
95.5 0.0 inf
96.5 0.0 inf
97.5 0.0 inf
