0.5 38.4397 0.0016129095196904266
1.5 20.3339 0.002217632911636801
2.5 20.5798 0.0022043442820125743
3.5 18.831699999999998 0.002304386044798906
4.5 16.5728 0.002456416779473243
5.5 14.9499 0.0025863116504455637
6.5 13.068200000000001 0.0027662543748822985
7.5 11.6998 0.0029235517187517442
8.5 10.441099999999999 0.0030947592691611204
9.5 9.0796 0.0033186896576960704
10.5 8.1466 0.0035035781044581754
11.5 7.1576 0.0037378019635205153
12.5 6.3690999999999995 0.003962424188715749
13.5 5.6174 0.00421922149550446
14.5 4.8982 0.004518369495357175
15.5 4.2707 0.004838942566575854
16.5 3.7803 0.00514324090592443
17.5 3.2643 0.0055348386820746436
18.5 2.815 0.005960199550821499
19.5 2.3922 0.006465487210760091
20.5 2.0857 0.0069242713604768325
21.5 1.7389999999999999 0.0075831598178768295
22.5 1.4668 0.008256852935480055
23.5 1.2525 0.008935341032175406
24.5 1.0499 0.009759465477002299
25.5 0.8513 0.010838237993129888
26.5 0.7134 0.011839502334610976
27.5 0.5756 0.01318073435607412
28.5 0.4993 0.014152045525279001
29.5 0.3997 0.01581732090875531
30.5 0.31279999999999997 0.017879963496303792
31.5 0.252 0.019920476822239894
32.5 0.2092 0.021863473472331304
33.5 0.1622 0.024829877392851134
34.5 0.1255 0.028227871846881837
35.5 0.1021 0.03129587719622029
36.5 0.0782 0.03575992699260758
37.5 0.0638 0.03959037912324479
38.5 0.051199999999999996 0.04419417382415922
39.5 0.0349 0.05352877275721892
40.5 0.028700000000000003 0.05902813361009551
41.5 0.0235 0.06523280730534423
42.5 0.0165 0.0778498944161523
43.5 0.0127 0.08873565094161139
44.5 0.0103 0.09853292781642932
45.5 0.0071 0.11867816581938533
46.5 0.0068000000000000005 0.12126781251816648
47.5 0.0046 0.14744195615489714
48.5 0.0037 0.1643989873053573
49.5 0.0026 0.19611613513818404
50.5 0.0013 0.2773500981126146
51.5 0.0019 0.22941573387056174
52.5 0.0008 0.35355339059327373
53.5 0.001 0.31622776601683794
54.5 0.0001 1.0
55.5 0.0002 0.7071067811865475
56.5 0.0002 0.7071067811865475
57.5 0.0002 0.7071067811865475
58.5 0.0 inf
59.5 0.0 inf
60.5 0.0 inf
61.5 0.0 inf
62.5 0.0001 1.0
63.5 0.0001 1.0
64.5 0.0 inf
65.5 0.0 inf
66.5 0.0 inf
67.5 0.0 inf
68.5 0.0 inf
69.5 0.0 inf
70.5 0.0 inf
71.5 0.0 inf
72.5 0.0 inf
73.5 0.0 inf
74.5 0.0 inf
75.5 0.0 inf
76.5 0.0 inf
77.5 0.0 inf
78.5 0.0 inf
79.5 0.0 inf
80.5 0.0 inf
81.5 0.0 inf
82.5 0.0 inf
83.5 0.0 inf
84.5 0.0 inf
85.5 0.0 inf
86.5 0.0 inf
87.5 0.0 inf
88.5 0.0 inf
89.5 0.0 inf
90.5 0.0 inf
91.5 0.0 inf
92.5 0.0 inf
93.5 0.0 inf
94.5 0.0 inf
95.5 0.0 inf
96.5 0.0 inf
97.5 0.0 inf
