0.5 39.4664 0.0015917917276013726
1.5 20.826999999999998 0.0021912233212823596
2.5 21.039 0.002180155411377248
3.5 19.2438 0.0022795786597352707
4.5 16.9742 0.0024271987652342048
5.5 15.1796 0.0025666688283731013
6.5 13.3071 0.0027413108798815134
7.5 11.8263 0.002907873798061351
8.5 10.5256 0.0030823118018673884
9.5 9.1955 0.0032977089705358586
10.5 8.241399999999999 0.0034833691667427408
11.5 7.2271 0.0037197861065451604
12.5 6.4747 0.003929978502486892
13.5 5.6853 0.004193950563033848
14.5 4.9668 0.004487057798406057
15.5 4.2933 0.004826189625902941
16.5 3.8189 0.005117181921044175
17.5 3.3108 0.005495832990416265
18.5 2.8312999999999997 0.005943018135334715
19.5 2.3941999999999997 0.00646278616739922
20.5 2.0804 0.006933085841992998
21.5 1.7602 0.0075373553677821285
22.5 1.4751 0.00823359059589065
23.5 1.25 0.00894427190999916
24.5 1.0712 0.009661948493603892
25.5 0.8662000000000001 0.010744616281415775
26.5 0.7228 0.011762264143238674
27.5 0.5767 0.013168157862086834
28.5 0.49229999999999996 0.014252304160300428
29.5 0.4101 0.015615471979112765
30.5 0.3144 0.01783440937516054
31.5 0.2544 0.019826289642953604
32.5 0.2039 0.022145800696175846
33.5 0.16510000000000002 0.024610841494742634
34.5 0.12229999999999999 0.028594780785029784
35.5 0.0986 0.0318464877649241
36.5 0.0806 0.03522349768381734
37.5 0.0659 0.03895446935658099
38.5 0.0548 0.04271788288583805
39.5 0.0395 0.05031546054266276
40.5 0.0286 0.05913123959890826
41.5 0.020999999999999998 0.06900655593423542
42.5 0.018 0.07453559924999299
43.5 0.0123 0.09016696346674323
44.5 0.0089 0.105999788000636
45.5 0.0077 0.11396057645963795
46.5 0.006699999999999999 0.12216944435630522
47.5 0.004 0.15811388300841897
48.5 0.0041 0.15617376188860607
49.5 0.002 0.22360679774997896
50.5 0.0013 0.2773500981126146
51.5 0.0015 0.2581988897471611
52.5 0.0007 0.3779644730092272
53.5 0.0007 0.3779644730092272
54.5 0.0002 0.7071067811865475
55.5 0.00030000000000000003 0.5773502691896257
56.5 0.0006000000000000001 0.40824829046386296
57.5 0.0002 0.7071067811865475
58.5 0.00030000000000000003 0.5773502691896257
59.5 0.0001 1.0
60.5 0.0 inf
61.5 0.0 inf
62.5 0.0 inf
63.5 0.0 inf
64.5 0.0 inf
65.5 0.0 inf
66.5 0.0 inf
67.5 0.0 inf
68.5 0.0 inf
69.5 0.0 inf
70.5 0.0 inf
71.5 0.0 inf
72.5 0.0 inf
73.5 0.0 inf
74.5 0.0 inf
75.5 0.0 inf
76.5 0.0 inf
77.5 0.0 inf
78.5 0.0 inf
79.5 0.0 inf
80.5 0.0 inf
81.5 0.0 inf
82.5 0.0 inf
83.5 0.0 inf
84.5 0.0 inf
85.5 0.0 inf
86.5 0.0 inf
87.5 0.0 inf
88.5 0.0 inf
89.5 0.0 inf
90.5 0.0 inf
91.5 0.0 inf
92.5 0.0 inf
93.5 0.0 inf
94.5 0.0 inf
95.5 0.0 inf
96.5 0.0 inf
97.5 0.0 inf
