0.5 42.656 0.0015311224915143156
1.5 21.7029 0.0021465505253976352
2.5 21.6537 0.002148987761617239
3.5 19.730800000000002 0.002251270356310756
4.5 17.1824 0.002412448702839274
5.5 15.3619 0.0025513940192163713
6.5 13.4122 0.0027305490951809565
7.5 11.9032 0.0028984654948113267
8.5 10.6603 0.003062776362233295
9.5 9.2409 0.003289598270991814
10.5 8.3205 0.003466772058139209
11.5 7.2391000000000005 0.003716701748883288
12.5 6.4792000000000005 0.003928613521084651
13.5 5.6456 0.004208670712731252
14.5 4.9932 0.004475180112842122
15.5 4.304399999999999 0.004819962824734088
16.5 3.8205999999999998 0.005116043333234264
17.5 3.2964 0.005507823913013647
18.5 2.8212 0.005953646743134736
19.5 2.4242 0.006422672487962705
20.5 2.066 0.006957205656856127
21.5 1.7737 0.0075086163882169404
22.5 1.506 0.008148684704723743
23.5 1.2583 0.008914723994723006
24.5 1.0678 0.009677318654856347
25.5 0.8447 0.010880497485126983
26.5 0.7156 0.011821288978511235
27.5 0.5867 0.013055453308385664
28.5 0.5014000000000001 0.014122378114958499
29.5 0.40149999999999997 0.01578182506843426
30.5 0.32220000000000004 0.01761721408605633
31.5 0.2558 0.019771960307117736
32.5 0.2026 0.022216737285146886
33.5 0.1658 0.024558833620630074
34.5 0.1278 0.02797271194322297
35.5 0.1043 0.030964056111131625
36.5 0.08199999999999999 0.034921514788478915
37.5 0.0625 0.04
38.5 0.0548 0.04271788288583805
39.5 0.0403 0.04981354813867179
40.5 0.0267 0.06119900613621046
41.5 0.0226 0.06651901052377393
42.5 0.0192 0.07216878364870323
43.5 0.0117 0.09245003270420485
44.5 0.009399999999999999 0.10314212462587935
45.5 0.007300000000000001 0.11704114719613055
46.5 0.0064 0.125
47.5 0.0047 0.14586499149789456
48.5 0.0036 0.16666666666666666
49.5 0.0019000000000000002 0.22941573387056174
50.5 0.0008 0.35355339059327373
51.5 0.0018 0.23570226039551587
52.5 0.0007999999999999999 0.3535533905932738
53.5 0.0007999999999999999 0.3535533905932738
54.5 0.0007999999999999999 0.3535533905932738
55.5 0.0002 0.7071067811865475
56.5 0.0001 1.0
57.5 0.0001 1.0
58.5 0.0001 1.0
59.5 0.0001 1.0
60.5 0.0 inf
61.5 0.0001 1.0
62.5 0.0 inf
63.5 0.0 inf
64.5 0.0 inf
65.5 0.0 inf
66.5 0.0 inf
67.5 0.0 inf
68.5 0.0 inf
69.5 0.0 inf
70.5 0.0 inf
71.5 0.0 inf
72.5 0.0 inf
73.5 0.0 inf
74.5 0.0 inf
75.5 0.0 inf
76.5 0.0 inf
77.5 0.0 inf
78.5 0.0 inf
79.5 0.0 inf
80.5 0.0 inf
81.5 0.0 inf
82.5 0.0 inf
83.5 0.0 inf
84.5 0.0 inf
85.5 0.0 inf
86.5 0.0 inf
87.5 0.0 inf
88.5 0.0 inf
89.5 0.0 inf
90.5 0.0 inf
91.5 0.0 inf
92.5 0.0 inf
93.5 0.0 inf
94.5 0.0 inf
95.5 0.0 inf
96.5 0.0 inf
97.5 0.0 inf
