0.5 41.9151 0.0015445954340257459
1.5 21.517100000000003 0.0021557983286183526
2.5 21.5513 0.002154087119175341
3.5 19.6284 0.002257135077871121
4.5 17.1336 0.0024158818338760627
5.5 15.4001 0.002548227683735053
6.5 13.4159 0.0027301725372037627
7.5 11.8713 0.002902357192365604
8.5 10.6859 0.003059105445849156
9.5 9.2484 0.0032882641488190443
10.5 8.2667 0.003478034706041585
11.5 7.280200000000001 0.003706195674373911
12.5 6.4553 0.003935879420104015
13.5 5.6708 0.004199309018557182
14.5 4.9572 0.004491400463635796
15.5 4.295 0.004825234406533809
16.5 3.8120000000000003 0.005121811064791514
17.5 3.3211000000000004 0.0054873040334383035
18.5 2.8212 0.005953646743134736
19.5 2.4212 0.006426650278443724
20.5 2.1043000000000003 0.0068936014677813675
21.5 1.7484 0.007562747506779041
22.5 1.491 0.00818957148778788
23.5 1.2415 0.008974838412293679
24.5 1.0405 0.009803450441422362
25.5 0.872 0.010708823421952984
26.5 0.7096 0.01187116104208156
27.5 0.5822 0.013105810963198412
28.5 0.5111 0.013987724164911076
29.5 0.4052 0.01570960559016737
30.5 0.3266 0.017498140921285422
31.5 0.2574 0.01971041319963609
32.5 0.20900000000000002 0.021873931962990357
33.5 0.1639 0.024700771787671945
34.5 0.12440000000000001 0.028352398856187136
35.5 0.1059 0.030729254193150105
36.5 0.0789 0.03560094272544522
37.5 0.0644 0.03940552031195503
38.5 0.050699999999999995 0.04441155916843276
39.5 0.038900000000000004 0.05070201265633938
40.5 0.0281 0.05965499862718936
41.5 0.022699999999999998 0.0663723311599972
42.5 0.016399999999999998 0.07808688094430304
43.5 0.012 0.09128709291752768
44.5 0.009500000000000001 0.1025978352085154
45.5 0.0066 0.12309149097933272
46.5 0.0051 0.14002800840280097
47.5 0.0038000000000000004 0.16222142113076252
48.5 0.0037999999999999996 0.16222142113076254
49.5 0.0026 0.19611613513818404
50.5 0.0022 0.21320071635561041
51.5 0.0022 0.21320071635561041
52.5 0.0013 0.2773500981126146
53.5 0.00039999999999999996 0.5000000000000001
54.5 0.00030000000000000003 0.5773502691896257
55.5 0.0005 0.4472135954999579
56.5 0.0001 1.0
57.5 0.0002 0.7071067811865475
58.5 0.0 inf
59.5 0.0001 1.0
60.5 0.0 inf
61.5 0.0001 1.0
62.5 0.0 inf
63.5 0.0 inf
64.5 0.0001 1.0
65.5 0.0 inf
66.5 0.0 inf
67.5 0.0 inf
68.5 0.0 inf
69.5 0.0 inf
70.5 0.0 inf
71.5 0.0001 1.0
72.5 0.0 inf
73.5 0.0 inf
74.5 0.0 inf
75.5 0.0 inf
76.5 0.0 inf
77.5 0.0 inf
78.5 0.0 inf
79.5 0.0 inf
80.5 0.0 inf
81.5 0.0 inf
82.5 0.0 inf
83.5 0.0 inf
84.5 0.0 inf
85.5 0.0 inf
86.5 0.0 inf
87.5 0.0 inf
88.5 0.0 inf
89.5 0.0 inf
90.5 0.0 inf
91.5 0.0 inf
92.5 0.0 inf
93.5 0.0 inf
94.5 0.0 inf
95.5 0.0 inf
96.5 0.0 inf
97.5 0.0 inf
