0.5 38.4523 0.0016126452399848345
1.5 20.2603 0.0022216572799777508
2.5 20.6241 0.0022019755738802694
3.5 18.8829 0.002301259812828283
4.5 16.648899999999998 0.0024507963655538358
5.5 14.901 0.0025905518709418915
6.5 13.180399999999999 0.0027544551467748885
7.5 11.608699999999999 0.002935000678608923
8.5 10.4104 0.0030993190924053092
9.5 9.083400000000001 0.003317995405548399
10.5 8.1655 0.0034995210358350873
11.5 7.164 0.0037361319971851697
12.5 6.3447 0.003970036083226433
13.5 5.6064 0.004223358614996787
14.5 4.9045000000000005 0.004515466561826766
15.5 4.299 0.0048229890669955105
16.5 3.7857000000000003 0.0051395713848141145
17.5 3.2803 0.005521323809951202
18.5 2.7779 0.0059998680043558406
19.5 2.3937 0.006463461110866789
20.5 2.0483000000000002 0.006987200690563524
21.5 1.7586 0.0075407833863187805
22.5 1.4737 0.008237500581129945
23.5 1.2528000000000001 0.00893427112364829
24.5 1.0438 0.00978794124574906
25.5 0.8708 0.010716199492226186
26.5 0.7168 0.01181138978153835
27.5 0.5844 0.013081118996315122
28.5 0.4867 0.014334063592841508
29.5 0.399 0.01583118967153259
30.5 0.3165 0.017775144618053972
31.5 0.257 0.01972574607881179
32.5 0.1996 0.02238307405179226
33.5 0.1602 0.02498438963319538
34.5 0.1266 0.028104971365967134
35.5 0.0984 0.03187883565316691
36.5 0.0789 0.03560094272544522
37.5 0.0638 0.03959037912324479
38.5 0.0502 0.04463218426774518
39.5 0.0404 0.04975185951049946
40.5 0.03 0.05773502691896257
41.5 0.0217 0.06788442333021306
42.5 0.015099999999999999 0.08137884587711594
43.5 0.0132 0.08703882797784893
44.5 0.0098 0.10101525445522107
45.5 0.0077 0.11396057645963795
46.5 0.0044 0.15075567228888181
47.5 0.0036 0.16666666666666666
48.5 0.0022 0.21320071635561041
49.5 0.0024000000000000002 0.20412414523193148
50.5 0.0017000000000000001 0.24253562503633297
51.5 0.0018 0.23570226039551587
52.5 0.00030000000000000003 0.5773502691896257
53.5 0.0005 0.4472135954999579
54.5 0.00039999999999999996 0.5000000000000001
55.5 0.0002 0.7071067811865475
56.5 0.00039999999999999996 0.5000000000000001
57.5 0.00030000000000000003 0.5773502691896257
58.5 0.0001 1.0
59.5 0.0001 1.0
60.5 0.0001 1.0
61.5 0.0 inf
62.5 0.0001 1.0
63.5 0.0001 1.0
64.5 0.0 inf
65.5 0.0 inf
66.5 0.0 inf
67.5 0.0 inf
68.5 0.0 inf
69.5 0.0 inf
70.5 0.0 inf
71.5 0.0 inf
72.5 0.0 inf
73.5 0.0 inf
74.5 0.0 inf
75.5 0.0 inf
76.5 0.0 inf
77.5 0.0 inf
78.5 0.0 inf
79.5 0.0 inf
80.5 0.0 inf
81.5 0.0 inf
82.5 0.0 inf
83.5 0.0 inf
84.5 0.0 inf
85.5 0.0 inf
86.5 0.0 inf
87.5 0.0 inf
88.5 0.0 inf
89.5 0.0 inf
90.5 0.0 inf
91.5 0.0 inf
92.5 0.0 inf
93.5 0.0 inf
94.5 0.0 inf
95.5 0.0 inf
96.5 0.0 inf
97.5 0.0 inf
