0.5 38.445899999999995 0.0016127794610597262
1.5 20.2993 0.002219522076044276
2.5 20.516199999999998 0.002207758359976969
3.5 18.8751 0.002301735253289891
4.5 16.7147 0.002445967639264817
5.5 14.888200000000001 0.0025916652338721373
6.5 13.087399999999999 0.0027642244996606276
7.5 11.6664 0.0029277336788502734
8.5 10.403300000000002 0.0031003765170849163
9.5 9.127500000000001 0.0033099701648908885
10.5 8.1641 0.0034998210762211004
11.5 7.1667000000000005 0.003735428151156031
12.5 6.378299999999999 0.003959565475785894
13.5 5.5699000000000005 0.004237174021914522
14.5 4.9277 0.0045048244348149455
15.5 4.2658000000000005 0.004841720945016319
16.5 3.7578 0.005158615621578505
17.5 3.2851 0.005517288614325886
18.5 2.8085 0.005967092715721214
19.5 2.3823 0.006478907426977237
20.5 2.0324 0.007014478798345498
21.5 1.7677 0.007521348620493283
22.5 1.4853999999999998 0.008204994423272311
23.5 1.2522 0.008936411325169863
24.5 1.0560999999999998 0.009730776075422562
25.5 0.8565 0.010805287240093267
26.5 0.6984999999999999 0.011965112732084131
27.5 0.5725 0.013216372009101795
28.5 0.4952 0.014210510570080112
29.5 0.393 0.015951580680567408
30.5 0.31989999999999996 0.017680432313071925
31.5 0.2526 0.019896804232983473
32.5 0.2033 0.02217845610938612
33.5 0.1628 0.02478407985483048
34.5 0.1295 0.02778850071883642
35.5 0.1069 0.0305851875103308
36.5 0.0807 0.03520166719043815
37.5 0.062400000000000004 0.04003203845127178
38.5 0.0483 0.045501575519329006
39.5 0.0353 0.05322462954123495
40.5 0.029199999999999997 0.058520573598065284
41.5 0.0223 0.06696495301824251
42.5 0.019299999999999998 0.07198157507486945
43.5 0.0126 0.0890870806374748
44.5 0.011099999999999999 0.0949157995752499
45.5 0.008400000000000001 0.10910894511799617
46.5 0.0066 0.12309149097933272
47.5 0.0042 0.1543033499620919
48.5 0.0038 0.16222142113076254
49.5 0.0022 0.21320071635561041
50.5 0.0018 0.23570226039551587
51.5 0.0010999999999999998 0.3015113445777637
52.5 0.0009000000000000001 0.3333333333333333
53.5 0.0011 0.30151134457776363
54.5 0.0007 0.3779644730092272
55.5 0.0004 0.5
56.5 0.0002 0.7071067811865475
57.5 0.0001 1.0
58.5 0.0001 1.0
59.5 0.0002 0.7071067811865475
60.5 0.0 inf
61.5 0.0 inf
62.5 0.0 inf
63.5 0.0001 1.0
64.5 0.0 inf
65.5 0.0 inf
66.5 0.0 inf
67.5 0.0 inf
68.5 0.0 inf
69.5 0.0 inf
70.5 0.0 inf
71.5 0.0 inf
72.5 0.0 inf
73.5 0.0 inf
74.5 0.0 inf
75.5 0.0 inf
76.5 0.0 inf
77.5 0.0 inf
78.5 0.0 inf
79.5 0.0 inf
80.5 0.0 inf
81.5 0.0 inf
82.5 0.0 inf
83.5 0.0 inf
84.5 0.0 inf
85.5 0.0 inf
86.5 0.0 inf
87.5 0.0 inf
88.5 0.0 inf
89.5 0.0 inf
90.5 0.0 inf
91.5 0.0 inf
92.5 0.0 inf
93.5 0.0 inf
94.5 0.0 inf
95.5 0.0 inf
96.5 0.0 inf
97.5 0.0 inf
