0.5 39.9623 0.0015818844688727021
1.5 20.979 0.0021832708108107204
2.5 21.167099999999998 0.0021735484191997005
3.5 19.342100000000002 0.0022737786686554385
4.5 17.084400000000002 0.002419357985639385
5.5 15.2303 0.002562393187464895
6.5 13.363800000000001 0.002735489274318718
7.5 11.8387 0.002906350527691861
8.5 10.569700000000001 0.0030758749099837287
9.5 9.1889 0.003298893060710382
10.5 8.2512 0.00348129994286964
11.5 7.2445 0.0037153162888181705
12.5 6.5381 0.003910877570132147
13.5 5.6611 0.004202905127424427
14.5 4.9884 0.0044773326767534385
15.5 4.3041 0.004820130799880063
16.5 3.8198 0.005116579044579526
17.5 3.2901 0.005513094679202949
18.5 2.8127 0.005962635938934896
19.5 2.425 0.0064216129906793555
20.5 2.0732 0.006945114337316734
21.5 1.7469000000000001 0.007565993739278959
22.5 1.5043 0.008153287793362137
23.5 1.2454 0.008960774932649991
24.5 1.0562 0.00973031541425936
25.5 0.8669 0.010740277401319045
26.5 0.728 0.011720180773462385
27.5 0.5771999999999999 0.01316245316231641
28.5 0.49329999999999996 0.014237850952891042
29.5 0.4007 0.01579757146802941
30.5 0.3181 0.017730384976049764
31.5 0.255 0.019802950859533486
32.5 0.213 0.021667569500871973
33.5 0.163 0.024768870230903496
34.5 0.12840000000000001 0.027907278609297374
35.5 0.09820000000000001 0.031911282313630135
36.5 0.0763 0.03620243071279982
37.5 0.065 0.03922322702763681
38.5 0.048 0.04564354645876384
39.5 0.037899999999999996 0.051366549693751415
40.5 0.029500000000000002 0.0582222509739582
41.5 0.0223 0.06696495301824251
42.5 0.020499999999999997 0.06984302957695783
43.5 0.011699999999999999 0.09245003270420486
44.5 0.011 0.09534625892455924
45.5 0.0056 0.1336306209562122
46.5 0.004699999999999999 0.14586499149789456
47.5 0.0036 0.16666666666666666
48.5 0.0037999999999999996 0.16222142113076254
49.5 0.0027 0.19245008972987526
50.5 0.0015999999999999999 0.25000000000000006
51.5 0.0015 0.2581988897471611
52.5 0.001 0.31622776601683794
53.5 0.0007999999999999999 0.3535533905932738
54.5 0.0001 1.0
55.5 0.0002 0.7071067811865475
56.5 0.0003 0.5773502691896258
57.5 0.0001 1.0
58.5 0.0 inf
59.5 0.0002 0.7071067811865475
60.5 0.0 inf
61.5 0.0 inf
62.5 0.0 inf
63.5 0.0001 1.0
64.5 0.0001 1.0
65.5 0.0 inf
66.5 0.0 inf
67.5 0.0 inf
68.5 0.0 inf
69.5 0.0 inf
70.5 0.0 inf
71.5 0.0 inf
72.5 0.0 inf
73.5 0.0 inf
74.5 0.0 inf
75.5 0.0 inf
76.5 0.0 inf
77.5 0.0 inf
78.5 0.0 inf
79.5 0.0 inf
80.5 0.0 inf
81.5 0.0 inf
82.5 0.0 inf
83.5 0.0 inf
84.5 0.0 inf
85.5 0.0 inf
86.5 0.0 inf
87.5 0.0 inf
88.5 0.0 inf
89.5 0.0 inf
90.5 0.0 inf
91.5 0.0 inf
92.5 0.0 inf
93.5 0.0 inf
94.5 0.0 inf
95.5 0.0 inf
96.5 0.0 inf
97.5 0.0 inf
