0.5 38.450199999999995 0.0016126892775810647
1.5 20.2883 0.002220123689644481
2.5 20.528100000000002 0.002207118355956634
3.5 18.9156 0.0022992698218603615
4.5 16.587899999999998 0.0024552984842574157
5.5 14.9103 0.002589743842588415
6.5 13.151299999999999 0.002757500866742979
7.5 11.6942 0.0029242516353810565
8.5 10.408999999999999 0.0030995275130432103
9.5 9.0755 0.003319439208199708
10.5 8.1319 0.003506743376036394
11.5 7.2099 0.0037242204404802776
12.5 6.3871 0.003956836836314237
13.5 5.6197 0.0042183579972248095
14.5 4.9205000000000005 0.004508119108063872
15.5 4.2661999999999995 0.004841493959200344
16.5 3.7548 0.005160676018521938
17.5 3.2833 0.005518800775679866
18.5 2.7941000000000003 0.0059824493081362005
19.5 2.4035 0.006450270634844853
20.5 2.0483000000000002 0.006987200690563524
21.5 1.7548 0.007548943712462225
22.5 1.4665 0.008257697439132145
23.5 1.2502 0.008943556454099923
24.5 1.0389 0.00981099663743355
25.5 0.8546 0.010817292065452438
26.5 0.7114 0.011856133193117539
27.5 0.5660000000000001 0.013292044433783764
28.5 0.4962 0.014196184010766886
29.5 0.3899 0.016014868700435152
30.5 0.3174 0.01774992567234187
31.5 0.24580000000000002 0.02017014687752732
32.5 0.20700000000000002 0.0219793491131929
33.5 0.1693 0.02430365104718368
34.5 0.1274 0.02801659073402629
35.5 0.1014 0.03140371465106639
36.5 0.07550000000000001 0.03639372626234195
37.5 0.0634 0.03971507353947688
38.5 0.0508 0.04436782547080569
39.5 0.0372 0.05184758473652126
40.5 0.0323 0.055641488407465724
41.5 0.0238 0.06482037235521643
42.5 0.018099999999999998 0.07432941462471664
43.5 0.0121 0.09090909090909091
44.5 0.011300000000000001 0.09407208683835973
45.5 0.0081 0.1111111111111111
46.5 0.005 0.1414213562373095
47.5 0.0046 0.14744195615489714
48.5 0.0029 0.18569533817705186
49.5 0.0015999999999999999 0.25000000000000006
50.5 0.0012000000000000001 0.28867513459481287
51.5 0.001 0.31622776601683794
52.5 0.0012000000000000001 0.28867513459481287
53.5 0.0007 0.3779644730092272
54.5 0.0007999999999999999 0.3535533905932738
55.5 0.0006000000000000001 0.40824829046386296
56.5 0.00039999999999999996 0.5000000000000001
57.5 0.0005 0.4472135954999579
58.5 0.0 inf
59.5 0.0001 1.0
60.5 0.0002 0.7071067811865475
61.5 0.0 inf
62.5 0.0 inf
63.5 0.0001 1.0
64.5 0.0 inf
65.5 0.0 inf
66.5 0.0 inf
67.5 0.0 inf
68.5 0.0 inf
69.5 0.0 inf
70.5 0.0 inf
71.5 0.0 inf
72.5 0.0 inf
73.5 0.0 inf
74.5 0.0 inf
75.5 0.0 inf
76.5 0.0 inf
77.5 0.0 inf
78.5 0.0 inf
79.5 0.0 inf
80.5 0.0 inf
81.5 0.0 inf
82.5 0.0 inf
83.5 0.0 inf
84.5 0.0 inf
85.5 0.0 inf
86.5 0.0 inf
87.5 0.0 inf
88.5 0.0 inf
89.5 0.0 inf
90.5 0.0 inf
91.5 0.0 inf
92.5 0.0 inf
93.5 0.0 inf
94.5 0.0 inf
95.5 0.0 inf
96.5 0.0 inf
97.5 0.0 inf
