0.5 38.546400000000006 0.0016106756313599773
1.5 20.352999999999998 0.0022165921134604176
2.5 20.6179 0.002202306626566815
3.5 18.973300000000002 0.002295770986998539
4.5 16.6297 0.002452210754147889
5.5 14.968399999999999 0.002584712897119432
6.5 13.1864 0.0027538284172928832
7.5 11.673100000000002 0.0029268933437561285
8.5 10.4407 0.003094818551194479
9.5 9.1054 0.0033139845963305087
10.5 8.1695 0.0034986642026127606
11.5 7.176 0.003733006833947206
12.5 6.4168 0.003947669155227205
13.5 5.6315 0.004213936197822847
14.5 4.9628 0.004488865710884593
15.5 4.2246 0.004865272868331385
16.5 3.7725999999999997 0.0051484869918916746
17.5 3.2969 0.0055074062454505785
18.5 2.8127 0.005962635938934896
19.5 2.3846 0.0064757821476808565
20.5 2.0457 0.006991639502015085
21.5 1.7492999999999999 0.0075608017717851885
22.5 1.4894 0.008193969163759422
23.5 1.2625 0.008899883189799696
24.5 1.0615 0.009705993603072902
25.5 0.8458 0.010873419901081503
26.5 0.6961 0.011985721524847667
27.5 0.5657000000000001 0.013295568461356736
28.5 0.5038 0.014088699899813708
29.5 0.4104 0.015609763526361568
30.5 0.3214 0.017639126052343954
31.5 0.2578 0.019695116019838796
32.5 0.202 0.022249707974499235
33.5 0.1653 0.02459594839716409
34.5 0.1272 0.028038607704602217
35.5 0.1032 0.031128640318234518
36.5 0.0821 0.0349002406379888
37.5 0.0633 0.039746431675858215
38.5 0.05 0.044721359549995794
39.5 0.0388 0.05076730825668096
40.5 0.03 0.05773502691896257
41.5 0.0229 0.06608186004550898
42.5 0.0187 0.07312724241271307
43.5 0.0132 0.08703882797784893
44.5 0.012 0.09128709291752768
45.5 0.008 0.11180339887498948
46.5 0.0057 0.13245323570650439
47.5 0.0040999999999999995 0.15617376188860607
48.5 0.0021000000000000003 0.21821789023599233
49.5 0.0016 0.25
50.5 0.0014 0.2672612419124244
51.5 0.0018999999999999998 0.2294157338705618
52.5 0.0009 0.3333333333333333
53.5 0.0005 0.4472135954999579
54.5 0.0002 0.7071067811865475
55.5 0.0004 0.5
56.5 0.00030000000000000003 0.5773502691896257
57.5 0.0 inf
58.5 0.0001 1.0
59.5 0.0002 0.7071067811865475
60.5 0.0 inf
61.5 0.0002 0.7071067811865475
62.5 0.0 inf
63.5 0.0 inf
64.5 0.0 inf
65.5 0.0 inf
66.5 0.0 inf
67.5 0.0 inf
68.5 0.0 inf
69.5 0.0 inf
70.5 0.0 inf
71.5 0.0 inf
72.5 0.0 inf
73.5 0.0 inf
74.5 0.0 inf
75.5 0.0 inf
76.5 0.0 inf
77.5 0.0 inf
78.5 0.0 inf
79.5 0.0 inf
80.5 0.0 inf
81.5 0.0 inf
82.5 0.0 inf
83.5 0.0 inf
84.5 0.0 inf
85.5 0.0 inf
86.5 0.0 inf
87.5 0.0 inf
88.5 0.0 inf
89.5 0.0 inf
90.5 0.0 inf
91.5 0.0 inf
92.5 0.0 inf
93.5 0.0 inf
94.5 0.0 inf
95.5 0.0 inf
96.5 0.0 inf
97.5 0.0 inf
