0.5 41.2092 0.0015577684662272922
1.5 21.412 0.0021610826797208793
2.5 21.3981 0.002161784475033606
3.5 19.5445 0.0022619745681069264
4.5 17.1291 0.002416199152192061
5.5 15.3747 0.002550331733659933
6.5 13.446100000000001 0.0027271048239213428
7.5 11.8453 0.0029055407302959945
8.5 10.5825 0.003074014144032718
9.5 9.246400000000001 0.003288619756012637
10.5 8.2962 0.00347184552330902
11.5 7.2709 0.00370856516131352
12.5 6.4216 0.0039461934829476625
13.5 5.6745 0.004197939736950635
14.5 4.9539 0.0044928961694459925
15.5 4.3422 0.004798937440926599
16.5 3.8345000000000002 0.005106762127695931
17.5 3.3067 0.005499239095431613
18.5 2.8318000000000003 0.005942493444281989
19.5 2.407 0.006445579284601495
20.5 2.0898 0.006917475626274336
21.5 1.776 0.007503752814845802
22.5 1.4946000000000002 0.008179702548889205
23.5 1.2518 0.00893783898095422
24.5 1.0604 0.009711026527239533
25.5 0.8484 0.010856745817698684
26.5 0.7311 0.011695306504229626
27.5 0.5740000000000001 0.013199091933711365
28.5 0.4975 0.014177624100166717
29.5 0.3967 0.015877016633223832
30.5 0.3252 0.01753576559579736
31.5 0.25980000000000003 0.019619160796573762
32.5 0.1966 0.022553203740992234
33.5 0.16510000000000002 0.024610841494742634
34.5 0.1285 0.027896417632583534
35.5 0.10189999999999999 0.03132657448383193
36.5 0.07750000000000001 0.035921060405354976
37.5 0.0628 0.03990434422338111
38.5 0.0476 0.04583492485141056
39.5 0.0378 0.05143444998736397
40.5 0.032 0.05590169943749474
41.5 0.0225 0.06666666666666667
42.5 0.0184 0.07372097807744857
43.5 0.0125 0.08944271909999159
44.5 0.009600000000000001 0.10206207261596574
45.5 0.0070999999999999995 0.11867816581938533
46.5 0.0056 0.1336306209562122
47.5 0.004999999999999999 0.14142135623730953
48.5 0.0039 0.16012815380508713
49.5 0.0028 0.1889822365046136
50.5 0.0015999999999999999 0.25000000000000006
51.5 0.0015 0.2581988897471611
52.5 0.0009 0.3333333333333333
53.5 0.0007 0.3779644730092272
54.5 0.0005 0.4472135954999579
55.5 0.00039999999999999996 0.5000000000000001
56.5 0.0001 1.0
57.5 0.0001 1.0
58.5 0.00030000000000000003 0.5773502691896257
59.5 0.0001 1.0
60.5 0.0001 1.0
61.5 0.0 inf
62.5 0.0 inf
63.5 0.0 inf
64.5 0.0 inf
65.5 0.0 inf
66.5 0.0 inf
67.5 0.0 inf
68.5 0.0 inf
69.5 0.0 inf
70.5 0.0 inf
71.5 0.0 inf
72.5 0.0 inf
73.5 0.0 inf
74.5 0.0 inf
75.5 0.0 inf
76.5 0.0 inf
77.5 0.0 inf
78.5 0.0 inf
79.5 0.0 inf
80.5 0.0 inf
81.5 0.0 inf
82.5 0.0 inf
83.5 0.0 inf
84.5 0.0 inf
85.5 0.0 inf
86.5 0.0 inf
87.5 0.0 inf
88.5 0.0 inf
89.5 0.0 inf
90.5 0.0 inf
91.5 0.0 inf
92.5 0.0 inf
93.5 0.0 inf
94.5 0.0 inf
95.5 0.0 inf
96.5 0.0 inf
97.5 0.0 inf
