0.5 38.523700000000005 0.001611150104896402
1.5 20.3002 0.0022194728747553906
2.5 20.609 0.0022027821084754555
3.5 18.904899999999998 0.0022999204126311575
4.5 16.651600000000002 0.00245059766337369
5.5 14.9742 0.0025842122764938324
6.5 13.0824 0.002764752682645668
7.5 11.716899999999999 0.002921417579690132
8.5 10.4383 0.0030951743149505934
9.5 9.098099999999999 0.0033153138429191367
10.5 8.1695 0.0034986642026127606
11.5 7.1579999999999995 0.003737697525013013
12.5 6.3954 0.003954268395854695
13.5 5.6205 0.004218057774247205
14.5 4.894299999999999 0.004520169357645892
15.5 4.2936 0.004826021016556517
16.5 3.7932 0.005134487832913586
17.5 3.2630999999999997 0.005535856302727125
18.5 2.7889999999999997 0.005987916600399351
19.5 2.3994999999999997 0.006455644741700718
20.5 2.0787 0.006935920266672556
21.5 1.7441 0.007572064574296844
22.5 1.4750999999999999 0.00823359059589065
23.5 1.2449 0.008962574248933396
24.5 1.058 0.009722034684781694
25.5 0.8442000000000001 0.010883719140805654
26.5 0.7303999999999999 0.011700909430022725
27.5 0.581 0.013119338382209642
28.5 0.4893 0.014295929313323245
29.5 0.3957 0.01589706591085828
30.5 0.3103 0.01795184592614303
31.5 0.2592 0.019641855032959652
32.5 0.2022 0.022238701440076274
33.5 0.1667 0.024492448305451237
34.5 0.1295 0.02778850071883642
35.5 0.09670000000000001 0.032157832069216574
36.5 0.0807 0.03520166719043815
37.5 0.0664 0.03880752628531664
38.5 0.0545 0.042835293687811936
39.5 0.0408 0.04950737714883371
40.5 0.029200000000000004 0.05852057359806528
41.5 0.0194 0.07179581586177382
42.5 0.018500000000000003 0.07352146220938077
43.5 0.013 0.08770580193070293
44.5 0.01 0.1
45.5 0.0074 0.11624763874381928
46.5 0.0057 0.13245323570650439
47.5 0.0034999999999999996 0.16903085094570333
48.5 0.0043 0.15249857033260467
49.5 0.0026 0.19611613513818404
50.5 0.0009 0.3333333333333333
51.5 0.0014 0.2672612419124244
52.5 0.0007 0.3779644730092272
53.5 0.0006000000000000001 0.40824829046386296
54.5 0.00039999999999999996 0.5000000000000001
55.5 0.0002 0.7071067811865475
56.5 0.0002 0.7071067811865475
57.5 0.0 inf
58.5 0.0001 1.0
59.5 0.0003 0.5773502691896258
60.5 0.0 inf
61.5 0.0002 0.7071067811865475
62.5 0.0 inf
63.5 0.0 inf
64.5 0.0 inf
65.5 0.0 inf
66.5 0.0 inf
67.5 0.0 inf
68.5 0.0 inf
69.5 0.0 inf
70.5 0.0 inf
71.5 0.0 inf
72.5 0.0 inf
73.5 0.0 inf
74.5 0.0 inf
75.5 0.0 inf
76.5 0.0 inf
77.5 0.0 inf
78.5 0.0 inf
79.5 0.0 inf
80.5 0.0 inf
81.5 0.0 inf
82.5 0.0 inf
83.5 0.0 inf
84.5 0.0 inf
85.5 0.0 inf
86.5 0.0 inf
87.5 0.0 inf
88.5 0.0 inf
89.5 0.0 inf
90.5 0.0 inf
91.5 0.0 inf
92.5 0.0 inf
93.5 0.0 inf
94.5 0.0 inf
95.5 0.0 inf
96.5 0.0 inf
97.5 0.0 inf
