0.5 5612.0 0.01334876749845192
1.5 3032.0 0.0181608178073037
2.5 3113.0 0.017922989058224634
3.5 2788.0 0.018938850476964256
4.5 2438.0 0.02025271024713455
5.5 2215.0 0.02124775914356676
6.5 1874.0 0.023100171634912875
7.5 1621.0 0.024837535026770382
8.5 1434.0 0.026407386650992314
9.5 1221.0 0.028618190351607124
10.5 1110.0 0.030015011259383207
11.5 956.0 0.03234231136765754
12.5 812.0 0.03509312031717982
13.5 719.0 0.03729370703141007
14.5 599.0 0.04085889232227185
15.5 499.0 0.04476614810358452
16.5 447.0 0.047298376984040214
17.5 409.0 0.049446817643414874
18.5 351.0 0.05337605126836238
19.5 286.0 0.05913123959890826
20.5 223.0 0.06696495301824251
21.5 186.0 0.07332355751067665
22.5 174.0 0.07580980435789034
23.5 122.0 0.09053574604251853
24.5 98.0 0.10101525445522107
25.5 79.0 0.1125087900926024
26.5 69.0 0.1203858530857692
27.5 60.0 0.12909944487358055
28.5 31.0 0.1796053020267749
29.5 32.0 0.17677669529663687
30.5 19.0 0.22941573387056174
31.5 21.0 0.2182178902359924
32.5 12.0 0.2886751345948129
33.5 8.0 0.35355339059327373
34.5 12.0 0.2886751345948129
35.5 5.0 0.4472135954999579
36.5 6.0 0.4082482904638631
37.5 2.0 0.7071067811865475
38.5 3.0 0.5773502691896258
39.5 1.0 1.0
40.5 0.0 inf
41.5 1.0 1.0
42.5 0.0 inf
43.5 0.0 inf
44.5 0.0 inf
45.5 0.0 inf
46.5 0.0 inf
47.5 0.0 inf
48.5 0.0 inf
49.5 1.0 1.0
50.5 0.0 inf
51.5 0.0 inf
52.5 0.0 inf
53.5 0.0 inf
54.5 0.0 inf
55.5 0.0 inf
56.5 0.0 inf
57.5 0.0 inf
58.5 0.0 inf
59.5 0.0 inf
60.5 0.0 inf
61.5 0.0 inf
62.5 0.0 inf
63.5 0.0 inf
64.5 0.0 inf
65.5 0.0 inf
66.5 0.0 inf
67.5 0.0 inf
68.5 0.0 inf
69.5 0.0 inf
70.5 0.0 inf
71.5 0.0 inf
72.5 0.0 inf
73.5 0.0 inf
74.5 0.0 inf
75.5 0.0 inf
76.5 0.0 inf
77.5 0.0 inf
78.5 0.0 inf
79.5 0.0 inf
80.5 0.0 inf
81.5 0.0 inf
82.5 0.0 inf
83.5 0.0 inf
84.5 0.0 inf
85.5 0.0 inf
86.5 0.0 inf
87.5 0.0 inf
88.5 0.0 inf
89.5 0.0 inf
90.5 0.0 inf
91.5 0.0 inf
92.5 0.0 inf
93.5 0.0 inf
94.5 0.0 inf
95.5 0.0 inf
96.5 0.0 inf
97.5 0.0 inf
