0.5 258.0 0.062257280636469035
1.5 207.0 0.06950480468569159
2.5 259.0 0.062136976600120006
3.5 217.0 0.06788442333021306
4.5 192.0 0.07216878364870323
5.5 209.0 0.06917144638660747
6.5 175.0 0.07559289460184544
7.5 160.0 0.07905694150420949
8.5 146.0 0.0827605888602368
9.5 118.0 0.09205746178983235
10.5 110.0 0.09534625892455924
11.5 96.0 0.10206207261596577
12.5 65.0 0.12403473458920847
13.5 77.0 0.11396057645963795
14.5 47.0 0.14586499149789456
15.5 42.0 0.1543033499620919
16.5 47.0 0.14586499149789456
17.5 29.0 0.18569533817705186
18.5 27.0 0.19245008972987526
19.5 26.0 0.19611613513818404
20.5 20.0 0.22360679774997896
21.5 11.0 0.30151134457776363
22.5 8.0 0.35355339059327373
23.5 7.0 0.3779644730092272
24.5 6.0 0.4082482904638631
25.5 4.0 0.5
26.5 4.0 0.5
27.5 0.0 inf
28.5 0.0 inf
29.5 2.0 0.7071067811865475
30.5 0.0 inf
31.5 0.0 inf
32.5 0.0 inf
33.5 1.0 1.0
34.5 0.0 inf
35.5 0.0 inf
36.5 0.0 inf
37.5 0.0 inf
38.5 0.0 inf
39.5 0.0 inf
40.5 0.0 inf
41.5 0.0 inf
42.5 0.0 inf
43.5 0.0 inf
44.5 0.0 inf
45.5 0.0 inf
46.5 0.0 inf
47.5 0.0 inf
48.5 0.0 inf
49.5 0.0 inf
50.5 0.0 inf
51.5 0.0 inf
52.5 0.0 inf
53.5 0.0 inf
54.5 0.0 inf
55.5 0.0 inf
56.5 0.0 inf
57.5 0.0 inf
58.5 0.0 inf
59.5 0.0 inf
60.5 0.0 inf
61.5 0.0 inf
62.5 0.0 inf
63.5 0.0 inf
64.5 0.0 inf
65.5 0.0 inf
66.5 0.0 inf
67.5 0.0 inf
68.5 0.0 inf
69.5 0.0 inf
70.5 0.0 inf
71.5 0.0 inf
72.5 0.0 inf
73.5 0.0 inf
74.5 0.0 inf
75.5 0.0 inf
76.5 0.0 inf
77.5 0.0 inf
78.5 0.0 inf
79.5 0.0 inf
80.5 0.0 inf
81.5 0.0 inf
82.5 0.0 inf
83.5 0.0 inf
84.5 0.0 inf
85.5 0.0 inf
86.5 0.0 inf
87.5 0.0 inf
88.5 0.0 inf
89.5 0.0 inf
90.5 0.0 inf
91.5 0.0 inf
92.5 0.0 inf
93.5 0.0 inf
94.5 0.0 inf
95.5 0.0 inf
96.5 0.0 inf
97.5 0.0 inf
