0.5 44244541.0 0.00015033847930759293
1.5 5738982.0 0.0004174289531185907
2.5 3226673.0 0.0005567016679193949
3.5 1743528.0 0.0007573306557723084
4.5 1003530.0 0.000998239659133893
5.5 629401.0 0.0012604809478419519
6.5 409447.0 0.0015627919061212653
7.5 280356.0 0.0018886221223671528
8.5 200270.0 0.002234560158110475
9.5 143338.0 0.00264130972126162
10.5 105800.0 0.003074377309506728
11.5 78066.0 0.0035790604724848366
12.5 59226.0 0.004109072451586422
13.5 45342.0 0.004696233299937902
14.5 35085.0 0.005338746006431791
15.5 26313.0 0.006164740742887186
16.5 20774.0 0.006938090115080612
17.5 16133.0 0.007873039549695482
18.5 12195.0 0.009055430415402688
19.5 9685.0 0.01016132138285867
20.5 7629.0 0.011448964073041098
21.5 5772.0 0.01316245316231641
22.5 4639.0 0.01468208769463921
23.5 3571.0 0.01673420461308167
24.5 2762.0 0.01902778181530907
25.5 2089.0 0.021879166839686815
26.5 1616.0 0.02487592975524973
27.5 1289.0 0.02785310018776764
28.5 977.0 0.031992834407549194
29.5 761.0 0.03624997167972069
30.5 569.0 0.04192218081503185
31.5 429.0 0.04828045495852676
32.5 327.0 0.0553001263609331
33.5 248.0 0.06350006350009525
34.5 166.0 0.07761505257063328
35.5 153.0 0.08084520834544433
36.5 100.0 0.1
37.5 83.0 0.10976425998969035
38.5 60.0 0.12909944487358055
39.5 40.0 0.15811388300841897
40.5 34.0 0.17149858514250882
41.5 27.0 0.19245008972987526
42.5 19.0 0.22941573387056174
43.5 14.0 0.2672612419124244
44.5 12.0 0.2886751345948129
45.5 7.0 0.3779644730092272
46.5 4.0 0.5
47.5 2.0 0.7071067811865475
48.5 1.0 1.0
49.5 1.0 1.0
50.5 0.0 inf
51.5 0.0 inf
52.5 0.0 inf
53.5 0.0 inf
54.5 1.0 1.0
55.5 1.0 1.0
56.5 0.0 inf
57.5 0.0 inf
58.5 0.0 inf
59.5 0.0 inf
60.5 0.0 inf
61.5 0.0 inf
62.5 0.0 inf
63.5 0.0 inf
64.5 0.0 inf
65.5 0.0 inf
66.5 0.0 inf
67.5 0.0 inf
68.5 0.0 inf
69.5 0.0 inf
70.5 0.0 inf
71.5 0.0 inf
72.5 0.0 inf
73.5 0.0 inf
74.5 0.0 inf
75.5 0.0 inf
76.5 0.0 inf
77.5 0.0 inf
78.5 0.0 inf
79.5 0.0 inf
80.5 0.0 inf
81.5 0.0 inf
82.5 0.0 inf
83.5 0.0 inf
84.5 0.0 inf
85.5 0.0 inf
86.5 0.0 inf
87.5 0.0 inf
88.5 0.0 inf
89.5 0.0 inf
90.5 0.0 inf
91.5 0.0 inf
92.5 0.0 inf
93.5 0.0 inf
94.5 0.0 inf
95.5 0.0 inf
96.5 0.0 inf
97.5 0.0 inf
