0.5 9774.0 0.010114952150573408
1.5 5409.0 0.013596950274133403
2.5 5219.0 0.01384223925744933
3.5 4709.0 0.014572553378040145
4.5 4143.0 0.015536118794838617
5.5 3734.0 0.01636488068286255
6.5 3041.0 0.01813392394470534
7.5 2688.0 0.01928791874526149
8.5 2302.0 0.020842381469843886
9.5 2104.0 0.02180103600984737
10.5 1782.0 0.023688968483956713
11.5 1503.0 0.0257941077511379
12.5 1346.0 0.027256963340035873
13.5 1139.0 0.029630442547297988
14.5 993.0 0.03173404079876884
15.5 836.0 0.03458572319330373
16.5 758.0 0.0363216356146074
17.5 602.0 0.04075695729696112
18.5 473.0 0.045980048987170286
19.5 400.0 0.05
20.5 336.0 0.0545544725589981
21.5 313.0 0.05652334189442215
22.5 255.0 0.06262242910851495
23.5 199.0 0.07088812050083358
24.5 154.0 0.08058229640253803
25.5 148.0 0.08219949365267865
26.5 113.0 0.09407208683835973
27.5 81.0 0.1111111111111111
28.5 77.0 0.11396057645963795
29.5 52.0 0.1386750490563073
30.5 36.0 0.16666666666666666
31.5 29.0 0.18569533817705186
32.5 24.0 0.20412414523193154
33.5 24.0 0.20412414523193154
34.5 13.0 0.2773500981126146
35.5 10.0 0.31622776601683794
36.5 8.0 0.35355339059327373
37.5 12.0 0.2886751345948129
38.5 4.0 0.5
39.5 6.0 0.4082482904638631
40.5 4.0 0.5
41.5 2.0 0.7071067811865475
42.5 1.0 1.0
43.5 0.0 inf
44.5 1.0 1.0
45.5 0.0 inf
46.5 0.0 inf
47.5 0.0 inf
48.5 1.0 1.0
49.5 0.0 inf
50.5 0.0 inf
51.5 0.0 inf
52.5 0.0 inf
53.5 0.0 inf
54.5 0.0 inf
55.5 0.0 inf
56.5 0.0 inf
57.5 0.0 inf
58.5 0.0 inf
59.5 0.0 inf
60.5 0.0 inf
61.5 0.0 inf
62.5 0.0 inf
63.5 0.0 inf
64.5 0.0 inf
65.5 0.0 inf
66.5 0.0 inf
67.5 0.0 inf
68.5 0.0 inf
69.5 0.0 inf
70.5 0.0 inf
71.5 0.0 inf
72.5 0.0 inf
73.5 0.0 inf
74.5 0.0 inf
75.5 0.0 inf
76.5 0.0 inf
77.5 0.0 inf
78.5 0.0 inf
79.5 0.0 inf
80.5 0.0 inf
81.5 0.0 inf
82.5 0.0 inf
83.5 0.0 inf
84.5 0.0 inf
85.5 0.0 inf
86.5 0.0 inf
87.5 0.0 inf
88.5 0.0 inf
89.5 0.0 inf
90.5 0.0 inf
91.5 0.0 inf
92.5 0.0 inf
93.5 0.0 inf
94.5 0.0 inf
95.5 0.0 inf
96.5 0.0 inf
97.5 0.0 inf
