0.5 9237143.0 0.00032902671880082144
1.5 2367252.0 0.0006499467163026063
2.5 1598882.0 0.0007908457650645948
3.5 1000723.0 0.0009996386959053455
4.5 633917.0 0.0012559831143549856
5.5 427143.0 0.0015300772335921729
6.5 291674.0 0.0018516169222215374
7.5 207755.0 0.0021939375316115763
8.5 151793.0 0.00256669419175758
9.5 112481.0 0.0029816757665852025
10.5 84280.0 0.003444591586931515
11.5 63435.0 0.003970411571365288
12.5 48852.0 0.004524377414982526
13.5 37883.0 0.005137807377316837
14.5 29535.0 0.005818774305366521
15.5 22460.0 0.006672600505550931
16.5 18204.0 0.007411678741165868
17.5 14023.0 0.008444608751023043
18.5 10830.0 0.00960916767552923
19.5 8461.0 0.010871492046706063
20.5 6706.0 0.012211477833327312
21.5 5379.0 0.013634814313670873
22.5 4053.0 0.015707667448701706
23.5 3118.0 0.017908612711114453
24.5 2519.0 0.01992443047452101
25.5 1905.0 0.02291144655411569
26.5 1500.0 0.025819888974716113
27.5 1165.0 0.029297936765452382
28.5 888.0 0.033557802760701215
29.5 696.0 0.03790490217894517
30.5 535.0 0.043233770116711694
31.5 374.0 0.051708768999501914
32.5 314.0 0.05643326479831003
33.5 229.0 0.06608186004550898
34.5 162.0 0.07856742013183861
35.5 133.0 0.086710996952412
36.5 92.0 0.10425720702853739
37.5 78.0 0.11322770341445956
38.5 69.0 0.1203858530857692
39.5 48.0 0.14433756729740646
40.5 42.0 0.1543033499620919
41.5 22.0 0.21320071635561041
42.5 21.0 0.2182178902359924
43.5 12.0 0.2886751345948129
44.5 6.0 0.4082482904638631
45.5 6.0 0.4082482904638631
46.5 5.0 0.4472135954999579
47.5 2.0 0.7071067811865475
48.5 1.0 1.0
49.5 1.0 1.0
50.5 0.0 inf
51.5 0.0 inf
52.5 1.0 1.0
53.5 0.0 inf
54.5 0.0 inf
55.5 0.0 inf
56.5 0.0 inf
57.5 0.0 inf
58.5 0.0 inf
59.5 0.0 inf
60.5 0.0 inf
61.5 0.0 inf
62.5 0.0 inf
63.5 0.0 inf
64.5 0.0 inf
65.5 0.0 inf
66.5 0.0 inf
67.5 0.0 inf
68.5 0.0 inf
69.5 0.0 inf
70.5 0.0 inf
71.5 0.0 inf
72.5 0.0 inf
73.5 0.0 inf
74.5 0.0 inf
75.5 0.0 inf
76.5 0.0 inf
77.5 0.0 inf
78.5 0.0 inf
79.5 0.0 inf
80.5 0.0 inf
81.5 0.0 inf
82.5 0.0 inf
83.5 0.0 inf
84.5 0.0 inf
85.5 0.0 inf
86.5 0.0 inf
87.5 0.0 inf
88.5 0.0 inf
89.5 0.0 inf
90.5 0.0 inf
91.5 0.0 inf
92.5 0.0 inf
93.5 0.0 inf
94.5 0.0 inf
95.5 0.0 inf
96.5 0.0 inf
97.5 0.0 inf
