0.5 4202.0 0.015426662418507235
1.5 2329.0 0.020721216851891204
2.5 2387.0 0.02046792375417865
3.5 2149.0 0.021571571868774796
4.5 1897.0 0.0229597066319268
5.5 1659.0 0.024551430807011814
6.5 1508.0 0.025751310131230238
7.5 1297.0 0.027767067240353285
8.5 1038.0 0.03103854276221004
9.5 949.0 0.032461373658059775
10.5 848.0 0.03434014098717226
11.5 771.0 0.03601412030328099
12.5 653.0 0.03913302400974161
13.5 504.0 0.0445435403187374
14.5 486.0 0.045360921162651446
15.5 406.0 0.04962916669854651
16.5 357.0 0.05292561240249631
17.5 293.0 0.0584206237836986
18.5 231.0 0.0657951694959769
19.5 208.0 0.06933752452815364
20.5 211.0 0.06884283908215143
21.5 150.0 0.08164965809277261
22.5 136.0 0.08574929257125441
23.5 114.0 0.0936585811581694
24.5 84.0 0.1091089451179962
25.5 68.0 0.12126781251816648
26.5 60.0 0.12909944487358055
27.5 22.0 0.21320071635561041
28.5 29.0 0.18569533817705186
29.5 19.0 0.22941573387056174
30.5 23.0 0.20851441405707477
31.5 15.0 0.2581988897471611
32.5 10.0 0.31622776601683794
33.5 14.0 0.2672612419124244
34.5 6.0 0.4082482904638631
35.5 5.0 0.4472135954999579
36.5 2.0 0.7071067811865475
37.5 3.0 0.5773502691896258
38.5 2.0 0.7071067811865475
39.5 2.0 0.7071067811865475
40.5 0.0 inf
41.5 1.0 1.0
42.5 0.0 inf
43.5 0.0 inf
44.5 0.0 inf
45.5 0.0 inf
46.5 0.0 inf
47.5 0.0 inf
48.5 0.0 inf
49.5 0.0 inf
50.5 0.0 inf
51.5 0.0 inf
52.5 0.0 inf
53.5 0.0 inf
54.5 0.0 inf
55.5 0.0 inf
56.5 0.0 inf
57.5 0.0 inf
58.5 0.0 inf
59.5 0.0 inf
60.5 0.0 inf
61.5 0.0 inf
62.5 0.0 inf
63.5 0.0 inf
64.5 0.0 inf
65.5 0.0 inf
66.5 0.0 inf
67.5 0.0 inf
68.5 0.0 inf
69.5 0.0 inf
70.5 0.0 inf
71.5 0.0 inf
72.5 0.0 inf
73.5 0.0 inf
74.5 0.0 inf
75.5 0.0 inf
76.5 0.0 inf
77.5 0.0 inf
78.5 0.0 inf
79.5 0.0 inf
80.5 0.0 inf
81.5 0.0 inf
82.5 0.0 inf
83.5 0.0 inf
84.5 0.0 inf
85.5 0.0 inf
86.5 0.0 inf
87.5 0.0 inf
88.5 0.0 inf
89.5 0.0 inf
90.5 0.0 inf
91.5 0.0 inf
92.5 0.0 inf
93.5 0.0 inf
94.5 0.0 inf
95.5 0.0 inf
96.5 0.0 inf
97.5 0.0 inf
