0.5 40.2402 0.0015764127352767688
1.5 21.313 0.0021660960356934007
2.5 21.6132 0.002151000264861283
3.5 19.849600000000002 0.0022445233111745423
4.5 17.630699999999997 0.0023815802612374647
5.5 15.7621 0.002518795801717174
6.5 13.8825 0.002683898940761582
7.5 12.2761 0.0028541039805039937
8.5 10.9758 0.0030184355530510367
9.5 9.578800000000001 0.003231055717664665
10.5 8.6096 0.0034080700492646917
11.5 7.5619 0.0036365078973895934
12.5 6.7476 0.0038496862441084897
13.5 5.9231 0.0041088990137256596
14.5 5.258 0.004361036375163613
15.5 4.5194 0.004703916559130791
16.5 3.9753 0.005015509364821752
17.5 3.4461000000000004 0.005386864631115167
18.5 2.973 0.005799660149872534
19.5 2.5199 0.006299532875458789
20.5 2.1896 0.006757990980304681
21.5 1.8397999999999999 0.0073724984978996615
22.5 1.5707 0.007979090264818961
23.5 1.3272 0.008680241605735182
24.5 1.0986 0.009540699179504009
25.5 0.907 0.010500170629159098
26.5 0.7744 0.011363636363636364
27.5 0.6083000000000001 0.01282156657572937
28.5 0.5259 0.013789496679456848
29.5 0.4212 0.015408338784034142
30.5 0.3417 0.017107143980890235
31.5 0.2784 0.018952451089472584
32.5 0.2079 0.021931723165325635
33.5 0.17149999999999999 0.02414726442081476
34.5 0.1333 0.027389551783238836
35.5 0.1032 0.031128640318234518
36.5 0.0827 0.03477340712103605
37.5 0.0674 0.03851856078856727
38.5 0.052500000000000005 0.04364357804719848
39.5 0.0369 0.052057920629535355
40.5 0.0304 0.057353933467640436
41.5 0.0242 0.0642824346533225
42.5 0.017099999999999997 0.07647191129018727
43.5 0.011099999999999999 0.0949157995752499
44.5 0.0102 0.09901475429766741
45.5 0.0081 0.1111111111111111
46.5 0.0070999999999999995 0.11867816581938533
47.5 0.0040999999999999995 0.15617376188860607
48.5 0.0029 0.18569533817705186
49.5 0.0027 0.19245008972987526
50.5 0.0017 0.24253562503633297
51.5 0.0014 0.2672612419124244
52.5 0.0014 0.2672612419124244
53.5 0.0007 0.3779644730092272
54.5 0.00039999999999999996 0.5000000000000001
55.5 0.0002 0.7071067811865475
56.5 0.0002 0.7071067811865475
57.5 0.00039999999999999996 0.5000000000000001
58.5 0.0003 0.5773502691896258
59.5 0.0001 1.0
60.5 0.0 inf
61.5 0.0 inf
62.5 0.0 inf
63.5 0.0 inf
64.5 0.0001 1.0
65.5 0.0 inf
66.5 0.0 inf
67.5 0.0 inf
68.5 0.0 inf
69.5 0.0 inf
70.5 0.0 inf
71.5 0.0 inf
72.5 0.0 inf
73.5 0.0 inf
74.5 0.0 inf
75.5 0.0 inf
76.5 0.0 inf
77.5 0.0 inf
78.5 0.0 inf
79.5 0.0 inf
80.5 0.0 inf
81.5 0.0 inf
82.5 0.0 inf
83.5 0.0 inf
84.5 0.0 inf
85.5 0.0 inf
86.5 0.0 inf
87.5 0.0 inf
88.5 0.0 inf
89.5 0.0 inf
90.5 0.0 inf
91.5 0.0 inf
92.5 0.0 inf
93.5 0.0 inf
94.5 0.0 inf
95.5 0.0 inf
96.5 0.0 inf
97.5 0.0 inf
