0.5 41.0 0.15617376188860607
1.5 115.0 0.09325048082403138
2.5 135.0 0.08606629658238704
3.5 117.0 0.09245003270420485
4.5 89.0 0.105999788000636
5.5 81.0 0.1111111111111111
6.5 65.0 0.12403473458920847
7.5 37.0 0.1643989873053573
8.5 56.0 0.1336306209562122
9.5 49.0 0.14285714285714285
10.5 46.0 0.14744195615489714
11.5 40.0 0.15811388300841897
12.5 33.0 0.17407765595569785
13.5 30.0 0.18257418583505536
14.5 31.0 0.1796053020267749
15.5 20.0 0.22360679774997896
16.5 24.0 0.20412414523193154
17.5 19.0 0.22941573387056174
18.5 8.0 0.35355339059327373
19.5 13.0 0.2773500981126146
20.5 9.0 0.3333333333333333
21.5 5.0 0.4472135954999579
22.5 2.0 0.7071067811865475
23.5 5.0 0.4472135954999579
24.5 2.0 0.7071067811865475
25.5 0.0 inf
26.5 1.0 1.0
27.5 0.0 inf
28.5 0.0 inf
29.5 0.0 inf
30.5 0.0 inf
31.5 0.0 inf
32.5 0.0 inf
33.5 0.0 inf
34.5 0.0 inf
35.5 0.0 inf
36.5 0.0 inf
37.5 0.0 inf
38.5 0.0 inf
39.5 0.0 inf
40.5 0.0 inf
41.5 0.0 inf
42.5 0.0 inf
43.5 0.0 inf
44.5 0.0 inf
45.5 0.0 inf
46.5 0.0 inf
47.5 0.0 inf
48.5 0.0 inf
49.5 0.0 inf
50.5 0.0 inf
51.5 0.0 inf
52.5 0.0 inf
53.5 0.0 inf
54.5 0.0 inf
55.5 0.0 inf
56.5 0.0 inf
57.5 0.0 inf
58.5 0.0 inf
59.5 0.0 inf
60.5 0.0 inf
61.5 0.0 inf
62.5 0.0 inf
63.5 0.0 inf
64.5 0.0 inf
65.5 0.0 inf
66.5 0.0 inf
67.5 0.0 inf
68.5 0.0 inf
69.5 0.0 inf
70.5 0.0 inf
71.5 0.0 inf
72.5 0.0 inf
73.5 0.0 inf
74.5 0.0 inf
75.5 0.0 inf
76.5 0.0 inf
77.5 0.0 inf
78.5 0.0 inf
79.5 0.0 inf
80.5 0.0 inf
81.5 0.0 inf
82.5 0.0 inf
83.5 0.0 inf
84.5 0.0 inf
85.5 0.0 inf
86.5 0.0 inf
87.5 0.0 inf
88.5 0.0 inf
89.5 0.0 inf
90.5 0.0 inf
91.5 0.0 inf
92.5 0.0 inf
93.5 0.0 inf
94.5 0.0 inf
95.5 0.0 inf
96.5 0.0 inf
97.5 0.0 inf
