0.5 38639.0 0.005087296627061619
1.5 20112.0 0.007051351591581478
2.5 19565.0 0.007149243247970778
3.5 17074.0 0.007653011421110217
4.5 14804.0 0.008218838786411851
5.5 12362.0 0.0089940568919429
6.5 10636.0 0.009696406983342412
7.5 9031.0 0.010522818480847511
8.5 7598.0 0.011472296305522982
9.5 6331.0 0.012567932607507567
10.5 5624.0 0.013334518676566624
11.5 4872.0 0.01432670637653132
12.5 4011.0 0.01578969237952532
13.5 3440.0 0.017049858486761837
14.5 2801.0 0.018894849871330582
15.5 2431.0 0.020281847857870915
16.5 1950.0 0.022645540682891915
17.5 1750.0 0.023904572186687872
18.5 1474.0 0.026046613053531162
19.5 1183.0 0.029074190231479016
20.5 987.0 0.031830350703961514
21.5 804.0 0.035267280792929914
22.5 632.0 0.0397778642087865
23.5 515.0 0.044065264923923174
24.5 450.0 0.04714045207910317
25.5 289.0 0.058823529411764705
26.5 267.0 0.06119900613621046
27.5 216.0 0.06804138174397717
28.5 195.0 0.0716114874039433
29.5 149.0 0.08192319205190406
30.5 92.0 0.10425720702853739
31.5 72.0 0.11785113019775793
32.5 57.0 0.13245323570650439
33.5 54.0 0.13608276348795434
34.5 39.0 0.16012815380508713
35.5 27.0 0.19245008972987526
36.5 20.0 0.22360679774997896
37.5 16.0 0.25
38.5 14.0 0.2672612419124244
39.5 12.0 0.2886751345948129
40.5 8.0 0.35355339059327373
41.5 2.0 0.7071067811865475
42.5 5.0 0.4472135954999579
43.5 3.0 0.5773502691896258
44.5 2.0 0.7071067811865475
45.5 2.0 0.7071067811865475
46.5 0.0 inf
47.5 0.0 inf
48.5 0.0 inf
49.5 0.0 inf
50.5 0.0 inf
51.5 0.0 inf
52.5 0.0 inf
53.5 0.0 inf
54.5 0.0 inf
55.5 0.0 inf
56.5 0.0 inf
57.5 0.0 inf
58.5 0.0 inf
59.5 0.0 inf
60.5 0.0 inf
61.5 0.0 inf
62.5 0.0 inf
63.5 0.0 inf
64.5 0.0 inf
65.5 0.0 inf
66.5 0.0 inf
67.5 0.0 inf
68.5 0.0 inf
69.5 0.0 inf
70.5 0.0 inf
71.5 0.0 inf
72.5 0.0 inf
73.5 0.0 inf
74.5 0.0 inf
75.5 0.0 inf
76.5 0.0 inf
77.5 0.0 inf
78.5 0.0 inf
79.5 0.0 inf
80.5 0.0 inf
81.5 0.0 inf
82.5 0.0 inf
83.5 0.0 inf
84.5 0.0 inf
85.5 0.0 inf
86.5 0.0 inf
87.5 0.0 inf
88.5 0.0 inf
89.5 0.0 inf
90.5 0.0 inf
91.5 0.0 inf
92.5 0.0 inf
93.5 0.0 inf
94.5 0.0 inf
95.5 0.0 inf
96.5 0.0 inf
97.5 0.0 inf
