0.5 57.8124 0.0013151930359075975
1.5 25.1195 0.001995237068324678
2.5 23.9075 0.002045186502030419
3.5 21.1842 0.002172670992119981
4.5 18.2063 0.0023436305614224578
5.5 16.1619 0.0024874467499706797
6.5 13.9327 0.002679059487291641
7.5 12.3354 0.002847235445091148
8.5 10.9489 0.0030221412269378716
9.5 9.445 0.0032538611668881546
10.5 8.517299999999999 0.0034264865213605613
11.5 7.420999999999999 0.0036708681363235734
12.5 6.601000000000001 0.0038921998683494555
13.5 5.795 0.0041540649239726396
14.5 5.0435 0.004452808186249581
15.5 4.4079 0.004763038953837459
16.5 3.8339 0.005107161712636308
17.5 3.3590999999999998 0.005456178042970476
18.5 2.8739 0.005898806821548847
19.5 2.4553000000000003 0.006381866543891582
20.5 2.1284 0.00685446202775301
21.5 1.7912 0.007471846817472804
22.5 1.5169000000000001 0.008119354887670824
23.5 1.2479 0.008951794578293724
24.5 1.0710000000000002 0.009662850594207472
25.5 0.8649 0.010752688172043012
26.5 0.7341 0.01167138480500857
27.5 0.579 0.013141977464419205
28.5 0.5005999999999999 0.014133657971481207
29.5 0.4113 0.015592675657499597
30.5 0.3409 0.017127205135811088
31.5 0.25980000000000003 0.019619160796573762
32.5 0.1973 0.02251315997416402
33.5 0.15889999999999999 0.025086383169282255
34.5 0.12739999999999999 0.028016590734026292
35.5 0.1031 0.03114373299321498
36.5 0.0811 0.03511474936103118
37.5 0.06340000000000001 0.03971507353947688
38.5 0.0527 0.04356068418690321
39.5 0.0408 0.04950737714883371
40.5 0.0276 0.0601929265428846
41.5 0.024 0.06454972243679027
42.5 0.018099999999999998 0.07432941462471664
43.5 0.0135 0.08606629658238704
44.5 0.0104 0.09805806756909202
45.5 0.0081 0.1111111111111111
46.5 0.0054 0.13608276348795434
47.5 0.0037999999999999996 0.16222142113076254
48.5 0.0040999999999999995 0.15617376188860607
49.5 0.0025 0.2
50.5 0.0017000000000000001 0.24253562503633297
51.5 0.0013 0.2773500981126146
52.5 0.0007999999999999999 0.3535533905932738
53.5 0.0004 0.5
54.5 0.0005 0.4472135954999579
55.5 0.0001 1.0
56.5 0.00030000000000000003 0.5773502691896257
57.5 0.0001 1.0
58.5 0.0 inf
59.5 0.0001 1.0
60.5 0.0 inf
61.5 0.0001 1.0
62.5 0.0 inf
63.5 0.0 inf
64.5 0.0 inf
65.5 0.0 inf
66.5 0.0 inf
67.5 0.0 inf
68.5 0.0 inf
69.5 0.0 inf
70.5 0.0 inf
71.5 0.0 inf
72.5 0.0 inf
73.5 0.0001 1.0
74.5 0.0 inf
75.5 0.0 inf
76.5 0.0 inf
77.5 0.0 inf
78.5 0.0 inf
79.5 0.0 inf
80.5 0.0 inf
81.5 0.0 inf
82.5 0.0 inf
83.5 0.0 inf
84.5 0.0 inf
85.5 0.0 inf
86.5 0.0 inf
87.5 0.0 inf
88.5 0.0 inf
89.5 0.0 inf
90.5 0.0 inf
91.5 0.0 inf
92.5 0.0 inf
93.5 0.0 inf
94.5 0.0 inf
95.5 0.0 inf
96.5 0.0 inf
97.5 0.0 inf
