0.5 41.9092 0.0015447041546926407
1.5 21.976200000000002 0.0021331613221395275
2.5 21.9075 0.002136503407545385
3.5 19.997500000000002 0.002236207744851709
4.5 17.522199999999998 0.002388942426868313
5.5 15.594 0.0025323354521308516
6.5 13.6863 0.002703068006847468
7.5 12.0654 0.002878916957090565
8.5 10.7691 0.003047265502411221
9.5 9.390699999999999 0.0032632550345167333
10.5 8.4796 0.0034340950924811368
11.5 7.3762 0.0036819989313220574
12.5 6.5316 0.003912823064568521
13.5 5.7447 0.00417221156976842
14.5 5.0426 0.004453205535689191
15.5 4.3757 0.0047805320100732475
16.5 3.8414 0.005102173631821128
17.5 3.3448 0.00546782898333142
18.5 2.8531000000000004 0.005920269856786572
19.5 2.4359 0.006407229382946771
20.5 2.1071 0.006889019696455371
21.5 1.7777 0.007500164067883497
22.5 1.4952 0.008178061191884843
23.5 1.2728000000000002 0.008863799356486771
24.5 1.0639 0.009695039783798568
25.5 0.8542000000000001 0.010819824499542021
26.5 0.7267 0.011730659256354206
27.5 0.5840000000000001 0.01308559806475534
28.5 0.4914 0.014265349750363764
29.5 0.4105 0.015607862099528717
30.5 0.32730000000000004 0.017479419175542684
31.5 0.2452 0.020194809793050484
32.5 0.1968 0.022541740866685808
33.5 0.16770000000000002 0.024419314525275217
34.5 0.1229 0.028524895269256473
35.5 0.1038 0.03103854276221004
36.5 0.08180000000000001 0.03496418006375328
37.5 0.0663 0.03883678186903087
38.5 0.050699999999999995 0.04441155916843276
39.5 0.0411 0.049326362366699
40.5 0.0286 0.05913123959890826
41.5 0.022600000000000002 0.06651901052377392
42.5 0.0203 0.07018624063435965
43.5 0.0127 0.08873565094161139
44.5 0.0098 0.10101525445522107
45.5 0.0085 0.10846522890932808
46.5 0.0062 0.1270001270001905
47.5 0.0036 0.16666666666666666
48.5 0.0039 0.16012815380508713
49.5 0.0025 0.2
50.5 0.0026 0.19611613513818404
51.5 0.0010999999999999998 0.3015113445777637
52.5 0.0006000000000000001 0.40824829046386296
53.5 0.0006000000000000001 0.40824829046386296
54.5 0.0009 0.3333333333333333
55.5 0.0007 0.3779644730092272
56.5 0.0002 0.7071067811865475
57.5 0.0002 0.7071067811865475
58.5 0.0001 1.0
59.5 0.0 inf
60.5 0.0001 1.0
61.5 0.0 inf
62.5 0.0001 1.0
63.5 0.0 inf
64.5 0.0001 1.0
65.5 0.0 inf
66.5 0.0 inf
67.5 0.0 inf
68.5 0.0 inf
69.5 0.0 inf
70.5 0.0 inf
71.5 0.0 inf
72.5 0.0 inf
73.5 0.0 inf
74.5 0.0 inf
75.5 0.0 inf
76.5 0.0 inf
77.5 0.0 inf
78.5 0.0 inf
79.5 0.0 inf
80.5 0.0 inf
81.5 0.0 inf
82.5 0.0 inf
83.5 0.0 inf
84.5 0.0 inf
85.5 0.0 inf
86.5 0.0 inf
87.5 0.0 inf
88.5 0.0 inf
89.5 0.0 inf
90.5 0.0 inf
91.5 0.0 inf
92.5 0.0 inf
93.5 0.0 inf
94.5 0.0 inf
95.5 0.0 inf
96.5 0.0 inf
97.5 0.0 inf
