0.5 38.4619 0.0016124439711908548
1.5 20.2718 0.002221027028022261
2.5 20.575200000000002 0.002204590681002894
3.5 18.8316 0.00230439216319295
4.5 16.6561 0.002450266600446982
5.5 14.9795 0.002583755067081717
6.5 13.0653 0.002766561359512737
7.5 11.6029 0.002935734153736857
8.5 10.3964 0.003101405192858507
9.5 9.0917 0.0033164805265901622
10.5 8.189900000000002 0.0034943041218861762
11.5 7.1235 0.0037467376605244606
12.5 6.4126 0.003948961727389412
13.5 5.6345 0.004212814226771812
14.5 4.9249 0.004506104838082791
15.5 4.2894000000000005 0.004828383156831223
16.5 3.7525 0.005162257329196673
17.5 3.2640000000000002 0.0055350930346255945
18.5 2.7873 0.005989742364859123
19.5 2.3762999999999996 0.006487081676287931
20.5 2.0699 0.006950648360653886
21.5 1.7617 0.007534145842690426
22.5 1.4969000000000001 0.008173416040730342
23.5 1.2457 0.008959695862910087
24.5 1.0472000000000001 0.009772038812426304
25.5 0.8473999999999999 0.010863149844574045
26.5 0.7008 0.011945462064187415
27.5 0.5855 0.013068825234023067
28.5 0.4924 0.014250856858528702
29.5 0.40149999999999997 0.01578182506843426
30.5 0.3153 0.01780893769916455
31.5 0.2585 0.019668431441216497
32.5 0.20079999999999998 0.02231609213387259
33.5 0.16570000000000001 0.024566243134638045
34.5 0.11959999999999998 0.02891574659831201
35.5 0.10350000000000001 0.03108349360801046
36.5 0.0791 0.035555906726738896
37.5 0.0677 0.03843312210120439
38.5 0.0464 0.046423834544262965
39.5 0.0388 0.05076730825668096
40.5 0.0278 0.05997601439040672
41.5 0.020900000000000002 0.06917144638660747
42.5 0.0169 0.07692307692307693
43.5 0.0119 0.09166984970282112
44.5 0.0121 0.09090909090909091
45.5 0.008199999999999999 0.11043152607484656
46.5 0.0051 0.14002800840280097
47.5 0.004 0.15811388300841897
48.5 0.0036 0.16666666666666666
49.5 0.0023 0.20851441405707477
50.5 0.001 0.31622776601683794
51.5 0.0012000000000000001 0.28867513459481287
52.5 0.0006000000000000001 0.40824829046386296
53.5 0.0004 0.5
54.5 0.0002 0.7071067811865475
55.5 0.0004 0.5
56.5 0.0002 0.7071067811865475
57.5 0.00030000000000000003 0.5773502691896257
58.5 0.0002 0.7071067811865475
59.5 0.0002 0.7071067811865475
60.5 0.0 inf
61.5 0.0 inf
62.5 0.0 inf
63.5 0.0 inf
64.5 0.0 inf
65.5 0.0 inf
66.5 0.0 inf
67.5 0.0 inf
68.5 0.0 inf
69.5 0.0 inf
70.5 0.0 inf
71.5 0.0 inf
72.5 0.0 inf
73.5 0.0 inf
74.5 0.0 inf
75.5 0.0 inf
76.5 0.0 inf
77.5 0.0 inf
78.5 0.0 inf
79.5 0.0 inf
80.5 0.0 inf
81.5 0.0 inf
82.5 0.0 inf
83.5 0.0 inf
84.5 0.0 inf
85.5 0.0 inf
86.5 0.0 inf
87.5 0.0 inf
88.5 0.0 inf
89.5 0.0 inf
90.5 0.0 inf
91.5 0.0 inf
92.5 0.0 inf
93.5 0.0 inf
94.5 0.0 inf
95.5 0.0 inf
96.5 0.0 inf
97.5 0.0 inf
