0.5 39.1579 0.0015980497794538463
1.5 20.6682 0.0021996251278370953
2.5 21.020400000000002 0.002181119758492586
3.5 19.2125 0.002281434789219843
4.5 16.8678 0.0024348419661715266
5.5 15.1817 0.002566491305732527
6.5 13.356 0.0027362879304296604
7.5 11.8071 0.002910237142914372
8.5 10.6177 0.003068914398894989
9.5 9.2294 0.003291647082567718
10.5 8.3141 0.0034681061215369575
11.5 7.2622 0.0037107858974260474
12.5 6.4406 0.00394036847793292
13.5 5.6584 0.004203907750998551
14.5 4.968500000000001 0.00448629009679999
15.5 4.2956 0.004824897405678548
16.5 3.8363 0.0051055639353844
17.5 3.3137 0.0054934276121028705
18.5 2.8191 0.005955863821397617
19.5 2.405 0.00644825880219161
20.5 2.1008 0.0068993415582610206
21.5 1.7804 0.007494474861433803
22.5 1.5133 0.008129006746050079
23.5 1.2850000000000001 0.008821621827824618
24.5 1.0546000000000002 0.009737693853548448
25.5 0.8616 0.010773260339714291
26.5 0.7256 0.011739547651073238
27.5 0.5707 0.013237197960578956
28.5 0.5065999999999999 0.01404971152725957
29.5 0.4084 0.015647938598110145
30.5 0.31599999999999995 0.017789201674120503
31.5 0.2483 0.02006834877696495
32.5 0.20529999999999998 0.02207016221959901
33.5 0.15810000000000002 0.025149772741392844
34.5 0.1303 0.027703063158526546
35.5 0.0979 0.03196013860502966
36.5 0.07919999999999999 0.035533452725935076
37.5 0.0658 0.038984058779272523
38.5 0.0498 0.04481107149482209
39.5 0.037599999999999995 0.051571062312939675
40.5 0.030900000000000004 0.05688801239885743
41.5 0.0246 0.06375767130633382
42.5 0.0198 0.07106690545187014
43.5 0.0119 0.09166984970282112
44.5 0.0094 0.10314212462587934
45.5 0.0066 0.12309149097933272
46.5 0.0048000000000000004 0.14433756729740643
47.5 0.0049 0.14285714285714285
48.5 0.004200000000000001 0.1543033499620919
49.5 0.0027 0.19245008972987526
50.5 0.0015 0.2581988897471611
51.5 0.0014 0.2672612419124244
52.5 0.0007 0.3779644730092272
53.5 0.0008 0.35355339059327373
54.5 0.0006000000000000001 0.40824829046386296
55.5 0.0005 0.4472135954999579
56.5 0.00030000000000000003 0.5773502691896257
57.5 0.0001 1.0
58.5 0.0 inf
59.5 0.0001 1.0
60.5 0.0 inf
61.5 0.0 inf
62.5 0.0 inf
63.5 0.0 inf
64.5 0.0 inf
65.5 0.0 inf
66.5 0.0 inf
67.5 0.0 inf
68.5 0.0 inf
69.5 0.0 inf
70.5 0.0 inf
71.5 0.0 inf
72.5 0.0 inf
73.5 0.0 inf
74.5 0.0 inf
75.5 0.0 inf
76.5 0.0 inf
77.5 0.0 inf
78.5 0.0 inf
79.5 0.0 inf
80.5 0.0 inf
81.5 0.0 inf
82.5 0.0 inf
83.5 0.0 inf
84.5 0.0 inf
85.5 0.0 inf
86.5 0.0 inf
87.5 0.0 inf
88.5 0.0 inf
89.5 0.0 inf
90.5 0.0 inf
91.5 0.0 inf
92.5 0.0 inf
93.5 0.0 inf
94.5 0.0 inf
95.5 0.0 inf
96.5 0.0 inf
97.5 0.0 inf
