0.5 39.2718 0.0015957306848590161
1.5 20.7168 0.0021970435382413383
2.5 21.0505 0.002179559814779088
3.5 19.2227 0.002280829418417333
4.5 16.958399999999997 0.0024283292024250966
5.5 15.2241 0.00256291490042713
6.5 13.3767 0.0027341699532861786
7.5 11.881699999999999 0.0029010867040185533
8.5 10.5269 0.0030821214738002705
9.5 9.232 0.003291183538099297
10.5 8.3784 0.0034547725062293944
11.5 7.2412 0.003716162774705211
12.5 6.5111 0.003918977925887979
13.5 5.6366 0.004212029380051976
14.5 4.9695 0.0044858386916474865
15.5 4.3726 0.004782226313637031
16.5 3.8345000000000002 0.005106762127695931
17.5 3.2952000000000004 0.005508826702992463
18.5 2.8253000000000004 0.005949325288095272
19.5 2.4114 0.006439696084426865
20.5 2.0808999999999997 0.006932252848773284
21.5 1.7742 0.0075075582852019195
22.5 1.5048 0.008151933134075308
23.5 1.2627000000000002 0.008899178332301277
24.5 1.0554000000000001 0.009734002536564583
25.5 0.8427 0.010893401305464637
26.5 0.7198 0.011786750182111923
27.5 0.5852999999999999 0.01307105788548448
28.5 0.5027 0.014104105809173007
29.5 0.4018 0.01577593229640665
30.5 0.3275 0.01747408113322076
31.5 0.2592 0.019641855032959652
32.5 0.20939999999999998 0.021853029968763232
33.5 0.16820000000000002 0.024382992454708534
34.5 0.1282 0.027929038673897278
35.5 0.10200000000000001 0.03131121455425747
36.5 0.08449999999999999 0.034401045807689073
37.5 0.0652 0.03916302249939787
38.5 0.0493 0.0450377349111045
39.5 0.041499999999999995 0.0490880693673816
40.5 0.028999999999999998 0.058722021951470346
41.5 0.0221 0.06726727939963124
42.5 0.0203 0.07018624063435965
43.5 0.0123 0.09016696346674323
44.5 0.0084 0.1091089451179962
45.5 0.006699999999999999 0.12216944435630522
46.5 0.0059 0.13018891098082389
47.5 0.0038 0.16222142113076254
48.5 0.0034999999999999996 0.16903085094570333
49.5 0.0025 0.2
50.5 0.0012 0.2886751345948129
51.5 0.002 0.22360679774997896
52.5 0.0006000000000000001 0.40824829046386296
53.5 0.00030000000000000003 0.5773502691896257
54.5 0.0001 1.0
55.5 0.00030000000000000003 0.5773502691896257
56.5 0.00039999999999999996 0.5000000000000001
57.5 0.0 inf
58.5 0.0002 0.7071067811865475
59.5 0.0 inf
60.5 0.0 inf
61.5 0.0001 1.0
62.5 0.0 inf
63.5 0.0001 1.0
64.5 0.0001 1.0
65.5 0.0 inf
66.5 0.0 inf
67.5 0.0 inf
68.5 0.0 inf
69.5 0.0 inf
70.5 0.0 inf
71.5 0.0 inf
72.5 0.0 inf
73.5 0.0 inf
74.5 0.0 inf
75.5 0.0 inf
76.5 0.0 inf
77.5 0.0 inf
78.5 0.0 inf
79.5 0.0 inf
80.5 0.0 inf
81.5 0.0 inf
82.5 0.0 inf
83.5 0.0 inf
84.5 0.0 inf
85.5 0.0 inf
86.5 0.0 inf
87.5 0.0 inf
88.5 0.0 inf
89.5 0.0 inf
90.5 0.0 inf
91.5 0.0 inf
92.5 0.0 inf
93.5 0.0 inf
94.5 0.0 inf
95.5 0.0 inf
96.5 0.0 inf
97.5 0.0 inf
