0.5 38.5017 0.0016116103474358588
1.5 20.3125 0.0022188007849009163
2.5 20.6134 0.0022025470002802303
3.5 18.9187 0.0022990814360712296
4.5 16.673499999999997 0.00244898775174288
5.5 14.9123 0.002589570171814565
6.5 13.145 0.0027581615808723167
7.5 11.6471 0.0029301583970700955
8.5 10.4118 0.003099110713806061
9.5 9.0672 0.003320958146972099
10.5 8.1989 0.0034923857320886776
11.5 7.1872 0.0037300970792778364
12.5 6.4125 0.003948992518393949
13.5 5.6299 0.0042145349490395265
14.5 4.8911999999999995 0.004521601552757306
15.5 4.268599999999999 0.004840132714386409
16.5 3.779 0.005144125483623775
17.5 3.2796000000000003 0.0055219130160214305
18.5 2.8160999999999996 0.005959035376988174
19.5 2.4129 0.006437694127066825
20.5 2.0567 0.006972917485273305
21.5 1.7736 0.0075088280625108215
22.5 1.4868999999999999 0.008200854737623454
23.5 1.2294999999999998 0.009018529567461117
24.5 1.0474 0.009771105787283352
25.5 0.8634999999999999 0.010761401354835764
26.5 0.7113 0.011856966576817519
27.5 0.5715 0.013227929835542418
28.5 0.48839999999999995 0.014309095175803562
29.5 0.405 0.015713484026367724
30.5 0.3288 0.017439502660378896
31.5 0.2623 0.019525441139613995
32.5 0.1943 0.02268629628464662
33.5 0.1653 0.02459594839716409
34.5 0.12279999999999999 0.02853650727676748
35.5 0.1016 0.03137279025690793
36.5 0.0771 0.03601412030328099
37.5 0.0638 0.03959037912324479
38.5 0.051000000000000004 0.044280744277004756
39.5 0.039400000000000004 0.05037927218598784
40.5 0.0287 0.059028133610095526
41.5 0.0223 0.06696495301824251
42.5 0.016 0.07905694150420949
43.5 0.0129 0.08804509063256238
44.5 0.0103 0.09853292781642932
45.5 0.0054 0.13608276348795434
46.5 0.0048000000000000004 0.14433756729740643
47.5 0.0041 0.15617376188860607
48.5 0.0039 0.16012815380508713
49.5 0.0024000000000000002 0.20412414523193148
50.5 0.0017000000000000001 0.24253562503633297
51.5 0.0014 0.2672612419124244
52.5 0.0007999999999999999 0.3535533905932738
53.5 0.0006000000000000001 0.40824829046386296
54.5 0.0006 0.4082482904638631
55.5 0.0004 0.5
56.5 0.00039999999999999996 0.5000000000000001
57.5 0.0001 1.0
58.5 0.0001 1.0
59.5 0.0001 1.0
60.5 0.0 inf
61.5 0.0 inf
62.5 0.0 inf
63.5 0.0 inf
64.5 0.0 inf
65.5 0.0 inf
66.5 0.0 inf
67.5 0.0001 1.0
68.5 0.0 inf
69.5 0.0 inf
70.5 0.0 inf
71.5 0.0 inf
72.5 0.0 inf
73.5 0.0 inf
74.5 0.0 inf
75.5 0.0 inf
76.5 0.0 inf
77.5 0.0 inf
78.5 0.0 inf
79.5 0.0 inf
80.5 0.0 inf
81.5 0.0 inf
82.5 0.0 inf
83.5 0.0 inf
84.5 0.0 inf
85.5 0.0 inf
86.5 0.0 inf
87.5 0.0 inf
88.5 0.0 inf
89.5 0.0 inf
90.5 0.0 inf
91.5 0.0 inf
92.5 0.0 inf
93.5 0.0 inf
94.5 0.0 inf
95.5 0.0 inf
96.5 0.0 inf
97.5 0.0 inf
