0.5 38.5466 0.0016106714528391207
1.5 20.2902 0.0022200197396152754
2.5 20.662300000000002 0.002199939150524633
3.5 18.929499999999997 0.002298425485778128
4.5 16.6933 0.0024475349429945036
5.5 14.943999999999999 0.0025868221473981947
6.5 13.2097 0.0027513986678967353
7.5 11.6553 0.002929127470092657
8.5 10.4289 0.003096568905245948
9.5 9.1328 0.003309009594871076
10.5 8.121 0.003509095961032698
11.5 7.1695 0.0037346986567550877
12.5 6.422499999999999 0.0039459169785828535
13.5 5.5793 0.004233603123584696
14.5 4.9439 0.0044974377525332536
15.5 4.2869 0.004829790840535521
16.5 3.7618 0.00515587226059871
17.5 3.2728 0.005527646565971697
18.5 2.7993 0.0059768902046478415
19.5 2.4128 0.0064378275328075595
20.5 2.0690999999999997 0.006951991935471569
21.5 1.7688 0.007519009528967118
22.5 1.482 0.00821440096816907
23.5 1.2497 0.00894534541586328
24.5 1.0385 0.009812885910826265
25.5 0.8434 0.010888879747610963
26.5 0.7155 0.011822115035531811
27.5 0.5798 0.013132907775647793
28.5 0.5022 0.014111125222243389
29.5 0.4024 0.01576416652798579
30.5 0.32189999999999996 0.017625421500471306
31.5 0.2518 0.019928386481802028
32.5 0.2014 0.02228282589107932
33.5 0.1643 0.02467068557457242
34.5 0.12940000000000002 0.027799236087488324
35.5 0.10450000000000001 0.030934411244487297
36.5 0.0826 0.03479445003196105
37.5 0.0632 0.0397778642087865
38.5 0.0474 0.04593152121746254
39.5 0.0358 0.05285164225816899
40.5 0.027700000000000002 0.06008417681261097
41.5 0.0208 0.06933752452815364
42.5 0.0177 0.07516460280028289
43.5 0.011800000000000001 0.09205746178983235
44.5 0.010499999999999999 0.09759000729485333
45.5 0.0077 0.11396057645963795
46.5 0.0057 0.13245323570650439
47.5 0.0042 0.1543033499620919
48.5 0.0033 0.17407765595569785
49.5 0.0031000000000000003 0.17960530202677488
50.5 0.0013 0.2773500981126146
51.5 0.0010999999999999998 0.3015113445777637
52.5 0.0007999999999999999 0.3535533905932738
53.5 0.0006 0.4082482904638631
54.5 0.0005 0.4472135954999579
55.5 0.00030000000000000003 0.5773502691896257
56.5 0.0002 0.7071067811865475
57.5 0.0001 1.0
58.5 0.0001 1.0
59.5 0.00039999999999999996 0.5000000000000001
60.5 0.0 inf
61.5 0.0 inf
62.5 0.0 inf
63.5 0.0 inf
64.5 0.0 inf
65.5 0.0 inf
66.5 0.0 inf
67.5 0.0 inf
68.5 0.0 inf
69.5 0.0 inf
70.5 0.0 inf
71.5 0.0 inf
72.5 0.0 inf
73.5 0.0 inf
74.5 0.0 inf
75.5 0.0 inf
76.5 0.0 inf
77.5 0.0 inf
78.5 0.0 inf
79.5 0.0 inf
80.5 0.0 inf
81.5 0.0 inf
82.5 0.0 inf
83.5 0.0 inf
84.5 0.0 inf
85.5 0.0 inf
86.5 0.0 inf
87.5 0.0 inf
88.5 0.0 inf
89.5 0.0 inf
90.5 0.0 inf
91.5 0.0 inf
92.5 0.0 inf
93.5 0.0 inf
94.5 0.0 inf
95.5 0.0 inf
96.5 0.0 inf
97.5 0.0 inf
