0.5 38.4457 0.0016127836560083514
1.5 20.267 0.0022212900244840063
2.5 20.5838 0.0022041300891634755
3.5 18.968600000000002 0.00229605539004708
4.5 16.6229 0.0024527122709754384
5.5 14.9467 0.0025865884926367373
6.5 13.0632 0.002766783722539529
7.5 11.6189 0.0029337121065374575
8.5 10.407399999999999 0.0030997657595519916
9.5 9.1052 0.003314020992745724
10.5 8.1576 0.0035012151325130637
11.5 7.1518999999999995 0.003739291164139625
12.5 6.4131 0.003948807783169728
13.5 5.6013 0.004225280867715558
14.5 4.9147 0.004510778413933375
15.5 4.2948 0.00482534675584536
16.5 3.7288 0.005178636822485006
17.5 3.2723000000000004 0.005528068855754812
18.5 2.7655000000000003 0.006013304119436594
19.5 2.4074999999999998 0.0064449099269710906
20.5 2.0682 0.006953504388863872
21.5 1.7555 0.0075474385038395335
22.5 1.4895 0.00819369410143323
23.5 1.2631000000000001 0.008897769119571573
24.5 1.0419 0.009796861784051935
25.5 0.8662000000000001 0.010744616281415775
26.5 0.7097 0.01187032466197399
27.5 0.5742 0.013196793041081598
28.5 0.4963 0.014194753736821313
29.5 0.3919 0.015973951748802794
30.5 0.32299999999999995 0.017595383576944672
31.5 0.2514 0.01994423410775127
32.5 0.203 0.022194838080923762
33.5 0.1598 0.025015639663712997
34.5 0.1335 0.027369027575198667
35.5 0.1078 0.03045724519365863
36.5 0.0779 0.03582871819500093
37.5 0.0643 0.03943615033625495
38.5 0.048600000000000004 0.04536092116265144
39.5 0.0412 0.04926646390821466
40.5 0.0299 0.05783149319662402
41.5 0.022 0.06741998624632421
42.5 0.0167 0.07738232325341368
43.5 0.0125 0.08944271909999159
44.5 0.009500000000000001 0.1025978352085154
45.5 0.0076 0.11470786693528087
46.5 0.0056 0.1336306209562122
47.5 0.0038000000000000004 0.16222142113076252
48.5 0.0028 0.1889822365046136
49.5 0.0034000000000000002 0.17149858514250882
50.5 0.0010999999999999998 0.3015113445777637
51.5 0.0015 0.2581988897471611
52.5 0.0009 0.3333333333333333
53.5 0.00030000000000000003 0.5773502691896257
54.5 0.00030000000000000003 0.5773502691896257
55.5 0.0005 0.4472135954999579
56.5 0.0001 1.0
57.5 0.00039999999999999996 0.5000000000000001
58.5 0.0001 1.0
59.5 0.0 inf
60.5 0.0004 0.5
61.5 0.0 inf
62.5 0.0 inf
63.5 0.0 inf
64.5 0.0 inf
65.5 0.0 inf
66.5 0.0 inf
67.5 0.0001 1.0
68.5 0.0 inf
69.5 0.0 inf
70.5 0.0 inf
71.5 0.0 inf
72.5 0.0 inf
73.5 0.0 inf
74.5 0.0 inf
75.5 0.0 inf
76.5 0.0 inf
77.5 0.0 inf
78.5 0.0 inf
79.5 0.0 inf
80.5 0.0 inf
81.5 0.0 inf
82.5 0.0 inf
83.5 0.0 inf
84.5 0.0 inf
85.5 0.0 inf
86.5 0.0 inf
87.5 0.0 inf
88.5 0.0 inf
89.5 0.0 inf
90.5 0.0 inf
91.5 0.0 inf
92.5 0.0 inf
93.5 0.0 inf
94.5 0.0 inf
95.5 0.0 inf
96.5 0.0 inf
97.5 0.0 inf
