0.5 63.1404 0.0012584800507707348
1.5 25.6489 0.0019745385986851913
2.5 24.2633 0.0020301356889578393
3.5 21.2967 0.00216692481696248
4.5 18.3566 0.002334016262669737
5.5 16.0823 0.0024935950111815634
6.5 13.9968 0.002672917912914934
7.5 12.3802 0.0028420791570880856
8.5 10.947 0.0030224034823137457
9.5 9.4805 0.003247763365669365
10.5 8.479199999999999 0.0034341760919762124
11.5 7.4403 0.003666103962892563
12.5 6.607799999999999 0.0038901966470193255
13.5 5.8007 0.004152023447107286
14.5 5.0779 0.004437699883011338
15.5 4.381 0.004777639464168233
16.5 3.8867 0.0050723532344225586
17.5 3.3433 0.005469055439786988
18.5 2.8232999999999997 0.005951432138960981
19.5 2.4583 0.006377971282062654
20.5 2.1317 0.006849154412786501
21.5 1.7812000000000001 0.0074927916553796875
22.5 1.5001 0.008164693657357804
23.5 1.2943 0.008789871465330865
24.5 1.0735999999999999 0.009651142956027288
25.5 0.8540000000000001 0.010821091383745124
26.5 0.7263999999999999 0.011733081361598303
27.5 0.5888 0.013032150878567173
28.5 0.4985 0.014163396676512622
29.5 0.4049 0.01571542432198867
30.5 0.3284 0.0174501203189944
31.5 0.25780000000000003 0.019695116019838792
32.5 0.1991 0.022411161745176402
33.5 0.1624 0.024814583349273254
34.5 0.1211 0.02873610675690391
35.5 0.10089999999999999 0.031481427501027934
36.5 0.0816 0.03500700210070024
37.5 0.06420000000000001 0.03946685189819291
38.5 0.051000000000000004 0.044280744277004756
39.5 0.0405 0.049690399499995326
40.5 0.0284 0.05933908290969266
41.5 0.023 0.0659380473395787
42.5 0.0178 0.07495316889958614
43.5 0.0121 0.09090909090909091
44.5 0.0097 0.10153461651336192
45.5 0.0079 0.11250879009260237
46.5 0.0068000000000000005 0.12126781251816648
47.5 0.004999999999999999 0.14142135623730953
48.5 0.004 0.15811388300841897
49.5 0.0018 0.23570226039551587
50.5 0.0015 0.2581988897471611
51.5 0.0017000000000000001 0.24253562503633297
52.5 0.0005 0.4472135954999579
53.5 0.0012000000000000001 0.28867513459481287
54.5 0.0 inf
55.5 0.0002 0.7071067811865475
56.5 0.0001 1.0
57.5 0.0004 0.5
58.5 0.0001 1.0
59.5 0.0001 1.0
60.5 0.0001 1.0
61.5 0.0001 1.0
62.5 0.0 inf
63.5 0.0 inf
64.5 0.0 inf
65.5 0.0 inf
66.5 0.0 inf
67.5 0.0 inf
68.5 0.0 inf
69.5 0.0 inf
70.5 0.0 inf
71.5 0.0 inf
72.5 0.0 inf
73.5 0.0 inf
74.5 0.0 inf
75.5 0.0 inf
76.5 0.0 inf
77.5 0.0 inf
78.5 0.0 inf
79.5 0.0 inf
80.5 0.0 inf
81.5 0.0 inf
82.5 0.0 inf
83.5 0.0 inf
84.5 0.0 inf
85.5 0.0 inf
86.5 0.0 inf
87.5 0.0 inf
88.5 0.0 inf
89.5 0.0 inf
90.5 0.0 inf
91.5 0.0 inf
92.5 0.0 inf
93.5 0.0 inf
94.5 0.0 inf
95.5 0.0 inf
96.5 0.0 inf
97.5 0.0 inf
