0.5 51.396699999999996 0.001394865659163801
1.5 24.099 0.0020370443720865625
2.5 23.4998 0.002062851270626777
3.5 20.971899999999998 0.0021836403507904277
4.5 18.0286 0.0023551523089154008
5.5 16.0531 0.002495861859745825
6.5 13.9359 0.0026787518830983597
7.5 12.2652 0.0028553719102851947
8.5 10.9129 0.003027121915187419
9.5 9.4524 0.003252587242430961
10.5 8.4839 0.0034332247097292328
11.5 7.392799999999999 0.0036778627764390242
12.5 6.615399999999999 0.003887961408722034
13.5 5.762499999999999 0.004165762736367134
14.5 5.0784 0.004437481418085467
15.5 4.3919999999999995 0.004771652785948903
16.5 3.8763 0.005079153164470182
17.5 3.335 0.005475856781933935
18.5 2.8503 0.005923177039634357
19.5 2.4205 0.006427579493480526
20.5 2.1104000000000003 0.0068836314622194375
21.5 1.7931 0.007467887118720912
22.5 1.4931 0.008183810269003939
23.5 1.267 0.00888406428745396
24.5 1.0663 0.009684122967217537
25.5 0.8836999999999999 0.010637695937359757
26.5 0.7372000000000001 0.011646819280339489
27.5 0.5858 0.013065478400923492
28.5 0.5032 0.014097096860865023
29.5 0.40990000000000004 0.015619281095398016
30.5 0.3207 0.017658366242304668
31.5 0.26539999999999997 0.019411072904885092
32.5 0.2097 0.021837392736013945
33.5 0.16249999999999998 0.02480694691784169
34.5 0.1256 0.028216632399155017
35.5 0.11 0.030151134457776358
36.5 0.0826 0.03479445003196105
37.5 0.05979999999999999 0.040893041005476534
38.5 0.051000000000000004 0.044280744277004756
39.5 0.0369 0.052057920629535355
40.5 0.0305 0.057259833431386825
41.5 0.0203 0.07018624063435965
42.5 0.0173 0.07602859212697055
43.5 0.0156 0.08006407690254357
44.5 0.0111 0.0949157995752499
45.5 0.0069 0.1203858530857692
46.5 0.0063999999999999994 0.12500000000000003
47.5 0.0029 0.18569533817705186
48.5 0.0038 0.16222142113076254
49.5 0.0028 0.1889822365046136
50.5 0.0013 0.2773500981126146
51.5 0.0014 0.2672612419124244
52.5 0.0005 0.4472135954999579
53.5 0.0008 0.35355339059327373
54.5 0.0006 0.4082482904638631
55.5 0.0001 1.0
56.5 0.0002 0.7071067811865475
57.5 0.0 inf
58.5 0.0001 1.0
59.5 0.00030000000000000003 0.5773502691896257
60.5 0.0001 1.0
61.5 0.0 inf
62.5 0.0 inf
63.5 0.0001 1.0
64.5 0.0 inf
65.5 0.0 inf
66.5 0.0 inf
67.5 0.0 inf
68.5 0.0 inf
69.5 0.0 inf
70.5 0.0 inf
71.5 0.0 inf
72.5 0.0 inf
73.5 0.0 inf
74.5 0.0 inf
75.5 0.0 inf
76.5 0.0 inf
77.5 0.0 inf
78.5 0.0 inf
79.5 0.0 inf
80.5 0.0 inf
81.5 0.0 inf
82.5 0.0 inf
83.5 0.0 inf
84.5 0.0 inf
85.5 0.0 inf
86.5 0.0 inf
87.5 0.0 inf
88.5 0.0 inf
89.5 0.0 inf
90.5 0.0 inf
91.5 0.0 inf
92.5 0.0 inf
93.5 0.0 inf
94.5 0.0 inf
95.5 0.0 inf
96.5 0.0 inf
97.5 0.0 inf
