0.5 38.519800000000004 0.0016112316645926063
1.5 20.2684 0.002221213307532074
2.5 20.6142 0.0022025042614231332
3.5 18.8846 0.002301156230286716
4.5 16.6199 0.002452933626242167
5.5 14.9878 0.002583039547229725
6.5 13.1634 0.0027562332067313593
7.5 11.6448 0.0029304477550482497
8.5 10.4193 0.0030979951151285257
9.5 9.151299999999999 0.003305663204343102
10.5 8.1633 0.003499992562523707
11.5 7.178599999999999 0.0037323307483066084
12.5 6.3547 0.003966911152731172
13.5 5.5913 0.004229057622078691
14.5 4.9576 0.004491219267449595
15.5 4.2818000000000005 0.004832666337166895
16.5 3.7653999999999996 0.005153406974212827
17.5 3.2556000000000003 0.005542229173742
18.5 2.7842000000000002 0.005993076003898714
19.5 2.4039 0.006449733962022987
20.5 2.0748 0.0069424359282941345
21.5 1.7621 0.007533290661547753
22.5 1.492 0.008186826533298911
23.5 1.2564000000000002 0.008921462126203154
24.5 1.051 0.009754356903036577
25.5 0.847 0.010865714630312669
26.5 0.7189000000000001 0.011794125865200426
27.5 0.5784 0.013148792075955425
28.5 0.4931 0.014240738076707171
29.5 0.39680000000000004 0.015875015875023813
30.5 0.317 0.0177611208331347
31.5 0.2514 0.01994423410775127
32.5 0.1971 0.022524579279982866
33.5 0.1607 0.024945491291633412
34.5 0.1288 0.02786391062876764
35.5 0.1026 0.031219527052723135
36.5 0.07819999999999999 0.035759926992607584
37.5 0.0633 0.039746431675858215
38.5 0.0487 0.04531432544294438
39.5 0.0387 0.05083285677753489
40.5 0.0317 0.05616559563017304
41.5 0.021400000000000002 0.06835859270246632
42.5 0.0167 0.07738232325341368
43.5 0.0124 0.08980265101338746
44.5 0.009899999999999999 0.10050378152592121
45.5 0.007 0.11952286093343936
46.5 0.0042 0.1543033499620919
47.5 0.0037999999999999996 0.16222142113076254
48.5 0.0036 0.16666666666666666
49.5 0.0018 0.23570226039551587
50.5 0.0015 0.2581988897471611
51.5 0.002 0.22360679774997896
52.5 0.0005 0.4472135954999579
53.5 0.0004 0.5
54.5 0.0002 0.7071067811865475
55.5 0.00039999999999999996 0.5000000000000001
56.5 0.0008 0.35355339059327373
57.5 0.0002 0.7071067811865475
58.5 0.00030000000000000003 0.5773502691896257
59.5 0.0001 1.0
60.5 0.0 inf
61.5 0.0 inf
62.5 0.0 inf
63.5 0.0 inf
64.5 0.0 inf
65.5 0.0001 1.0
66.5 0.0 inf
67.5 0.0 inf
68.5 0.0 inf
69.5 0.0 inf
70.5 0.0 inf
71.5 0.0 inf
72.5 0.0 inf
73.5 0.0 inf
74.5 0.0 inf
75.5 0.0 inf
76.5 0.0 inf
77.5 0.0 inf
78.5 0.0 inf
79.5 0.0 inf
80.5 0.0 inf
81.5 0.0 inf
82.5 0.0 inf
83.5 0.0 inf
84.5 0.0 inf
85.5 0.0 inf
86.5 0.0 inf
87.5 0.0 inf
88.5 0.0 inf
89.5 0.0 inf
90.5 0.0 inf
91.5 0.0 inf
92.5 0.0 inf
93.5 0.0 inf
94.5 0.0 inf
95.5 0.0 inf
96.5 0.0 inf
97.5 0.0 inf
