0.5 39.7025 0.0015870516933175608
1.5 20.9515 0.0021847031726650087
2.5 21.2635 0.0021686158331170086
3.5 19.4122 0.0022696694991299737
4.5 17.1075 0.0024177240225203627
5.5 15.299299999999999 0.002556608448000504
6.5 13.486 0.002723067596989194
7.5 11.9038 0.002898392446658148
8.5 10.649999999999999 0.003064257065179478
9.5 9.2772 0.0032831561625913997
10.5 8.3591 0.003458758501533461
11.5 7.3107 0.00369845653083357
12.5 6.533200000000001 0.003912343904260017
13.5 5.695399999999999 0.004190230218829611
14.5 4.9906 0.004476345699467787
15.5 4.3138000000000005 0.00481470848292097
16.5 3.7743 0.0051473273843268726
17.5 3.3196 0.0054885436446033215
18.5 2.8439 0.005929838144015391
19.5 2.4223 0.00642519089726528
20.5 2.0953 0.006908390742059059
21.5 1.7985 0.007456667517348202
22.5 1.5015999999999998 0.00816061464147064
23.5 1.2650000000000001 0.00889108448948774
24.5 1.0477 0.009769706750532984
25.5 0.871 0.010714969088698139
26.5 0.7166 0.011813037920774943
27.5 0.5971 0.012941257073824484
28.5 0.492 0.014256648712805027
29.5 0.4018 0.01577593229640665
30.5 0.31110000000000004 0.017928749299111976
31.5 0.2629 0.01950314757443023
32.5 0.2054 0.02206478908203439
33.5 0.1659 0.024551430807011814
34.5 0.1338 0.027338327590690405
35.5 0.0997 0.03167031776097682
36.5 0.0839 0.034523833987986266
37.5 0.06129999999999999 0.040389619586100975
38.5 0.0534 0.04327423224079154
39.5 0.0373 0.05177803730784977
40.5 0.0288 0.05892556509887897
41.5 0.0216 0.06804138174397717
42.5 0.0165 0.0778498944161523
43.5 0.014499999999999999 0.08304547985373997
44.5 0.0098 0.10101525445522107
45.5 0.007600000000000001 0.11470786693528087
46.5 0.0052 0.1386750490563073
47.5 0.0059 0.13018891098082389
48.5 0.0039 0.16012815380508713
49.5 0.0025 0.2
50.5 0.0021 0.2182178902359924
51.5 0.0015 0.2581988897471611
52.5 0.0005 0.4472135954999579
53.5 0.0006000000000000001 0.40824829046386296
54.5 0.0004 0.5
55.5 0.0 inf
56.5 0.0005 0.4472135954999579
57.5 0.0001 1.0
58.5 0.0001 1.0
59.5 0.0 inf
60.5 0.0 inf
61.5 0.0 inf
62.5 0.0 inf
63.5 0.0 inf
64.5 0.0 inf
65.5 0.0 inf
66.5 0.0 inf
67.5 0.0 inf
68.5 0.0 inf
69.5 0.0 inf
70.5 0.0 inf
71.5 0.0 inf
72.5 0.0 inf
73.5 0.0 inf
74.5 0.0 inf
75.5 0.0 inf
76.5 0.0 inf
77.5 0.0 inf
78.5 0.0 inf
79.5 0.0 inf
80.5 0.0 inf
81.5 0.0 inf
82.5 0.0 inf
83.5 0.0 inf
84.5 0.0 inf
85.5 0.0 inf
86.5 0.0 inf
87.5 0.0 inf
88.5 0.0 inf
89.5 0.0 inf
90.5 0.0 inf
91.5 0.0 inf
92.5 0.0 inf
93.5 0.0 inf
94.5 0.0 inf
95.5 0.0 inf
96.5 0.0 inf
97.5 0.0 inf
