0.5 47.4882 0.0014511327573791851
1.5 23.4423 0.0020653796339302035
2.5 22.9645 0.002086755193105109
3.5 20.729 0.0021963969109034583
4.5 17.924599999999998 0.002361974820509491
5.5 15.9209 0.0025062026954300173
6.5 13.8797 0.0026841696432288466
7.5 12.2582 0.0028561870687393155
8.5 10.8352 0.00303795638089796
9.5 9.4818 0.0032475407161142934
10.5 8.485 0.0034330021599598137
11.5 7.3681 0.0036840222479954223
12.5 6.6141000000000005 0.003888343478958188
13.5 5.7208000000000006 0.0041809176883912105
14.5 5.0626 0.004444400549347142
15.5 4.3747 0.0047810783628345
16.5 3.8662 0.00508578318712614
17.5 3.3788 0.0054402487425634916
18.5 2.8476 0.0059259844544564825
19.5 2.4285 0.006416983847300887
20.5 2.125 0.006859943405700354
21.5 1.7988 0.007456045687924834
22.5 1.4855 0.008204718249172255
23.5 1.2687 0.00887811017222454
24.5 1.0755 0.009642614235672862
25.5 0.8688 0.010728526885571863
26.5 0.7308 0.011697706772393275
27.5 0.5851999999999999 0.013072174640400055
28.5 0.4978 0.014173351371926586
29.5 0.3977 0.01585704302280871
30.5 0.32989999999999997 0.017410403735403916
31.5 0.26980000000000004 0.019252140716412975
32.5 0.2008 0.02231609213387259
33.5 0.1688 0.024339619175561773
34.5 0.1283 0.027918152281484514
35.5 0.0989 0.03179815003744467
36.5 0.0781 0.03578281334822566
37.5 0.0653 0.03913302400974161
38.5 0.0482 0.04554875186742769
39.5 0.041800000000000004 0.04891159880445184
40.5 0.0295 0.0582222509739582
41.5 0.025 0.06324555320336758
42.5 0.018099999999999998 0.07432941462471664
43.5 0.0126 0.0890870806374748
44.5 0.010700000000000001 0.09667364890456635
45.5 0.0063 0.1259881576697424
46.5 0.004399999999999999 0.15075567228888184
47.5 0.0036999999999999997 0.1643989873053573
48.5 0.0031 0.1796053020267749
49.5 0.0024999999999999996 0.2
50.5 0.0011 0.30151134457776363
51.5 0.0013 0.2773500981126146
52.5 0.0006 0.4082482904638631
53.5 0.0009 0.3333333333333333
54.5 0.00030000000000000003 0.5773502691896257
55.5 0.0005 0.4472135954999579
56.5 0.0002 0.7071067811865475
57.5 0.0006 0.4082482904638631
58.5 0.0001 1.0
59.5 0.0001 1.0
60.5 0.0 inf
61.5 0.0 inf
62.5 0.0 inf
63.5 0.0001 1.0
64.5 0.0 inf
65.5 0.0 inf
66.5 0.0002 0.7071067811865475
67.5 0.0 inf
68.5 0.0 inf
69.5 0.0 inf
70.5 0.0 inf
71.5 0.0 inf
72.5 0.0 inf
73.5 0.0 inf
74.5 0.0 inf
75.5 0.0 inf
76.5 0.0 inf
77.5 0.0 inf
78.5 0.0 inf
79.5 0.0 inf
80.5 0.0 inf
81.5 0.0 inf
82.5 0.0 inf
83.5 0.0 inf
84.5 0.0 inf
85.5 0.0 inf
86.5 0.0 inf
87.5 0.0 inf
88.5 0.0 inf
89.5 0.0 inf
90.5 0.0 inf
91.5 0.0 inf
92.5 0.0 inf
93.5 0.0 inf
94.5 0.0 inf
95.5 0.0 inf
96.5 0.0 inf
97.5 0.0 inf
