0.5 42.432 0.0015351585962158584
1.5 22.087899999999998 0.0021277607153395803
2.5 22.1285 0.002125807877464175
3.5 20.0938 0.0022308427705912633
4.5 17.6175 0.002382472299639544
5.5 15.6495 0.0025278410769982045
6.5 13.6916 0.002702544779207026
7.5 12.0902 0.0028759627548669412
8.5 10.8064 0.003042001896846958
9.5 9.454799999999999 0.0032521743989638633
10.5 8.3818 0.0034540717368272368
11.5 7.391500000000001 0.003678186189237529
12.5 6.5449 0.003908845386393876
13.5 5.7648 0.004164931639872029
14.5 5.0646 0.004443522920431307
15.5 4.3663 0.004785675133680169
16.5 3.8155 0.005119461379085816
17.5 3.3383000000000003 0.005473149596339312
18.5 2.8663 0.005906621993347111
19.5 2.4434 0.006397388351473676
20.5 2.1106 0.006883305308777631
21.5 1.8117 0.007429453311533219
22.5 1.5053999999999998 0.008150308433882975
23.5 1.2469000000000001 0.00895538347896242
24.5 1.0510000000000002 0.009754356903036577
25.5 0.8612 0.010775761967598866
26.5 0.7339 0.011672975020262903
27.5 0.5734 0.013205995826747507
28.5 0.4959 0.014200477428076834
29.5 0.4075 0.015665208999759147
30.5 0.3182 0.017727598712973542
31.5 0.26049999999999995 0.019592783347677306
32.5 0.20479999999999998 0.02209708691207961
33.5 0.1604 0.02496880847194612
34.5 0.1299 0.02774568328089315
35.5 0.10289999999999999 0.03117398431942748
36.5 0.07650000000000001 0.03615507630310936
37.5 0.0675 0.03849001794597505
38.5 0.0538 0.04311306135592269
39.5 0.0353 0.05322462954123495
40.5 0.030600000000000002 0.05716619504750295
41.5 0.0224 0.0668153104781061
42.5 0.0175 0.07559289460184544
43.5 0.0111 0.0949157995752499
44.5 0.0095 0.10259783520851541
45.5 0.0075 0.11547005383792514
46.5 0.0059 0.13018891098082389
47.5 0.0037 0.1643989873053573
48.5 0.0027 0.19245008972987526
49.5 0.0023 0.20851441405707477
50.5 0.0018 0.23570226039551587
51.5 0.0016 0.25
52.5 0.0005 0.4472135954999579
53.5 0.0005 0.4472135954999579
54.5 0.00039999999999999996 0.5000000000000001
55.5 0.00039999999999999996 0.5000000000000001
56.5 0.0002 0.7071067811865475
57.5 0.0001 1.0
58.5 0.0001 1.0
59.5 0.0 inf
60.5 0.0 inf
61.5 0.0 inf
62.5 0.0 inf
63.5 0.0 inf
64.5 0.0 inf
65.5 0.0 inf
66.5 0.0 inf
67.5 0.0 inf
68.5 0.0 inf
69.5 0.0 inf
70.5 0.0 inf
71.5 0.0 inf
72.5 0.0 inf
73.5 0.0 inf
74.5 0.0 inf
75.5 0.0 inf
76.5 0.0 inf
77.5 0.0 inf
78.5 0.0 inf
79.5 0.0 inf
80.5 0.0 inf
81.5 0.0 inf
82.5 0.0 inf
83.5 0.0 inf
84.5 0.0 inf
85.5 0.0 inf
86.5 0.0 inf
87.5 0.0 inf
88.5 0.0 inf
89.5 0.0 inf
90.5 0.0 inf
91.5 0.0 inf
92.5 0.0 inf
93.5 0.0 inf
94.5 0.0 inf
95.5 0.0 inf
96.5 0.0 inf
97.5 0.0 inf
