0.5 38.6048 0.0016094568832018899
1.5 20.3276 0.002217976533240412
2.5 20.650399999999998 0.0022005729277265276
3.5 18.9585 0.0022966669118358726
4.5 16.7108 0.002446253045028885
5.5 14.991900000000001 0.002582686316941528
6.5 13.1282 0.0027599258097755148
7.5 11.6898 0.0029248019226690144
8.5 10.4836 0.003088479897518843
9.5 9.1274 0.003309988296895068
10.5 8.1887 0.0034945601461230727
11.5 7.1307 0.0037448456075516285
12.5 6.4105 0.003949608489777885
13.5 5.6059 0.0042235469551583586
14.5 4.9331 0.004502358164852834
15.5 4.3001000000000005 0.004822372147935385
16.5 3.7643 0.005154159880942256
17.5 3.2882 0.005514687247655133
18.5 2.8453 0.005928379107208544
19.5 2.4209 0.0064270484641097015
20.5 2.0648 0.006959227023125169
21.5 1.7389999999999999 0.0075831598178768295
22.5 1.5036 0.008155185451433537
23.5 1.2521 0.008936768174978337
24.5 1.0514000000000001 0.009752501227779029
25.5 0.8533 0.010825528985483328
26.5 0.7170000000000001 0.011809742331947863
27.5 0.5783 0.013149928875514541
28.5 0.488 0.014314958357846706
29.5 0.4053 0.015707667448701706
30.5 0.3179 0.017735961445750802
31.5 0.2539 0.01984580179179854
32.5 0.2003 0.02234392810843759
33.5 0.1578 0.025173668017796205
34.5 0.1309 0.027639499641139105
35.5 0.0995 0.031702131247412065
36.5 0.07669999999999999 0.036107907233705945
37.5 0.0677 0.03843312210120439
38.5 0.05 0.044721359549995794
39.5 0.0359 0.05277798139692595
40.5 0.028 0.05976143046671968
41.5 0.022199999999999998 0.06711560552140243
42.5 0.018099999999999998 0.07432941462471664
43.5 0.012799999999999999 0.08838834764831845
44.5 0.0085 0.10846522890932808
45.5 0.007 0.11952286093343936
46.5 0.005 0.1414213562373095
47.5 0.0039 0.16012815380508713
48.5 0.0034000000000000002 0.17149858514250882
49.5 0.0024000000000000002 0.20412414523193148
50.5 0.0018 0.23570226039551587
51.5 0.0009 0.3333333333333333
52.5 0.0007 0.3779644730092272
53.5 0.001 0.31622776601683794
54.5 0.0006000000000000001 0.40824829046386296
55.5 0.0001 1.0
56.5 0.00039999999999999996 0.5000000000000001
57.5 0.0002 0.7071067811865475
58.5 0.0002 0.7071067811865475
59.5 0.0 inf
60.5 0.0001 1.0
61.5 0.0 inf
62.5 0.0001 1.0
63.5 0.0 inf
64.5 0.0 inf
65.5 0.0 inf
66.5 0.0 inf
67.5 0.0 inf
68.5 0.0 inf
69.5 0.0 inf
70.5 0.0 inf
71.5 0.0 inf
72.5 0.0 inf
73.5 0.0 inf
74.5 0.0 inf
75.5 0.0 inf
76.5 0.0 inf
77.5 0.0 inf
78.5 0.0 inf
79.5 0.0 inf
80.5 0.0 inf
81.5 0.0 inf
82.5 0.0 inf
83.5 0.0 inf
84.5 0.0 inf
85.5 0.0 inf
86.5 0.0 inf
87.5 0.0 inf
88.5 0.0 inf
89.5 0.0 inf
90.5 0.0 inf
91.5 0.0 inf
92.5 0.0 inf
93.5 0.0 inf
94.5 0.0 inf
95.5 0.0 inf
96.5 0.0 inf
97.5 0.0 inf
