0.5 71.781 0.0011803077203691246
1.5 38.993900000000004 0.00160140678117102
2.5 39.36 0.0015939417826583459
3.5 36.047 0.0016655797678430905
4.5 31.5745 0.0017796383626190718
5.5 28.212699999999998 0.0018826850526603759
6.5 24.6563 0.0020138913994562652
7.5 21.7773 0.0021428806490748206
8.5 19.302300000000002 0.002276121648241511
9.5 16.8077 0.0024391912650750234
10.5 14.9774 0.0025839361964987606
11.5 13.0337 0.0027699130713816846
12.5 11.5473 0.0029427934146532223
13.5 10.1409 0.003140232108785684
14.5 8.8052 0.0033700037764283477
15.5 7.6376 0.0036184414126864206
16.5 6.7034 0.0038623571696553395
17.5 5.7435 0.004172647400916561
18.5 4.8856 0.004524192198426723
19.5 4.163600000000001 0.004900783305786898
20.5 3.5941 0.0052747869342301135
21.5 3.0153999999999996 0.005758740843852284
22.5 2.5412 0.006273076397289211
23.5 2.1191 0.006869486497942243
24.5 1.7612999999999999 0.007535001315140406
25.5 1.4432999999999998 0.008323801102618546
26.5 1.2071999999999998 0.009101445788482685
27.5 0.9550000000000001 0.010232890201933019
28.5 0.8195 0.011046520962788695
29.5 0.6626000000000001 0.01228497520372395
30.5 0.5126 0.013967243323970932
31.5 0.43610000000000004 0.015142826857233714
32.5 0.33599999999999997 0.017251638983558856
33.5 0.26749999999999996 0.019334729780913273
34.5 0.21589999999999998 0.021521556564129584
35.5 0.1661 0.024536645240595824
36.5 0.1265 0.028116077855776665
37.5 0.1064 0.03065696697424829
38.5 0.0824 0.034836650714580884
39.5 0.0575 0.04170288281141495
40.5 0.0512 0.044194173824159216
41.5 0.0343 0.05399492471560388
42.5 0.0278 0.05997601439040672
43.5 0.021400000000000002 0.06835859270246632
44.5 0.016 0.07905694150420949
45.5 0.0119 0.09166984970282112
46.5 0.0087 0.10721125348377948
47.5 0.006500000000000001 0.12403473458920847
48.5 0.0072 0.11785113019775793
49.5 0.0043 0.15249857033260467
50.5 0.0018 0.23570226039551587
51.5 0.0021000000000000003 0.21821789023599233
52.5 0.0015999999999999999 0.25000000000000006
53.5 0.0015 0.2581988897471611
54.5 0.0012 0.2886751345948129
55.5 0.0006000000000000001 0.40824829046386296
56.5 0.00030000000000000003 0.5773502691896257
57.5 0.0002 0.7071067811865475
58.5 0.0001 1.0
59.5 0.0 inf
60.5 0.0002 0.7071067811865475
61.5 0.0001 1.0
62.5 0.0 inf
63.5 0.0 inf
64.5 0.0001 1.0
65.5 0.0 inf
66.5 0.0 inf
67.5 0.0 inf
68.5 0.0 inf
69.5 0.0 inf
70.5 0.0 inf
71.5 0.0 inf
72.5 0.0 inf
73.5 0.0 inf
74.5 0.0 inf
75.5 0.0 inf
76.5 0.0 inf
77.5 0.0 inf
78.5 0.0 inf
79.5 0.0 inf
80.5 0.0 inf
81.5 0.0 inf
82.5 0.0 inf
83.5 0.0 inf
84.5 0.0 inf
85.5 0.0 inf
86.5 0.0 inf
87.5 0.0 inf
88.5 0.0 inf
89.5 0.0 inf
90.5 0.0 inf
91.5 0.0 inf
92.5 0.0 inf
93.5 0.0 inf
94.5 0.0 inf
95.5 0.0 inf
96.5 0.0 inf
97.5 0.0 inf
