0.5 15527.0 0.008025206634175913
1.5 4721.0 0.014554021085619052
2.5 3380.0 0.017200522903844537
3.5 2286.0 0.020915193504605287
4.5 1541.0 0.025474090105633382
5.5 1025.0 0.031234752377721213
6.5 765.0 0.036155076303109365
7.5 536.0 0.04319342127906801
8.5 374.0 0.051708768999501914
9.5 311.0 0.05670479771237427
10.5 222.0 0.06711560552140243
11.5 179.0 0.07474350927519359
12.5 135.0 0.08606629658238704
13.5 85.0 0.10846522890932808
14.5 85.0 0.10846522890932808
15.5 59.0 0.13018891098082389
16.5 44.0 0.15075567228888181
17.5 34.0 0.17149858514250882
18.5 22.0 0.21320071635561041
19.5 19.0 0.22941573387056174
20.5 17.0 0.24253562503633297
21.5 5.0 0.4472135954999579
22.5 5.0 0.4472135954999579
23.5 1.0 1.0
24.5 0.0 inf
25.5 0.0 inf
26.5 2.0 0.7071067811865475
27.5 0.0 inf
28.5 0.0 inf
29.5 0.0 inf
30.5 1.0 1.0
31.5 0.0 inf
32.5 0.0 inf
33.5 0.0 inf
34.5 0.0 inf
35.5 0.0 inf
36.5 0.0 inf
37.5 0.0 inf
38.5 0.0 inf
39.5 0.0 inf
40.5 0.0 inf
41.5 0.0 inf
42.5 0.0 inf
43.5 0.0 inf
44.5 0.0 inf
45.5 0.0 inf
46.5 0.0 inf
47.5 0.0 inf
48.5 0.0 inf
49.5 0.0 inf
50.5 0.0 inf
51.5 0.0 inf
52.5 0.0 inf
53.5 0.0 inf
54.5 0.0 inf
55.5 0.0 inf
56.5 0.0 inf
57.5 0.0 inf
58.5 0.0 inf
59.5 0.0 inf
60.5 0.0 inf
61.5 0.0 inf
62.5 0.0 inf
63.5 0.0 inf
64.5 0.0 inf
65.5 0.0 inf
66.5 0.0 inf
67.5 0.0 inf
68.5 0.0 inf
69.5 0.0 inf
70.5 0.0 inf
71.5 0.0 inf
72.5 0.0 inf
73.5 0.0 inf
74.5 0.0 inf
75.5 0.0 inf
76.5 0.0 inf
77.5 0.0 inf
78.5 0.0 inf
79.5 0.0 inf
80.5 0.0 inf
81.5 0.0 inf
82.5 0.0 inf
83.5 0.0 inf
84.5 0.0 inf
85.5 0.0 inf
86.5 0.0 inf
87.5 0.0 inf
88.5 0.0 inf
89.5 0.0 inf
90.5 0.0 inf
91.5 0.0 inf
92.5 0.0 inf
93.5 0.0 inf
94.5 0.0 inf
95.5 0.0 inf
96.5 0.0 inf
97.5 0.0 inf
