0.5 58987.0 0.004117388483548513
1.5 11280.0 0.009415544714433868
2.5 7131.0 0.011841992502339556
3.5 4077.0 0.015661366191164653
4.5 2504.0 0.019984019174435787
5.5 1645.0 0.024655683636076897
6.5 1044.0 0.030949223029508647
7.5 746.0 0.03661260129691062
8.5 568.0 0.041959067914834454
9.5 384.0 0.051031036307982884
10.5 263.0 0.061662641597820735
11.5 220.0 0.06741998624632421
12.5 158.0 0.079555728417573
13.5 137.0 0.0854357657716761
14.5 99.0 0.10050378152592121
15.5 66.0 0.12309149097933272
16.5 43.0 0.15249857033260467
17.5 50.0 0.1414213562373095
18.5 28.0 0.1889822365046136
19.5 22.0 0.21320071635561041
20.5 20.0 0.22360679774997896
21.5 7.0 0.3779644730092272
22.5 5.0 0.4472135954999579
23.5 4.0 0.5
24.5 4.0 0.5
25.5 1.0 1.0
26.5 2.0 0.7071067811865475
27.5 3.0 0.5773502691896258
28.5 0.0 inf
29.5 2.0 0.7071067811865475
30.5 0.0 inf
31.5 0.0 inf
32.5 0.0 inf
33.5 0.0 inf
34.5 0.0 inf
35.5 0.0 inf
36.5 0.0 inf
37.5 0.0 inf
38.5 0.0 inf
39.5 0.0 inf
40.5 0.0 inf
41.5 0.0 inf
42.5 0.0 inf
43.5 0.0 inf
44.5 0.0 inf
45.5 0.0 inf
46.5 0.0 inf
47.5 0.0 inf
48.5 0.0 inf
49.5 0.0 inf
50.5 0.0 inf
51.5 0.0 inf
52.5 0.0 inf
53.5 0.0 inf
54.5 0.0 inf
55.5 0.0 inf
56.5 0.0 inf
57.5 0.0 inf
58.5 0.0 inf
59.5 0.0 inf
60.5 0.0 inf
61.5 0.0 inf
62.5 0.0 inf
63.5 0.0 inf
64.5 0.0 inf
65.5 0.0 inf
66.5 0.0 inf
67.5 0.0 inf
68.5 0.0 inf
69.5 0.0 inf
70.5 0.0 inf
71.5 0.0 inf
72.5 0.0 inf
73.5 0.0 inf
74.5 0.0 inf
75.5 0.0 inf
76.5 0.0 inf
77.5 0.0 inf
78.5 0.0 inf
79.5 0.0 inf
80.5 0.0 inf
81.5 0.0 inf
82.5 0.0 inf
83.5 0.0 inf
84.5 0.0 inf
85.5 0.0 inf
86.5 0.0 inf
87.5 0.0 inf
88.5 0.0 inf
89.5 0.0 inf
90.5 0.0 inf
91.5 0.0 inf
92.5 0.0 inf
93.5 0.0 inf
94.5 0.0 inf
95.5 0.0 inf
96.5 0.0 inf
97.5 0.0 inf
