0.5 38.4839 0.0016119830142891764
1.5 20.262999999999998 0.00222150925958368
2.5 20.5733 0.0022046924786140796
3.5 18.900100000000002 0.002300212445931119
4.5 16.6419 0.002451311744534664
5.5 14.9477 0.0025865019699023123
6.5 13.126100000000001 0.0027601465765076257
7.5 11.6568 0.0029289390035941516
8.5 10.4138 0.0030988131029890337
9.5 9.1096 0.0033132205485133714
10.5 8.1366 0.0035057304176346372
11.5 7.1244 0.003746500997058316
12.5 6.405799999999999 0.003951057157872125
13.5 5.5636 0.0042395723470773
14.5 4.9457 0.004496619251140847
15.5 4.2867999999999995 0.004829847173495705
16.5 3.7720000000000002 0.0051488964523054995
17.5 3.2847999999999997 0.0055175405548997525
18.5 2.7904999999999998 0.005986307017484092
19.5 2.364 0.006503936072346048
20.5 2.0703 0.006949976865303013
21.5 1.7637 0.00752987284674628
22.5 1.4887000000000001 0.008195895375998146
23.5 1.2534999999999998 0.008931776164276818
24.5 1.0606 0.009710110867765786
25.5 0.8528 0.01082870204560525
26.5 0.7018 0.01193694844179296
27.5 0.5697 0.013248810558619404
28.5 0.4972 0.01418190069493499
29.5 0.3957 0.01589706591085828
30.5 0.3131 0.017871395507553855
31.5 0.2516 0.0199363055707225
32.5 0.2027 0.02221125640747988
33.5 0.1655 0.02458108230429969
34.5 0.1262 0.028149476494978783
35.5 0.1058 0.030743773095067282
36.5 0.0796 0.03544406025041679
37.5 0.0695 0.03793216209054408
38.5 0.0524 0.0436852028330519
39.5 0.0409 0.049446817643414874
40.5 0.030400000000000003 0.057353933467640436
41.5 0.023 0.0659380473395787
42.5 0.0168 0.07715167498104596
43.5 0.0097 0.10153461651336192
44.5 0.010700000000000001 0.09667364890456635
45.5 0.007 0.11952286093343936
46.5 0.0053 0.13736056394868904
47.5 0.0036 0.16666666666666666
48.5 0.0027 0.19245008972987526
49.5 0.0024000000000000002 0.20412414523193148
50.5 0.001 0.31622776601683794
51.5 0.0018 0.23570226039551587
52.5 0.0007 0.3779644730092272
53.5 0.0007 0.3779644730092272
54.5 0.0004 0.5
55.5 0.0004 0.5
56.5 0.0001 1.0
57.5 0.0002 0.7071067811865475
58.5 0.00030000000000000003 0.5773502691896257
59.5 0.0 inf
60.5 0.0 inf
61.5 0.0001 1.0
62.5 0.0 inf
63.5 0.0001 1.0
64.5 0.0 inf
65.5 0.0 inf
66.5 0.0 inf
67.5 0.0 inf
68.5 0.0 inf
69.5 0.0 inf
70.5 0.0 inf
71.5 0.0 inf
72.5 0.0 inf
73.5 0.0 inf
74.5 0.0 inf
75.5 0.0 inf
76.5 0.0 inf
77.5 0.0 inf
78.5 0.0 inf
79.5 0.0 inf
80.5 0.0 inf
81.5 0.0 inf
82.5 0.0 inf
83.5 0.0 inf
84.5 0.0 inf
85.5 0.0 inf
86.5 0.0 inf
87.5 0.0 inf
88.5 0.0 inf
89.5 0.0 inf
90.5 0.0 inf
91.5 0.0 inf
92.5 0.0 inf
93.5 0.0 inf
94.5 0.0 inf
95.5 0.0 inf
96.5 0.0 inf
97.5 0.0 inf
