0.5 39.047399999999996 0.0016003093376860714
1.5 20.633300000000002 0.0022014846094206815
2.5 20.9482 0.002184875245601123
3.5 19.1874 0.0022829265311433674
4.5 16.985100000000003 0.0024264198262688844
5.5 15.174800000000001 0.002567074732776541
6.5 13.3259 0.002739376495180456
7.5 11.8762 0.0029017583889831148
8.5 10.6419 0.0030654230111592812
9.5 9.2817 0.0032823601880451678
10.5 8.3549 0.0034596277495504905
11.5 7.2716 0.0037083866546511793
12.5 6.5124 0.00391858675476999
13.5 5.6823999999999995 0.00419502061312343
14.5 5.0062 0.004469365806679371
15.5 4.3795 0.0047784575764715275
16.5 3.8264 0.005112164451732719
17.5 3.3264 0.005482930791331409
18.5 2.8654 0.005907549532684391
19.5 2.4264 0.006419760131427879
20.5 2.1175 0.006872081327440495
21.5 1.7949 0.0074641416263251225
22.5 1.4923 0.008186003585028311
23.5 1.2738 0.008860319399006455
24.5 1.0834000000000001 0.00960739362074156
25.5 0.8685 0.010730379666327507
26.5 0.7343 0.011669795239484686
27.5 0.5682 0.013266286902529215
28.5 0.4982 0.014167660405476751
29.5 0.4065 0.015684465563881998
30.5 0.3277 0.0174687479784702
31.5 0.2686 0.019295098316976827
32.5 0.20529999999999998 0.02207016221959901
33.5 0.1719 0.024119153509747387
34.5 0.1297 0.027767067240353285
35.5 0.1079 0.03044312827739915
36.5 0.086 0.034099716973523674
37.5 0.06789999999999999 0.038376477822666816
38.5 0.051699999999999996 0.04397994971335425
39.5 0.037 0.05198752449100364
40.5 0.0318 0.056077215409204434
41.5 0.0227 0.0663723311599972
42.5 0.0157 0.07980868844676221
43.5 0.014700000000000001 0.08247860988423225
44.5 0.0108 0.09622504486493763
45.5 0.0068000000000000005 0.12126781251816648
46.5 0.0042 0.1543033499620919
47.5 0.0052 0.1386750490563073
48.5 0.0036 0.16666666666666666
49.5 0.0028 0.1889822365046136
50.5 0.0008 0.35355339059327373
51.5 0.0014 0.2672612419124244
52.5 0.0007 0.3779644730092272
53.5 0.0007 0.3779644730092272
54.5 0.0004 0.5
55.5 0.0005 0.4472135954999579
56.5 0.0 inf
57.5 0.00030000000000000003 0.5773502691896257
58.5 0.0 inf
59.5 0.0 inf
60.5 0.0002 0.7071067811865475
61.5 0.0 inf
62.5 0.0 inf
63.5 0.0 inf
64.5 0.0 inf
65.5 0.0 inf
66.5 0.0 inf
67.5 0.0 inf
68.5 0.0 inf
69.5 0.0 inf
70.5 0.0 inf
71.5 0.0 inf
72.5 0.0 inf
73.5 0.0 inf
74.5 0.0 inf
75.5 0.0 inf
76.5 0.0 inf
77.5 0.0 inf
78.5 0.0 inf
79.5 0.0 inf
80.5 0.0 inf
81.5 0.0 inf
82.5 0.0 inf
83.5 0.0 inf
84.5 0.0 inf
85.5 0.0 inf
86.5 0.0 inf
87.5 0.0 inf
88.5 0.0 inf
89.5 0.0 inf
90.5 0.0 inf
91.5 0.0 inf
92.5 0.0 inf
93.5 0.0 inf
94.5 0.0 inf
95.5 0.0 inf
96.5 0.0 inf
97.5 0.0 inf
