0.5 586.0 0.04130961923860138
1.5 353.0 0.05322462954123495
2.5 263.0 0.061662641597820735
3.5 222.0 0.06711560552140243
4.5 179.0 0.07474350927519359
5.5 162.0 0.07856742013183861
6.5 116.0 0.09284766908852593
7.5 106.0 0.09712858623572641
8.5 109.0 0.09578262852211514
9.5 67.0 0.12216944435630522
10.5 59.0 0.13018891098082389
11.5 47.0 0.14586499149789456
12.5 41.0 0.15617376188860607
13.5 22.0 0.21320071635561041
14.5 15.0 0.2581988897471611
15.5 21.0 0.2182178902359924
16.5 11.0 0.30151134457776363
17.5 8.0 0.35355339059327373
18.5 7.0 0.3779644730092272
19.5 2.0 0.7071067811865475
20.5 1.0 1.0
21.5 0.0 inf
22.5 1.0 1.0
23.5 0.0 inf
24.5 0.0 inf
25.5 0.0 inf
26.5 0.0 inf
27.5 0.0 inf
28.5 0.0 inf
29.5 0.0 inf
30.5 0.0 inf
31.5 0.0 inf
32.5 0.0 inf
33.5 0.0 inf
34.5 0.0 inf
35.5 0.0 inf
36.5 0.0 inf
37.5 0.0 inf
38.5 0.0 inf
39.5 0.0 inf
40.5 0.0 inf
41.5 0.0 inf
42.5 0.0 inf
43.5 0.0 inf
44.5 0.0 inf
45.5 0.0 inf
46.5 0.0 inf
47.5 0.0 inf
48.5 0.0 inf
49.5 0.0 inf
50.5 0.0 inf
51.5 0.0 inf
52.5 0.0 inf
53.5 0.0 inf
54.5 0.0 inf
55.5 0.0 inf
56.5 0.0 inf
57.5 0.0 inf
58.5 0.0 inf
59.5 0.0 inf
60.5 0.0 inf
61.5 0.0 inf
62.5 0.0 inf
63.5 0.0 inf
64.5 0.0 inf
65.5 0.0 inf
66.5 0.0 inf
67.5 0.0 inf
68.5 0.0 inf
69.5 0.0 inf
70.5 0.0 inf
71.5 0.0 inf
72.5 0.0 inf
73.5 0.0 inf
74.5 0.0 inf
75.5 0.0 inf
76.5 0.0 inf
77.5 0.0 inf
78.5 0.0 inf
79.5 0.0 inf
80.5 0.0 inf
81.5 0.0 inf
82.5 0.0 inf
83.5 0.0 inf
84.5 0.0 inf
85.5 0.0 inf
86.5 0.0 inf
87.5 0.0 inf
88.5 0.0 inf
89.5 0.0 inf
90.5 0.0 inf
91.5 0.0 inf
92.5 0.0 inf
93.5 0.0 inf
94.5 0.0 inf
95.5 0.0 inf
96.5 0.0 inf
97.5 0.0 inf
