0.5 55.6463 0.001340546408954413
1.5 30.0614 0.0018238763788719526
2.5 30.5312 0.0018097894946327697
3.5 28.0019 0.0018897582493360497
4.5 24.648400000000002 0.0020142141073695896
5.5 22.112099999999998 0.0021265960610216657
6.5 19.4122 0.0022696694991299737
7.5 17.189 0.0024119855086416377
8.5 15.347000000000001 0.002552632259531545
9.5 13.3213 0.002739849423657264
10.5 12.0131 0.0028851769497581434
11.5 10.445599999999999 0.003094092580942095
12.5 9.3201 0.0032755913375343286
13.5 8.1816 0.0034960761085593853
14.5 7.157 0.0037379586376980233
15.5 6.1729 0.004024902637525016
16.5 5.4248 0.00429346705039013
17.5 4.7325 0.004596790262611113
18.5 4.0036000000000005 0.0049977515176118335
19.5 3.4191000000000003 0.005408092342277784
20.5 2.9584 0.005813953488372093
21.5 2.5238 0.0062946636947020535
22.5 2.1261 0.0068581685799568035
23.5 1.7825 0.007490058862731383
24.5 1.4812 0.008216618978461461
25.5 1.2137 0.009077041562629454
26.5 1.0116 0.009942499771198226
27.5 0.8123 0.011095369592500709
28.5 0.7055 0.011905605585844766
29.5 0.5687 0.013260453772535869
30.5 0.4466 0.014963756781552729
31.5 0.353 0.016831105696898524
32.5 0.28600000000000003 0.018698939800169144
33.5 0.2227 0.021190435947906452
34.5 0.178 0.02370227315699886
35.5 0.1424 0.026499947000159
36.5 0.1104 0.0300964632714423
37.5 0.0858 0.03413943709994594
38.5 0.06720000000000001 0.03857583749052298
39.5 0.0516 0.04402254531628119
40.5 0.045200000000000004 0.047036043419179864
41.5 0.0284 0.05933908290969266
42.5 0.0227 0.0663723311599972
43.5 0.019799999999999998 0.07106690545187015
44.5 0.0128 0.08838834764831843
45.5 0.0109 0.09578262852211514
46.5 0.008400000000000001 0.10910894511799617
47.5 0.0047 0.14586499149789456
48.5 0.0039 0.16012815380508713
49.5 0.0025 0.2
50.5 0.0025 0.2
51.5 0.0019 0.22941573387056174
52.5 0.001 0.31622776601683794
53.5 0.0007 0.3779644730092272
54.5 0.0011 0.30151134457776363
55.5 0.00030000000000000003 0.5773502691896257
56.5 0.0005 0.4472135954999579
57.5 0.0 inf
58.5 0.0 inf
59.5 0.0 inf
60.5 0.0 inf
61.5 0.0001 1.0
62.5 0.0 inf
63.5 0.0 inf
64.5 0.0 inf
65.5 0.0 inf
66.5 0.0 inf
67.5 0.0 inf
68.5 0.0 inf
69.5 0.0 inf
70.5 0.0 inf
71.5 0.0 inf
72.5 0.0 inf
73.5 0.0001 1.0
74.5 0.0 inf
75.5 0.0 inf
76.5 0.0 inf
77.5 0.0 inf
78.5 0.0 inf
79.5 0.0 inf
80.5 0.0 inf
81.5 0.0 inf
82.5 0.0 inf
83.5 0.0 inf
84.5 0.0 inf
85.5 0.0 inf
86.5 0.0 inf
87.5 0.0 inf
88.5 0.0 inf
89.5 0.0 inf
90.5 0.0 inf
91.5 0.0 inf
92.5 0.0 inf
93.5 0.0 inf
94.5 0.0 inf
95.5 0.0 inf
96.5 0.0 inf
97.5 0.0 inf
