0.5 38.5963 0.001609634097473569
1.5 20.412300000000002 0.002213370048429977
2.5 20.6458 0.0022008180640662517
3.5 18.919 0.002299063207645702
4.5 16.677500000000002 0.002448694046497708
5.5 14.9891 0.0025829275316909977
6.5 13.2048 0.00275190911118261
7.5 11.7218 0.0029208069037507316
8.5 10.481300000000001 0.0030888187445183377
9.5 9.1608 0.0033039487281884307
10.5 8.2202 0.0034878581009701154
11.5 7.1766000000000005 0.003732850781574421
12.5 6.3909 0.0039556603028272465
13.5 5.611000000000001 0.004221627066876466
14.5 4.9839 0.004479353529013085
15.5 4.2776 0.004835038253523476
16.5 3.7748999999999997 0.005146918298104544
17.5 3.2973999999999997 0.005506988672890407
18.5 2.8089 0.0059666678301670065
19.5 2.4125 0.0064382277997965046
20.5 2.0633 0.006961756210346828
21.5 1.7795999999999998 0.007496159202361112
22.5 1.4804 0.008218838786411851
23.5 1.2681 0.008880210257451365
24.5 1.0459999999999998 0.009777642581679234
25.5 0.8542 0.010819824499542021
26.5 0.715 0.011826247919781652
27.5 0.5682 0.013266286902529215
28.5 0.4898 0.014288630630398279
29.5 0.3974 0.015863027189204314
30.5 0.3201 0.01767490804100673
31.5 0.2581 0.019683666479473904
32.5 0.20090000000000002 0.022310537412658007
33.5 0.1661 0.024536645240595824
34.5 0.1321 0.027513674254937545
35.5 0.1015 0.03138824102871722
36.5 0.08 0.035355339059327376
37.5 0.0669 0.038662233651352955
38.5 0.051500000000000004 0.044065264923923174
39.5 0.038099999999999995 0.051231551957856
40.5 0.0299 0.05783149319662402
41.5 0.0214 0.06835859270246633
42.5 0.018099999999999998 0.07432941462471664
43.5 0.0125 0.08944271909999159
44.5 0.009899999999999999 0.10050378152592121
45.5 0.0079 0.11250879009260237
46.5 0.0060999999999999995 0.12803687993289598
47.5 0.0046 0.14744195615489714
48.5 0.0043 0.15249857033260467
49.5 0.0016 0.25
50.5 0.0018999999999999998 0.2294157338705618
51.5 0.0014 0.2672612419124244
52.5 0.00030000000000000003 0.5773502691896257
53.5 0.00030000000000000003 0.5773502691896257
54.5 0.0006000000000000001 0.40824829046386296
55.5 0.0002 0.7071067811865475
56.5 0.0003 0.5773502691896258
57.5 0.0002 0.7071067811865475
58.5 0.0001 1.0
59.5 0.0 inf
60.5 0.0 inf
61.5 0.0001 1.0
62.5 0.0 inf
63.5 0.0 inf
64.5 0.0 inf
65.5 0.0 inf
66.5 0.0 inf
67.5 0.0 inf
68.5 0.0 inf
69.5 0.0 inf
70.5 0.0 inf
71.5 0.0 inf
72.5 0.0 inf
73.5 0.0 inf
74.5 0.0 inf
75.5 0.0 inf
76.5 0.0 inf
77.5 0.0 inf
78.5 0.0 inf
79.5 0.0 inf
80.5 0.0 inf
81.5 0.0 inf
82.5 0.0 inf
83.5 0.0 inf
84.5 0.0 inf
85.5 0.0 inf
86.5 0.0 inf
87.5 0.0 inf
88.5 0.0 inf
89.5 0.0 inf
90.5 0.0 inf
91.5 0.0 inf
92.5 0.0 inf
93.5 0.0 inf
94.5 0.0 inf
95.5 0.0 inf
96.5 0.0 inf
97.5 0.0 inf
