0.5 63.2201 0.001257686533426686
1.5 34.3237 0.0017068798490935191
2.5 34.9784 0.0016908303319101978
3.5 32.0394 0.0017666796753659036
4.5 28.2558 0.0018812486273503792
5.5 25.3629 0.001985640147955376
6.5 22.124000000000002 0.0021260240600953083
7.5 19.673000000000002 0.0022545750884279806
8.5 17.5676 0.0023858535544855545
9.5 15.3743 0.0025503649100015627
10.5 13.7154 0.0027001989309831382
11.5 11.9912 0.0028878104039591584
12.5 10.7577 0.0030488796777630263
13.5 9.322 0.0032752575067739394
14.5 8.2089 0.003490257889151275
15.5 7.0984 0.0037533560623919404
16.5 6.2587 0.003997218903128566
17.5 5.468999999999999 0.004276082132695607
18.5 4.6523 0.004636242501742246
19.5 3.9743 0.005016140317934012
20.5 3.3726000000000003 0.005445246971646138
21.5 2.8866 0.005885816204909636
22.5 2.4049 0.006448392865806961
23.5 2.0168 0.007041555127360861
24.5 1.7107 0.007645626394844613
25.5 1.3798 0.008513182227203297
26.5 1.1486999999999998 0.009330323234587249
27.5 0.9319 0.01035894063287935
28.5 0.8005 0.011176847668176679
29.5 0.6365000000000001 0.012534320519584096
30.5 0.5138 0.01395092326777534
31.5 0.41100000000000003 0.015598365376958256
32.5 0.32689999999999997 0.01749010995279634
33.5 0.2552 0.019795189561622396
34.5 0.2013 0.02228835993459966
35.5 0.1607 0.024945491291633412
36.5 0.1286 0.027885569326658022
37.5 0.1021 0.03129587719622029
38.5 0.081 0.03513641844631533
39.5 0.057499999999999996 0.04170288281141495
40.5 0.0478 0.045738935374634825
41.5 0.0369 0.052057920629535355
42.5 0.0286 0.05913123959890826
43.5 0.0201 0.07053456158585983
44.5 0.016300000000000002 0.07832604499879572
45.5 0.009999999999999998 0.1
46.5 0.0108 0.09622504486493763
47.5 0.006699999999999999 0.12216944435630522
48.5 0.005 0.1414213562373095
49.5 0.0033 0.17407765595569785
50.5 0.0015 0.2581988897471611
51.5 0.0015999999999999999 0.25000000000000006
52.5 0.0014 0.2672612419124244
53.5 0.0012000000000000001 0.28867513459481287
54.5 0.0009 0.3333333333333333
55.5 0.00039999999999999996 0.5000000000000001
56.5 0.0005 0.4472135954999579
57.5 0.00039999999999999996 0.5000000000000001
58.5 0.0002 0.7071067811865475
59.5 0.0 inf
60.5 0.0 inf
61.5 0.00030000000000000003 0.5773502691896257
62.5 0.0 inf
63.5 0.0001 1.0
64.5 0.0001 1.0
65.5 0.0 inf
66.5 0.0 inf
67.5 0.0 inf
68.5 0.0 inf
69.5 0.0 inf
70.5 0.0 inf
71.5 0.0 inf
72.5 0.0 inf
73.5 0.0 inf
74.5 0.0 inf
75.5 0.0 inf
76.5 0.0 inf
77.5 0.0 inf
78.5 0.0 inf
79.5 0.0 inf
80.5 0.0 inf
81.5 0.0 inf
82.5 0.0 inf
83.5 0.0 inf
84.5 0.0 inf
85.5 0.0 inf
86.5 0.0 inf
87.5 0.0 inf
88.5 0.0 inf
89.5 0.0 inf
90.5 0.0 inf
91.5 0.0 inf
92.5 0.0 inf
93.5 0.0 inf
94.5 0.0 inf
95.5 0.0 inf
96.5 0.0 inf
97.5 0.0 inf
