0.5 38.9324 0.0016026711221042778
1.5 20.5631 0.0022052392122117914
2.5 20.8834 0.002188262391788493
3.5 19.1464 0.002285369547395151
4.5 16.901600000000002 0.0024324061362920183
5.5 15.168199999999999 0.0025676331659000313
6.5 13.275400000000001 0.0027445818826539905
7.5 11.8941 0.0028995740693547145
8.5 10.5563 0.0030778265242863197
9.5 9.2025 0.003296454509560992
10.5 8.305399999999999 0.00346992208620324
11.5 7.2933 0.0037028657013534277
12.5 6.4796 0.003928492258224183
13.5 5.6667000000000005 0.004200827896726032
14.5 5.0111 0.0044671801340066585
15.5 4.3598 0.004789241272348786
16.5 3.8307 0.005109294417607308
17.5 3.3291 0.005480706929633224
18.5 2.8571 0.005916124154197165
19.5 2.4349 0.006408544954769959
20.5 2.0776 0.006937756159694744
21.5 1.781 0.0074932123505685524
22.5 1.4741 0.008236382874126003
23.5 1.2567 0.008920397194880208
24.5 1.0528 0.009746014694818131
25.5 0.8652 0.010750823813438266
26.5 0.7321 0.011687316268614795
27.5 0.5944 0.012970615926915468
28.5 0.5129 0.013963157940958374
29.5 0.40149999999999997 0.01578182506843426
30.5 0.3163 0.01778076344058029
31.5 0.27090000000000003 0.0192130139234745
32.5 0.2044 0.02211869776019044
33.5 0.1634 0.02473853479976467
34.5 0.12769999999999998 0.027983662310423867
35.5 0.1028 0.031189143077590267
36.5 0.0861 0.03407990882954985
37.5 0.0641 0.03949762527666821
38.5 0.055400000000000005 0.042485928866208736
39.5 0.0379 0.051366549693751415
40.5 0.0293 0.0584206237836986
41.5 0.0233 0.06551217820804184
42.5 0.0178 0.07495316889958614
43.5 0.0129 0.08804509063256238
44.5 0.009899999999999999 0.10050378152592121
45.5 0.0071 0.11867816581938533
46.5 0.0060999999999999995 0.12803687993289598
47.5 0.004399999999999999 0.15075567228888184
48.5 0.0026 0.19611613513818404
49.5 0.0031 0.1796053020267749
50.5 0.0018 0.23570226039551587
51.5 0.0013 0.2773500981126146
52.5 0.0007999999999999999 0.3535533905932738
53.5 0.0007 0.3779644730092272
54.5 0.0003 0.5773502691896258
55.5 0.0001 1.0
56.5 0.0002 0.7071067811865475
57.5 0.0001 1.0
58.5 0.0 inf
59.5 0.0001 1.0
60.5 0.0 inf
61.5 0.0 inf
62.5 0.0 inf
63.5 0.0 inf
64.5 0.0 inf
65.5 0.0 inf
66.5 0.0 inf
67.5 0.0 inf
68.5 0.0 inf
69.5 0.0 inf
70.5 0.0 inf
71.5 0.0 inf
72.5 0.0 inf
73.5 0.0 inf
74.5 0.0 inf
75.5 0.0 inf
76.5 0.0 inf
77.5 0.0 inf
78.5 0.0 inf
79.5 0.0 inf
80.5 0.0 inf
81.5 0.0 inf
82.5 0.0 inf
83.5 0.0 inf
84.5 0.0 inf
85.5 0.0 inf
86.5 0.0 inf
87.5 0.0 inf
88.5 0.0 inf
89.5 0.0 inf
90.5 0.0 inf
91.5 0.0 inf
92.5 0.0 inf
93.5 0.0 inf
94.5 0.0 inf
95.5 0.0 inf
96.5 0.0 inf
97.5 0.0 inf
