0.5 11566.0 0.009298403879997124
1.5 4594.0 0.014753820812216406
2.5 3806.0 0.016209350304978644
3.5 2942.0 0.018436507984120484
4.5 1983.0 0.022456322822201027
5.5 1550.0 0.0254000254000381
6.5 1102.0 0.0301237616564389
7.5 856.0 0.034179296351233165
8.5 676.0 0.038461538461538464
9.5 525.0 0.04364357804719848
10.5 416.0 0.04902903378454601
11.5 343.0 0.05399492471560388
12.5 258.0 0.062257280636469035
13.5 186.0 0.07332355751067665
14.5 155.0 0.08032193289024989
15.5 136.0 0.08574929257125441
16.5 95.0 0.10259783520851541
17.5 66.0 0.12309149097933272
18.5 60.0 0.12909944487358055
19.5 45.0 0.14907119849998599
20.5 30.0 0.18257418583505536
21.5 26.0 0.19611613513818404
22.5 23.0 0.20851441405707477
23.5 12.0 0.2886751345948129
24.5 12.0 0.2886751345948129
25.5 5.0 0.4472135954999579
26.5 7.0 0.3779644730092272
27.5 6.0 0.4082482904638631
28.5 0.0 inf
29.5 3.0 0.5773502691896258
30.5 1.0 1.0
31.5 1.0 1.0
32.5 0.0 inf
33.5 0.0 inf
34.5 0.0 inf
35.5 0.0 inf
36.5 0.0 inf
37.5 0.0 inf
38.5 0.0 inf
39.5 0.0 inf
40.5 0.0 inf
41.5 0.0 inf
42.5 0.0 inf
43.5 0.0 inf
44.5 0.0 inf
45.5 0.0 inf
46.5 0.0 inf
47.5 0.0 inf
48.5 0.0 inf
49.5 0.0 inf
50.5 0.0 inf
51.5 0.0 inf
52.5 0.0 inf
53.5 0.0 inf
54.5 0.0 inf
55.5 0.0 inf
56.5 0.0 inf
57.5 0.0 inf
58.5 0.0 inf
59.5 0.0 inf
60.5 0.0 inf
61.5 0.0 inf
62.5 0.0 inf
63.5 0.0 inf
64.5 0.0 inf
65.5 0.0 inf
66.5 0.0 inf
67.5 0.0 inf
68.5 0.0 inf
69.5 0.0 inf
70.5 0.0 inf
71.5 0.0 inf
72.5 0.0 inf
73.5 0.0 inf
74.5 0.0 inf
75.5 0.0 inf
76.5 0.0 inf
77.5 0.0 inf
78.5 0.0 inf
79.5 0.0 inf
80.5 0.0 inf
81.5 0.0 inf
82.5 0.0 inf
83.5 0.0 inf
84.5 0.0 inf
85.5 0.0 inf
86.5 0.0 inf
87.5 0.0 inf
88.5 0.0 inf
89.5 0.0 inf
90.5 0.0 inf
91.5 0.0 inf
92.5 0.0 inf
93.5 0.0 inf
94.5 0.0 inf
95.5 0.0 inf
96.5 0.0 inf
97.5 0.0 inf
