0.5 105206.0 0.0030830441616342937
1.5 24215.0 0.006426252166776961
2.5 15750.0 0.007968190728895957
3.5 9486.0 0.010267351727228289
4.5 6019.0 0.012889552160934584
5.5 3814.0 0.016192341538169387
6.5 2728.0 0.01914598952668709
7.5 1879.0 0.02306941649993959
8.5 1379.0 0.026928853702142336
9.5 1039.0 0.03102360242788488
10.5 755.0 0.03639372626234195
11.5 565.0 0.04207031619116713
12.5 394.0 0.05037927218598784
13.5 313.0 0.05652334189442215
14.5 241.0 0.06441566264008308
15.5 190.0 0.07254762501100116
16.5 143.0 0.08362420100070908
17.5 110.0 0.09534625892455924
18.5 93.0 0.10369516947304253
19.5 76.0 0.11470786693528087
20.5 47.0 0.14586499149789456
21.5 49.0 0.14285714285714285
22.5 29.0 0.18569533817705186
23.5 21.0 0.2182178902359924
24.5 11.0 0.30151134457776363
25.5 7.0 0.3779644730092272
26.5 10.0 0.31622776601683794
27.5 6.0 0.4082482904638631
28.5 1.0 1.0
29.5 4.0 0.5
30.5 1.0 1.0
31.5 1.0 1.0
32.5 0.0 inf
33.5 1.0 1.0
34.5 0.0 inf
35.5 0.0 inf
36.5 0.0 inf
37.5 0.0 inf
38.5 0.0 inf
39.5 0.0 inf
40.5 0.0 inf
41.5 0.0 inf
42.5 0.0 inf
43.5 0.0 inf
44.5 0.0 inf
45.5 0.0 inf
46.5 0.0 inf
47.5 0.0 inf
48.5 0.0 inf
49.5 0.0 inf
50.5 0.0 inf
51.5 0.0 inf
52.5 0.0 inf
53.5 0.0 inf
54.5 0.0 inf
55.5 0.0 inf
56.5 0.0 inf
57.5 0.0 inf
58.5 0.0 inf
59.5 0.0 inf
60.5 0.0 inf
61.5 0.0 inf
62.5 0.0 inf
63.5 0.0 inf
64.5 0.0 inf
65.5 0.0 inf
66.5 0.0 inf
67.5 0.0 inf
68.5 0.0 inf
69.5 0.0 inf
70.5 0.0 inf
71.5 0.0 inf
72.5 0.0 inf
73.5 0.0 inf
74.5 0.0 inf
75.5 0.0 inf
76.5 0.0 inf
77.5 0.0 inf
78.5 0.0 inf
79.5 0.0 inf
80.5 0.0 inf
81.5 0.0 inf
82.5 0.0 inf
83.5 0.0 inf
84.5 0.0 inf
85.5 0.0 inf
86.5 0.0 inf
87.5 0.0 inf
88.5 0.0 inf
89.5 0.0 inf
90.5 0.0 inf
91.5 0.0 inf
92.5 0.0 inf
93.5 0.0 inf
94.5 0.0 inf
95.5 0.0 inf
96.5 0.0 inf
97.5 0.0 inf
