0.5 38.739999999999995 0.001606645980340262
1.5 20.4365 0.0022120591727549325
2.5 20.75 0.002195285199793807
3.5 19.0465 0.002291355157024281
4.5 16.8271 0.002437784785130993
5.5 15.0226 0.0025800459943739022
6.5 13.158999999999999 0.0027566939717025346
7.5 11.691400000000002 0.0029246017822583672
8.5 10.4993 0.003086169873285544
9.5 9.1739 0.0033015889253472327
10.5 8.2715 0.003477025397616224
11.5 7.2608 0.0037111436300351014
12.5 6.4422 0.003939879127938432
13.5 5.62 0.004218245406095978
14.5 4.985099999999999 0.004478814367536769
15.5 4.3415 0.004799324302703921
16.5 3.7928 0.005134758574975675
17.5 3.2994000000000003 0.005505319331958757
18.5 2.8385 0.0059354759652401915
19.5 2.4153000000000002 0.006434494875222055
20.5 2.0866 0.0069227778983003505
21.5 1.7664 0.007524115817860575
22.5 1.4756 0.008232195521312125
23.5 1.2471999999999999 0.008954306355557226
24.5 1.0357 0.009826141455536825
25.5 0.8531 0.010826797874778605
26.5 0.7314 0.011692907713002625
27.5 0.5821000000000001 0.013106936650206132
28.5 0.49470000000000003 0.014217690134308215
29.5 0.40359999999999996 0.015740713750513967
30.5 0.3244 0.01755737468051559
31.5 0.2649 0.01942938351447002
32.5 0.2007 0.022321651006080835
33.5 0.1577 0.025181648258293953
34.5 0.1286 0.027885569326658022
35.5 0.1071 0.030556616567607043
36.5 0.0765 0.036155076303109365
37.5 0.0648 0.039283710065919304
38.5 0.0479 0.04569116623849538
39.5 0.0403 0.04981354813867179
40.5 0.0332 0.05488212999484517
41.5 0.0221 0.06726727939963124
42.5 0.0169 0.07692307692307693
43.5 0.0115 0.09325048082403138
44.5 0.009899999999999999 0.10050378152592121
45.5 0.0078 0.11322770341445956
46.5 0.006200000000000001 0.1270001270001905
47.5 0.0031 0.1796053020267749
48.5 0.0033 0.17407765595569785
49.5 0.0029 0.18569533817705186
50.5 0.002 0.22360679774997896
51.5 0.0013 0.2773500981126146
52.5 0.001 0.31622776601683794
53.5 0.001 0.31622776601683794
54.5 0.0005 0.4472135954999579
55.5 0.0002 0.7071067811865475
56.5 0.0001 1.0
57.5 0.0002 0.7071067811865475
58.5 0.0002 0.7071067811865475
59.5 0.0 inf
60.5 0.0001 1.0
61.5 0.0 inf
62.5 0.0001 1.0
63.5 0.0 inf
64.5 0.0 inf
65.5 0.0 inf
66.5 0.0 inf
67.5 0.0001 1.0
68.5 0.0 inf
69.5 0.0 inf
70.5 0.0 inf
71.5 0.0 inf
72.5 0.0 inf
73.5 0.0 inf
74.5 0.0 inf
75.5 0.0 inf
76.5 0.0 inf
77.5 0.0 inf
78.5 0.0 inf
79.5 0.0 inf
80.5 0.0 inf
81.5 0.0 inf
82.5 0.0 inf
83.5 0.0 inf
84.5 0.0 inf
85.5 0.0 inf
86.5 0.0 inf
87.5 0.0 inf
88.5 0.0 inf
89.5 0.0 inf
90.5 0.0 inf
91.5 0.0 inf
92.5 0.0 inf
93.5 0.0 inf
94.5 0.0 inf
95.5 0.0 inf
96.5 0.0 inf
97.5 0.0 inf
