0.5 1036.0 0.031068488300060003
1.5 577.0 0.04163054471218133
2.5 526.0 0.04360207201969474
3.5 459.0 0.04667600280093366
4.5 365.0 0.052342392259021375
5.5 307.0 0.05707301455353496
6.5 214.0 0.06835859270246633
7.5 225.0 0.06666666666666667
8.5 188.0 0.07293249574894728
9.5 139.0 0.08481889296799709
10.5 123.0 0.09016696346674323
11.5 109.0 0.09578262852211514
12.5 76.0 0.11470786693528087
13.5 69.0 0.1203858530857692
14.5 64.0 0.125
15.5 40.0 0.15811388300841897
16.5 25.0 0.2
17.5 20.0 0.22360679774997896
18.5 18.0 0.23570226039551587
19.5 13.0 0.2773500981126146
20.5 12.0 0.2886751345948129
21.5 6.0 0.4082482904638631
22.5 9.0 0.3333333333333333
23.5 7.0 0.3779644730092272
24.5 1.0 1.0
25.5 4.0 0.5
26.5 4.0 0.5
27.5 0.0 inf
28.5 0.0 inf
29.5 0.0 inf
30.5 1.0 1.0
31.5 0.0 inf
32.5 0.0 inf
33.5 0.0 inf
34.5 0.0 inf
35.5 0.0 inf
36.5 0.0 inf
37.5 0.0 inf
38.5 0.0 inf
39.5 0.0 inf
40.5 0.0 inf
41.5 0.0 inf
42.5 0.0 inf
43.5 0.0 inf
44.5 0.0 inf
45.5 0.0 inf
46.5 0.0 inf
47.5 0.0 inf
48.5 0.0 inf
49.5 0.0 inf
50.5 0.0 inf
51.5 0.0 inf
52.5 0.0 inf
53.5 0.0 inf
54.5 0.0 inf
55.5 0.0 inf
56.5 0.0 inf
57.5 0.0 inf
58.5 0.0 inf
59.5 0.0 inf
60.5 0.0 inf
61.5 0.0 inf
62.5 0.0 inf
63.5 0.0 inf
64.5 0.0 inf
65.5 0.0 inf
66.5 0.0 inf
67.5 0.0 inf
68.5 0.0 inf
69.5 0.0 inf
70.5 0.0 inf
71.5 0.0 inf
72.5 0.0 inf
73.5 0.0 inf
74.5 0.0 inf
75.5 0.0 inf
76.5 0.0 inf
77.5 0.0 inf
78.5 0.0 inf
79.5 0.0 inf
80.5 0.0 inf
81.5 0.0 inf
82.5 0.0 inf
83.5 0.0 inf
84.5 0.0 inf
85.5 0.0 inf
86.5 0.0 inf
87.5 0.0 inf
88.5 0.0 inf
89.5 0.0 inf
90.5 0.0 inf
91.5 0.0 inf
92.5 0.0 inf
93.5 0.0 inf
94.5 0.0 inf
95.5 0.0 inf
96.5 0.0 inf
97.5 0.0 inf
