0.5 39.2099 0.0015969897645333388
1.5 20.7632 0.0021945872733738912
2.5 21.0548 0.0021793372387924636
3.5 19.265500000000003 0.0022782944783174414
4.5 17.0719 0.0024202435473247488
5.5 15.285499999999999 0.0025577622616495287
6.5 13.4459 0.002727125105900853
7.5 11.8672 0.0029028585168929637
8.5 10.714500000000001 0.00305501991325751
9.5 9.283100000000001 0.003282112669568973
10.5 8.3671 0.003457104602022734
11.5 7.3517 0.0036881290741480575
12.5 6.515700000000001 0.00391759430775465
13.5 5.7649 0.0041648955165246885
14.5 5.0796 0.0044369572338750175
15.5 4.384 0.004776004499380438
16.5 3.8594999999999997 0.005090195672155102
17.5 3.3507 0.005463012914351079
18.5 2.8781 0.005894501197393621
19.5 2.4212 0.006426650278443724
20.5 2.1 0.0069006555934235415
21.5 1.7705 0.0075153988579683435
22.5 1.5194999999999999 0.008112405443494022
23.5 1.2764 0.008851290656533124
24.5 1.0745 0.009647100216020523
25.5 0.8912 0.010592839965175894
26.5 0.7388 0.011634200837544286
27.5 0.5912 0.013005671709567717
28.5 0.513 0.013961796943056517
29.5 0.41369999999999996 0.01554738093389993
30.5 0.3338 0.017308396435775062
31.5 0.25870000000000004 0.01966082717592504
32.5 0.2138 0.02162699349241701
33.5 0.1661 0.024536645240595824
34.5 0.12840000000000001 0.027907278609297374
35.5 0.1084 0.03037283696153935
36.5 0.08449999999999999 0.034401045807689073
37.5 0.0667 0.038720154633118314
38.5 0.0501 0.04467670516087703
39.5 0.0385 0.050964719143762556
40.5 0.0288 0.05892556509887897
41.5 0.0235 0.06523280730534423
42.5 0.0178 0.07495316889958614
43.5 0.0138 0.08512565307587486
44.5 0.0097 0.10153461651336192
45.5 0.0067 0.12216944435630522
46.5 0.0073 0.11704114719613057
47.5 0.0047 0.14586499149789456
48.5 0.0036 0.16666666666666666
49.5 0.0023 0.20851441405707477
50.5 0.0013 0.2773500981126146
51.5 0.0012000000000000001 0.28867513459481287
52.5 0.001 0.31622776601683794
53.5 0.00030000000000000003 0.5773502691896257
54.5 0.0002 0.7071067811865475
55.5 0.0003 0.5773502691896258
56.5 0.0003 0.5773502691896258
57.5 0.0002 0.7071067811865475
58.5 0.0001 1.0
59.5 0.0 inf
60.5 0.0 inf
61.5 0.0001 1.0
62.5 0.0 inf
63.5 0.0 inf
64.5 0.0001 1.0
65.5 0.0 inf
66.5 0.0 inf
67.5 0.0 inf
68.5 0.0 inf
69.5 0.0 inf
70.5 0.0 inf
71.5 0.0 inf
72.5 0.0 inf
73.5 0.0 inf
74.5 0.0 inf
75.5 0.0 inf
76.5 0.0 inf
77.5 0.0 inf
78.5 0.0 inf
79.5 0.0 inf
80.5 0.0 inf
81.5 0.0 inf
82.5 0.0 inf
83.5 0.0 inf
84.5 0.0 inf
85.5 0.0 inf
86.5 0.0 inf
87.5 0.0 inf
88.5 0.0 inf
89.5 0.0 inf
90.5 0.0 inf
91.5 0.0 inf
92.5 0.0 inf
93.5 0.0 inf
94.5 0.0 inf
95.5 0.0 inf
96.5 0.0 inf
97.5 0.0 inf
