0.5 40.443200000000004 0.0015724514468296897
1.5 21.5062 0.002156344571681617
2.5 21.796599999999998 0.002141931722276634
3.5 19.9971 0.0022362301100602873
4.5 17.6676 0.0023790919140470727
5.5 15.8202 0.00251416638349298
6.5 13.9223 0.0026800599332423842
7.5 12.430299999999999 0.002836345911366753
8.5 11.0369 0.0030100689661356904
9.5 9.638200000000001 0.0032210838696411803
10.5 8.6831 0.0033936152178908985
11.5 7.6288 0.0036205277897718266
12.5 6.7986 0.0038352197665944337
13.5 5.9483 0.004100186091168717
14.5 5.2452000000000005 0.004366354308852051
15.5 4.522399999999999 0.004702356094470136
16.5 4.0256 0.004984076392680625
17.5 3.4862 0.005355793831527777
18.5 2.993 0.005780250255571964
19.5 2.5473999999999997 0.006265437870257213
20.5 2.1999 0.006742151857097743
21.5 1.8799000000000001 0.007293443552036799
22.5 1.5864 0.007939509074046287
23.5 1.3201 0.00870355312398602
24.5 1.1084999999999998 0.009497999694449356
25.5 0.8881 0.010611311532512865
26.5 0.7602 0.011469277677315082
27.5 0.6211 0.012688761528825613
28.5 0.5325 0.013703774196550632
29.5 0.42010000000000003 0.015428498379527544
30.5 0.3343 0.017295447831856135
31.5 0.27790000000000004 0.018969493131482117
32.5 0.21300000000000002 0.021667569500871973
33.5 0.1742 0.02395939925913801
34.5 0.1353 0.027186362391351842
35.5 0.112 0.02988071523335984
36.5 0.0821 0.0349002406379888
37.5 0.066 0.03892494720807615
38.5 0.0518 0.04393747751637468
39.5 0.0387 0.05083285677753489
40.5 0.0288 0.05892556509887897
41.5 0.0258 0.062257280636469035
42.5 0.0173 0.07602859212697055
43.5 0.0127 0.08873565094161139
44.5 0.010499999999999999 0.09759000729485333
45.5 0.006500000000000001 0.12403473458920847
46.5 0.0069 0.1203858530857692
47.5 0.0046 0.14744195615489714
48.5 0.0034000000000000002 0.17149858514250882
49.5 0.0023 0.20851441405707477
50.5 0.002 0.22360679774997896
51.5 0.0010999999999999998 0.3015113445777637
52.5 0.00030000000000000003 0.5773502691896257
53.5 0.0009 0.3333333333333333
54.5 0.0005 0.4472135954999579
55.5 0.0005 0.4472135954999579
56.5 0.00039999999999999996 0.5000000000000001
57.5 0.00039999999999999996 0.5000000000000001
58.5 0.0001 1.0
59.5 0.0001 1.0
60.5 0.0 inf
61.5 0.0 inf
62.5 0.0 inf
63.5 0.0 inf
64.5 0.0 inf
65.5 0.0 inf
66.5 0.0 inf
67.5 0.0 inf
68.5 0.0 inf
69.5 0.0 inf
70.5 0.0 inf
71.5 0.0 inf
72.5 0.0 inf
73.5 0.0 inf
74.5 0.0 inf
75.5 0.0 inf
76.5 0.0 inf
77.5 0.0 inf
78.5 0.0 inf
79.5 0.0 inf
80.5 0.0 inf
81.5 0.0 inf
82.5 0.0 inf
83.5 0.0 inf
84.5 0.0 inf
85.5 0.0 inf
86.5 0.0 inf
87.5 0.0 inf
88.5 0.0 inf
89.5 0.0 inf
90.5 0.0 inf
91.5 0.0 inf
92.5 0.0 inf
93.5 0.0 inf
94.5 0.0 inf
95.5 0.0 inf
96.5 0.0 inf
97.5 0.0 inf
