0.5 185324.0 0.0023229195405756278
1.5 33748.0 0.005443471829961918
2.5 20557.0 0.006974613274954077
3.5 11724.0 0.009235535778668825
4.5 6995.0 0.011956557055100169
5.5 4680.0 0.014617633655117153
6.5 3040.0 0.01813690625275029
7.5 2070.0 0.0219793491131929
8.5 1556.0 0.02535100632816969
9.5 1002.0 0.031591201180328175
10.5 861.0 0.03407990882954985
11.5 586.0 0.04130961923860138
12.5 447.0 0.047298376984040214
13.5 326.0 0.05538487756217113
14.5 286.0 0.05913123959890826
15.5 197.0 0.07124704998790965
16.5 193.0 0.07198157507486945
17.5 114.0 0.0936585811581694
18.5 96.0 0.10206207261596577
19.5 69.0 0.1203858530857692
20.5 62.0 0.1270001270001905
21.5 39.0 0.16012815380508713
22.5 30.0 0.18257418583505536
23.5 27.0 0.19245008972987526
24.5 20.0 0.22360679774997896
25.5 8.0 0.35355339059327373
26.5 6.0 0.4082482904638631
27.5 7.0 0.3779644730092272
28.5 4.0 0.5
29.5 2.0 0.7071067811865475
30.5 4.0 0.5
31.5 1.0 1.0
32.5 0.0 inf
33.5 0.0 inf
34.5 0.0 inf
35.5 0.0 inf
36.5 0.0 inf
37.5 0.0 inf
38.5 0.0 inf
39.5 1.0 1.0
40.5 0.0 inf
41.5 0.0 inf
42.5 0.0 inf
43.5 0.0 inf
44.5 0.0 inf
45.5 0.0 inf
46.5 0.0 inf
47.5 0.0 inf
48.5 0.0 inf
49.5 0.0 inf
50.5 0.0 inf
51.5 0.0 inf
52.5 0.0 inf
53.5 0.0 inf
54.5 0.0 inf
55.5 0.0 inf
56.5 0.0 inf
57.5 0.0 inf
58.5 0.0 inf
59.5 0.0 inf
60.5 0.0 inf
61.5 0.0 inf
62.5 0.0 inf
63.5 0.0 inf
64.5 0.0 inf
65.5 0.0 inf
66.5 0.0 inf
67.5 0.0 inf
68.5 0.0 inf
69.5 0.0 inf
70.5 0.0 inf
71.5 0.0 inf
72.5 0.0 inf
73.5 0.0 inf
74.5 0.0 inf
75.5 0.0 inf
76.5 0.0 inf
77.5 0.0 inf
78.5 0.0 inf
79.5 0.0 inf
80.5 0.0 inf
81.5 0.0 inf
82.5 0.0 inf
83.5 0.0 inf
84.5 0.0 inf
85.5 0.0 inf
86.5 0.0 inf
87.5 0.0 inf
88.5 0.0 inf
89.5 0.0 inf
90.5 0.0 inf
91.5 0.0 inf
92.5 0.0 inf
93.5 0.0 inf
94.5 0.0 inf
95.5 0.0 inf
96.5 0.0 inf
97.5 0.0 inf
