0.5 75312.0 0.0036439122453885506
1.5 19433.0 0.007173483020298807
2.5 13237.0 0.008691709759244373
3.5 8363.0 0.010935004135209283
4.5 5150.0 0.013934660285832352
5.5 3589.0 0.016692188131234503
6.5 2392.0 0.020446520502738267
7.5 1675.0 0.024433888871261047
8.5 1242.0 0.02837521769195829
9.5 927.0 0.0328443092721431
10.5 763.0 0.03620243071279983
11.5 505.0 0.04449941594899848
12.5 419.0 0.04885319687460315
13.5 344.0 0.053916386601719206
14.5 239.0 0.06468462273531508
15.5 184.0 0.07372097807744857
16.5 141.0 0.0842151921066519
17.5 97.0 0.10153461651336192
18.5 76.0 0.11470786693528087
19.5 70.0 0.11952286093343936
20.5 60.0 0.12909944487358055
21.5 30.0 0.18257418583505536
22.5 24.0 0.20412414523193154
23.5 18.0 0.23570226039551587
24.5 21.0 0.2182178902359924
25.5 10.0 0.31622776601683794
26.5 4.0 0.5
27.5 6.0 0.4082482904638631
28.5 3.0 0.5773502691896258
29.5 0.0 inf
30.5 1.0 1.0
31.5 1.0 1.0
32.5 1.0 1.0
33.5 0.0 inf
34.5 0.0 inf
35.5 1.0 1.0
36.5 0.0 inf
37.5 0.0 inf
38.5 0.0 inf
39.5 0.0 inf
40.5 0.0 inf
41.5 0.0 inf
42.5 0.0 inf
43.5 0.0 inf
44.5 0.0 inf
45.5 0.0 inf
46.5 0.0 inf
47.5 0.0 inf
48.5 0.0 inf
49.5 0.0 inf
50.5 0.0 inf
51.5 0.0 inf
52.5 0.0 inf
53.5 0.0 inf
54.5 0.0 inf
55.5 0.0 inf
56.5 0.0 inf
57.5 0.0 inf
58.5 0.0 inf
59.5 0.0 inf
60.5 0.0 inf
61.5 0.0 inf
62.5 0.0 inf
63.5 0.0 inf
64.5 0.0 inf
65.5 0.0 inf
66.5 0.0 inf
67.5 0.0 inf
68.5 0.0 inf
69.5 0.0 inf
70.5 0.0 inf
71.5 0.0 inf
72.5 0.0 inf
73.5 0.0 inf
74.5 0.0 inf
75.5 0.0 inf
76.5 0.0 inf
77.5 0.0 inf
78.5 0.0 inf
79.5 0.0 inf
80.5 0.0 inf
81.5 0.0 inf
82.5 0.0 inf
83.5 0.0 inf
84.5 0.0 inf
85.5 0.0 inf
86.5 0.0 inf
87.5 0.0 inf
88.5 0.0 inf
89.5 0.0 inf
90.5 0.0 inf
91.5 0.0 inf
92.5 0.0 inf
93.5 0.0 inf
94.5 0.0 inf
95.5 0.0 inf
96.5 0.0 inf
97.5 0.0 inf
