0.5 39.3488 0.0015941686114029983
1.5 20.804 0.002192434247416414
2.5 21.1333 0.0021752858805806218
3.5 19.4009 0.002270330384240532
4.5 17.0761 0.0024199458901308546
5.5 15.3635 0.0025512611609249613
6.5 13.4285 0.0027288913722485473
7.5 12.022 0.0028841087901739205
8.5 10.7125 0.003055305082670365
9.5 9.350100000000001 0.0032703322124778495
10.5 8.398299999999999 0.0034506769900279847
11.5 7.4003 0.0036759985977391383
12.5 6.5634 0.0039033326438747385
13.5 5.7193000000000005 0.004181465916792259
14.5 5.0672 0.004442382779725768
15.5 4.3602 0.004789021587420695
16.5 3.89 0.005070201265633938
17.5 3.3384 0.005473067623079917
18.5 2.9097999999999997 0.00586230527485653
19.5 2.4706 0.006362074955024039
20.5 2.1328 0.006847387945809709
21.5 1.8351 0.007381933565391948
22.5 1.514 0.008127127300011638
23.5 1.2835 0.008826775146438311
24.5 1.0539 0.009740927203113392
25.5 0.9076 0.01049669930702032
26.5 0.7348 0.011665824165343952
27.5 0.5952999999999999 0.0129608074523503
28.5 0.5152 0.01393195531438382
29.5 0.4155 0.015513667744388273
30.5 0.3269 0.017490109952796335
31.5 0.2605 0.019592783347677303
32.5 0.2095 0.021847813825958583
33.5 0.17159999999999997 0.024140227479263383
34.5 0.12840000000000001 0.027907278609297374
35.5 0.10569999999999999 0.030758312596043256
36.5 0.07930000000000001 0.03551104121142175
37.5 0.06459999999999999 0.03934447376823169
38.5 0.0506 0.044455422447438706
39.5 0.0388 0.05076730825668096
40.5 0.0293 0.0584206237836986
41.5 0.0235 0.06523280730534423
42.5 0.017599999999999998 0.07537783614444092
43.5 0.0129 0.08804509063256238
44.5 0.0124 0.08980265101338746
45.5 0.006 0.12909944487358055
46.5 0.0058 0.13130643285972257
47.5 0.004200000000000001 0.1543033499620919
48.5 0.0044 0.15075567228888181
49.5 0.0029 0.18569533817705186
50.5 0.0012 0.2886751345948129
51.5 0.0017000000000000001 0.24253562503633297
52.5 0.0004 0.5
53.5 0.0005 0.4472135954999579
54.5 0.0006000000000000001 0.40824829046386296
55.5 0.0005 0.4472135954999579
56.5 0.0001 1.0
57.5 0.0002 0.7071067811865475
58.5 0.0001 1.0
59.5 0.0001 1.0
60.5 0.0001 1.0
61.5 0.0 inf
62.5 0.0 inf
63.5 0.0001 1.0
64.5 0.0 inf
65.5 0.0 inf
66.5 0.0 inf
67.5 0.0 inf
68.5 0.0 inf
69.5 0.0 inf
70.5 0.0 inf
71.5 0.0 inf
72.5 0.0 inf
73.5 0.0 inf
74.5 0.0 inf
75.5 0.0 inf
76.5 0.0 inf
77.5 0.0 inf
78.5 0.0 inf
79.5 0.0 inf
80.5 0.0 inf
81.5 0.0 inf
82.5 0.0 inf
83.5 0.0 inf
84.5 0.0 inf
85.5 0.0 inf
86.5 0.0 inf
87.5 0.0 inf
88.5 0.0 inf
89.5 0.0 inf
90.5 0.0 inf
91.5 0.0 inf
92.5 0.0 inf
93.5 0.0 inf
94.5 0.0 inf
95.5 0.0 inf
96.5 0.0 inf
97.5 0.0 inf
