0.5 310042.0 0.0017959313645215785
1.5 43602.0 0.004789021587420695
2.5 25199.0 0.006299532875458789
3.5 13754.0 0.008526788484268872
4.5 8028.0 0.011160825503040418
5.5 5047.0 0.014076132545204187
6.5 3307.0 0.01738933213465966
7.5 2242.0 0.021119430154775586
8.5 1589.0 0.02508638316928225
9.5 1209.0 0.028759865427152538
10.5 903.0 0.033277916281986085
11.5 666.0 0.03874921291460643
12.5 487.0 0.04531432544294438
13.5 355.0 0.053074489243427524
14.5 299.0 0.05783149319662402
15.5 199.0 0.07088812050083358
16.5 186.0 0.07332355751067665
17.5 144.0 0.08333333333333333
18.5 86.0 0.10783277320343841
19.5 60.0 0.12909944487358055
20.5 50.0 0.1414213562373095
21.5 42.0 0.1543033499620919
22.5 37.0 0.1643989873053573
23.5 24.0 0.20412414523193154
24.5 20.0 0.22360679774997896
25.5 12.0 0.2886751345948129
26.5 9.0 0.3333333333333333
27.5 7.0 0.3779644730092272
28.5 3.0 0.5773502691896258
29.5 4.0 0.5
30.5 1.0 1.0
31.5 1.0 1.0
32.5 0.0 inf
33.5 0.0 inf
34.5 1.0 1.0
35.5 0.0 inf
36.5 0.0 inf
37.5 0.0 inf
38.5 0.0 inf
39.5 0.0 inf
40.5 0.0 inf
41.5 0.0 inf
42.5 0.0 inf
43.5 0.0 inf
44.5 0.0 inf
45.5 0.0 inf
46.5 0.0 inf
47.5 0.0 inf
48.5 0.0 inf
49.5 0.0 inf
50.5 0.0 inf
51.5 0.0 inf
52.5 0.0 inf
53.5 0.0 inf
54.5 0.0 inf
55.5 0.0 inf
56.5 0.0 inf
57.5 0.0 inf
58.5 0.0 inf
59.5 0.0 inf
60.5 0.0 inf
61.5 0.0 inf
62.5 0.0 inf
63.5 0.0 inf
64.5 0.0 inf
65.5 0.0 inf
66.5 0.0 inf
67.5 0.0 inf
68.5 0.0 inf
69.5 0.0 inf
70.5 0.0 inf
71.5 0.0 inf
72.5 0.0 inf
73.5 0.0 inf
74.5 0.0 inf
75.5 0.0 inf
76.5 0.0 inf
77.5 0.0 inf
78.5 0.0 inf
79.5 0.0 inf
80.5 0.0 inf
81.5 0.0 inf
82.5 0.0 inf
83.5 0.0 inf
84.5 0.0 inf
85.5 0.0 inf
86.5 0.0 inf
87.5 0.0 inf
88.5 0.0 inf
89.5 0.0 inf
90.5 0.0 inf
91.5 0.0 inf
92.5 0.0 inf
93.5 0.0 inf
94.5 0.0 inf
95.5 0.0 inf
96.5 0.0 inf
97.5 0.0 inf
