0.5 22893.0 0.006609196220917141
1.5 8155.0 0.011073579229811873
2.5 6190.0 0.01271026705187137
3.5 4335.0 0.015188169985127124
4.5 3146.0 0.01782873955801673
5.5 2168.0 0.021476838979377886
6.5 1575.0 0.02519763153394848
7.5 1179.0 0.02912346855536793
8.5 885.0 0.033614632272640714
9.5 688.0 0.038124642583151166
10.5 507.0 0.04441155916843276
11.5 410.0 0.04938647983247948
12.5 325.0 0.05547001962252291
13.5 228.0 0.06622661785325219
14.5 167.0 0.07738232325341368
15.5 150.0 0.08164965809277261
16.5 122.0 0.09053574604251853
17.5 90.0 0.10540925533894598
18.5 73.0 0.11704114719613057
19.5 55.0 0.13483997249264842
20.5 43.0 0.15249857033260467
21.5 32.0 0.17677669529663687
22.5 18.0 0.23570226039551587
23.5 14.0 0.2672612419124244
24.5 13.0 0.2773500981126146
25.5 9.0 0.3333333333333333
26.5 6.0 0.4082482904638631
27.5 4.0 0.5
28.5 4.0 0.5
29.5 2.0 0.7071067811865475
30.5 2.0 0.7071067811865475
31.5 1.0 1.0
32.5 0.0 inf
33.5 1.0 1.0
34.5 0.0 inf
35.5 0.0 inf
36.5 0.0 inf
37.5 0.0 inf
38.5 0.0 inf
39.5 0.0 inf
40.5 0.0 inf
41.5 0.0 inf
42.5 0.0 inf
43.5 0.0 inf
44.5 0.0 inf
45.5 0.0 inf
46.5 0.0 inf
47.5 0.0 inf
48.5 0.0 inf
49.5 0.0 inf
50.5 0.0 inf
51.5 0.0 inf
52.5 0.0 inf
53.5 0.0 inf
54.5 0.0 inf
55.5 0.0 inf
56.5 0.0 inf
57.5 0.0 inf
58.5 0.0 inf
59.5 0.0 inf
60.5 0.0 inf
61.5 0.0 inf
62.5 0.0 inf
63.5 0.0 inf
64.5 0.0 inf
65.5 0.0 inf
66.5 0.0 inf
67.5 0.0 inf
68.5 0.0 inf
69.5 0.0 inf
70.5 0.0 inf
71.5 0.0 inf
72.5 0.0 inf
73.5 0.0 inf
74.5 0.0 inf
75.5 0.0 inf
76.5 0.0 inf
77.5 0.0 inf
78.5 0.0 inf
79.5 0.0 inf
80.5 0.0 inf
81.5 0.0 inf
82.5 0.0 inf
83.5 0.0 inf
84.5 0.0 inf
85.5 0.0 inf
86.5 0.0 inf
87.5 0.0 inf
88.5 0.0 inf
89.5 0.0 inf
90.5 0.0 inf
91.5 0.0 inf
92.5 0.0 inf
93.5 0.0 inf
94.5 0.0 inf
95.5 0.0 inf
96.5 0.0 inf
97.5 0.0 inf
