0.5 45.952799999999996 0.0014751765855184004
1.5 24.6127 0.0020156743573140606
2.5 25.044600000000003 0.001998218383448869
3.5 23.075699999999998 0.0020817211658079905
4.5 20.3654 0.0022159171960187715
5.5 18.268 0.0023396694187070386
6.5 16.0725 0.002494355114064532
7.5 14.270700000000001 0.0026471427502766254
8.5 12.8167 0.002793263397907537
9.5 11.188400000000001 0.0029896201205497825
10.5 10.058900000000001 0.003153005691336483
11.5 8.8226 0.0033666789625488424
12.5 7.8530999999999995 0.003568448522673809
13.5 6.9338999999999995 0.00379761743863734
14.5 6.104100000000001 0.004047521646696943
15.5 5.253299999999999 0.004362986795708767
16.5 4.6282 0.004648297768039064
17.5 4.0541 0.004966526665012418
18.5 3.4551999999999996 0.005379766230565355
19.5 2.9678000000000004 0.005804738833405986
20.5 2.5568 0.006253909915928249
21.5 2.1703 0.006787973134504485
22.5 1.8286 0.007395041955334921
23.5 1.5509 0.008029862376966582
24.5 1.3052000000000001 0.008753091481365443
25.5 1.0543 0.009739079180481867
26.5 0.892 0.010588088747190668
27.5 0.7021999999999999 0.011933548086093206
28.5 0.6226 0.012673467102202931
29.5 0.49360000000000004 0.014233523557739299
30.5 0.4031 0.015750473013495386
31.5 0.312 0.017902871850985824
32.5 0.2465 0.02014148736276902
33.5 0.19619999999999999 0.022576182049286547
34.5 0.1493 0.0258803470681335
35.5 0.1238 0.028421021140160225
36.5 0.10189999999999999 0.03132657448383193
37.5 0.0809 0.035158127696731496
38.5 0.061399999999999996 0.04035671561356309
39.5 0.0461 0.04657464328326223
40.5 0.035 0.05345224838248487
41.5 0.0264 0.06154574548966636
42.5 0.0227 0.0663723311599972
43.5 0.0151 0.08137884587711594
44.5 0.0114 0.0936585811581694
45.5 0.0068 0.12126781251816648
46.5 0.0053 0.13736056394868904
47.5 0.006999999999999999 0.11952286093343939
48.5 0.0035 0.1690308509457033
49.5 0.0018 0.23570226039551587
50.5 0.0018999999999999998 0.2294157338705618
51.5 0.0021 0.2182178902359924
52.5 0.001 0.31622776601683794
53.5 0.0009 0.3333333333333333
54.5 0.0006 0.4082482904638631
55.5 0.0007 0.3779644730092272
56.5 0.0004 0.5
57.5 0.0004 0.5
58.5 0.0001 1.0
59.5 0.0 inf
60.5 0.0001 1.0
61.5 0.0 inf
62.5 0.0 inf
63.5 0.0001 1.0
64.5 0.0 inf
65.5 0.0 inf
66.5 0.0 inf
67.5 0.0 inf
68.5 0.0 inf
69.5 0.0 inf
70.5 0.0 inf
71.5 0.0 inf
72.5 0.0 inf
73.5 0.0 inf
74.5 0.0 inf
75.5 0.0 inf
76.5 0.0 inf
77.5 0.0 inf
78.5 0.0 inf
79.5 0.0 inf
80.5 0.0 inf
81.5 0.0 inf
82.5 0.0 inf
83.5 0.0 inf
84.5 0.0 inf
85.5 0.0 inf
86.5 0.0 inf
87.5 0.0 inf
88.5 0.0 inf
89.5 0.0 inf
90.5 0.0 inf
91.5 0.0 inf
92.5 0.0 inf
93.5 0.0 inf
94.5 0.0 inf
95.5 0.0 inf
96.5 0.0 inf
97.5 0.0 inf
