0.5 1713.0 0.024161356785259637
1.5 1022.0 0.031280562354492725
2.5 1007.0 0.031512674583162724
3.5 890.0 0.033520076157699544
4.5 832.0 0.03466876226407682
5.5 732.0 0.03696106354772864
6.5 626.0 0.039968038348871575
7.5 584.0 0.0413802944301184
8.5 489.0 0.045221563164613454
9.5 378.0 0.05143444998736397
10.5 379.0 0.051366549693751415
11.5 290.0 0.058722021951470346
12.5 271.0 0.0607456739230787
13.5 241.0 0.06441566264008308
14.5 198.0 0.07106690545187015
15.5 178.0 0.07495316889958614
16.5 178.0 0.07495316889958614
17.5 131.0 0.0873704056661038
18.5 83.0 0.10976425998969035
19.5 64.0 0.125
20.5 69.0 0.1203858530857692
21.5 47.0 0.14586499149789456
22.5 41.0 0.15617376188860607
23.5 37.0 0.1643989873053573
24.5 38.0 0.16222142113076254
25.5 29.0 0.18569533817705186
26.5 15.0 0.2581988897471611
27.5 14.0 0.2672612419124244
28.5 11.0 0.30151134457776363
29.5 11.0 0.30151134457776363
30.5 9.0 0.3333333333333333
31.5 5.0 0.4472135954999579
32.5 2.0 0.7071067811865475
33.5 3.0 0.5773502691896258
34.5 1.0 1.0
35.5 1.0 1.0
36.5 1.0 1.0
37.5 0.0 inf
38.5 0.0 inf
39.5 0.0 inf
40.5 0.0 inf
41.5 0.0 inf
42.5 0.0 inf
43.5 0.0 inf
44.5 0.0 inf
45.5 0.0 inf
46.5 0.0 inf
47.5 0.0 inf
48.5 0.0 inf
49.5 0.0 inf
50.5 0.0 inf
51.5 0.0 inf
52.5 0.0 inf
53.5 0.0 inf
54.5 0.0 inf
55.5 0.0 inf
56.5 0.0 inf
57.5 0.0 inf
58.5 0.0 inf
59.5 0.0 inf
60.5 0.0 inf
61.5 0.0 inf
62.5 0.0 inf
63.5 0.0 inf
64.5 0.0 inf
65.5 0.0 inf
66.5 0.0 inf
67.5 0.0 inf
68.5 0.0 inf
69.5 0.0 inf
70.5 0.0 inf
71.5 0.0 inf
72.5 0.0 inf
73.5 0.0 inf
74.5 0.0 inf
75.5 0.0 inf
76.5 0.0 inf
77.5 0.0 inf
78.5 0.0 inf
79.5 0.0 inf
80.5 0.0 inf
81.5 0.0 inf
82.5 0.0 inf
83.5 0.0 inf
84.5 0.0 inf
85.5 0.0 inf
86.5 0.0 inf
87.5 0.0 inf
88.5 0.0 inf
89.5 0.0 inf
90.5 0.0 inf
91.5 0.0 inf
92.5 0.0 inf
93.5 0.0 inf
94.5 0.0 inf
95.5 0.0 inf
96.5 0.0 inf
97.5 0.0 inf
