0.5 38.7863 0.001605686750899941
1.5 20.4647 0.002210534557853357
2.5 20.741500000000002 0.0021957349747100535
3.5 19.0917 0.002288641134009967
4.5 16.8248 0.0024379514056375893
5.5 15.0902 0.002574260554930917
6.5 13.2208 0.0027502434073127975
7.5 11.7519 0.0029170639917643964
8.5 10.5577 0.003077622450482821
9.5 9.194099999999999 0.00329796003463243
10.5 8.2313 0.0034855055998034173
11.5 7.1915 0.003728981747583294
12.5 6.4815000000000005 0.00392791641294271
13.5 5.6894 0.0041924391298154996
14.5 4.9469 0.004496073831749627
15.5 4.3117 0.004815880834545014
16.5 3.8280000000000003 0.005111095967145496
17.5 3.3110999999999997 0.005495584011641116
18.5 2.8150000000000004 0.005960199550821497
19.5 2.4339 0.006409861337290009
20.5 2.0622 0.006963612701205507
21.5 1.7812999999999999 0.007492581334355227
22.5 1.507 0.008145980644684225
23.5 1.2477 0.008952512013244047
24.5 1.0501 0.009758536048356126
25.5 0.8658 0.010747098003652682
26.5 0.7057 0.011903918403013953
27.5 0.5809 0.013120467558816476
28.5 0.5012 0.014125195547029415
29.5 0.4133 0.015554902647418758
30.5 0.3267 0.01749546270271593
31.5 0.26780000000000004 0.01932389698720778
32.5 0.2016 0.0222717701593687
33.5 0.1595 0.02503915429180672
34.5 0.1296 0.027777777777777776
35.5 0.1049 0.03087537605472192
36.5 0.0803 0.035289233662029275
37.5 0.0634 0.03971507353947688
38.5 0.0508 0.04436782547080569
39.5 0.040400000000000005 0.04975185951049945
40.5 0.0287 0.059028133610095526
41.5 0.022899999999999997 0.06608186004550898
42.5 0.0165 0.0778498944161523
43.5 0.013399999999999999 0.08638684255813601
44.5 0.009600000000000001 0.10206207261596574
45.5 0.0086 0.10783277320343841
46.5 0.0057 0.13245323570650439
47.5 0.0049 0.14285714285714285
48.5 0.0031000000000000003 0.17960530202677488
49.5 0.0026 0.19611613513818404
50.5 0.0022 0.21320071635561041
51.5 0.0012 0.2886751345948129
52.5 0.001 0.31622776601683794
53.5 0.0004 0.5
54.5 0.0007 0.3779644730092272
55.5 0.0001 1.0
56.5 0.0001 1.0
57.5 0.0002 0.7071067811865475
58.5 0.0001 1.0
59.5 0.0 inf
60.5 0.0 inf
61.5 0.0 inf
62.5 0.0001 1.0
63.5 0.0 inf
64.5 0.0 inf
65.5 0.0 inf
66.5 0.0001 1.0
67.5 0.0 inf
68.5 0.0 inf
69.5 0.0 inf
70.5 0.0 inf
71.5 0.0 inf
72.5 0.0 inf
73.5 0.0 inf
74.5 0.0 inf
75.5 0.0 inf
76.5 0.0 inf
77.5 0.0 inf
78.5 0.0 inf
79.5 0.0 inf
80.5 0.0 inf
81.5 0.0 inf
82.5 0.0 inf
83.5 0.0 inf
84.5 0.0 inf
85.5 0.0 inf
86.5 0.0 inf
87.5 0.0 inf
88.5 0.0 inf
89.5 0.0 inf
90.5 0.0 inf
91.5 0.0 inf
92.5 0.0 inf
93.5 0.0 inf
94.5 0.0 inf
95.5 0.0 inf
96.5 0.0 inf
97.5 0.0 inf
