0.5 59.6794 0.0012944574397037506
1.5 32.518 0.0017536304850855249
2.5 32.9711 0.0017415393097115928
3.5 30.494999999999997 0.0018108633583569405
4.5 26.8899 0.001928436782141519
5.5 24.2342 0.0020313541988436394
6.5 21.2603 0.0021687790318855532
7.5 18.9813 0.0022952871396464247
8.5 16.978 0.0024269271233607116
9.5 14.848500000000001 0.002595127550896376
10.5 13.3525 0.00273664652920329
11.5 11.6826 0.0029257030632642905
12.5 10.462 0.0030916665142303353
13.5 9.1171 0.0033118574908178404
14.5 8.0749 0.0035190985055400213
15.5 7.0195 0.0037743911985164847
16.5 6.1759 0.004023924952117316
17.5 5.3782 0.004312027538834568
18.5 4.5981000000000005 0.0046634872521715744
19.5 3.9641 0.005022589670961643
20.5 3.4064 0.005418164394109595
21.5 2.903 0.0058691672037158695
22.5 2.433 0.006411046775392298
23.5 2.0133 0.007047673127930542
24.5 1.7132999999999998 0.007639822923180511
25.5 1.3986 0.008455771490530683
26.5 1.1801 0.009205356129783687
27.5 0.9430000000000001 0.010297792904610999
28.5 0.8160000000000001 0.011070186069251189
29.5 0.6508 0.012395847590718318
30.5 0.5329 0.0136986301369863
31.5 0.426 0.01532128532589739
32.5 0.3349 0.017279947800812528
33.5 0.2736 0.019117977822546813
34.5 0.20350000000000001 0.022167554926073633
35.5 0.16799999999999998 0.024397501823713332
36.5 0.1285 0.027896417632583534
37.5 0.109 0.030289126640769135
38.5 0.0797 0.03542181734879073
39.5 0.0613 0.04038961958610097
40.5 0.0475 0.04588314677411235
41.5 0.0382 0.05116445100966508
42.5 0.0248 0.06350006350009525
43.5 0.0241 0.06441566264008308
44.5 0.0165 0.0778498944161523
45.5 0.013399999999999999 0.08638684255813601
46.5 0.01 0.1
47.5 0.005 0.1414213562373095
48.5 0.0055 0.13483997249264842
49.5 0.0042 0.1543033499620919
50.5 0.0028 0.1889822365046136
51.5 0.0015 0.2581988897471611
52.5 0.0013 0.2773500981126146
53.5 0.0017000000000000001 0.24253562503633297
54.5 0.0004 0.5
55.5 0.00030000000000000003 0.5773502691896257
56.5 0.0007 0.3779644730092272
57.5 0.0002 0.7071067811865475
58.5 0.0002 0.7071067811865475
59.5 0.00030000000000000003 0.5773502691896257
60.5 0.0 inf
61.5 0.0 inf
62.5 0.0001 1.0
63.5 0.0 inf
64.5 0.0002 0.7071067811865475
65.5 0.0001 1.0
66.5 0.0 inf
67.5 0.0 inf
68.5 0.0 inf
69.5 0.0 inf
70.5 0.0 inf
71.5 0.0 inf
72.5 0.0 inf
73.5 0.0 inf
74.5 0.0 inf
75.5 0.0 inf
76.5 0.0 inf
77.5 0.0 inf
78.5 0.0 inf
79.5 0.0 inf
80.5 0.0 inf
81.5 0.0 inf
82.5 0.0 inf
83.5 0.0 inf
84.5 0.0 inf
85.5 0.0 inf
86.5 0.0 inf
87.5 0.0 inf
88.5 0.0 inf
89.5 0.0 inf
90.5 0.0 inf
91.5 0.0 inf
92.5 0.0 inf
93.5 0.0 inf
94.5 0.0 inf
95.5 0.0 inf
96.5 0.0 inf
97.5 0.0 inf
