0.5 9.0 0.3333333333333333
1.5 19.0 0.22941573387056174
2.5 101.0 0.09950371902099892
3.5 131.0 0.0873704056661038
4.5 77.0 0.11396057645963795
5.5 76.0 0.11470786693528087
6.5 66.0 0.12309149097933272
7.5 55.0 0.13483997249264842
8.5 57.0 0.13245323570650439
9.5 47.0 0.14586499149789456
10.5 32.0 0.17677669529663687
11.5 34.0 0.17149858514250882
12.5 35.0 0.1690308509457033
13.5 31.0 0.1796053020267749
14.5 27.0 0.19245008972987526
15.5 17.0 0.24253562503633297
16.5 11.0 0.30151134457776363
17.5 4.0 0.5
18.5 10.0 0.31622776601683794
19.5 6.0 0.4082482904638631
20.5 2.0 0.7071067811865475
21.5 3.0 0.5773502691896258
22.5 0.0 inf
23.5 0.0 inf
24.5 0.0 inf
25.5 0.0 inf
26.5 0.0 inf
27.5 0.0 inf
28.5 0.0 inf
29.5 0.0 inf
30.5 0.0 inf
31.5 0.0 inf
32.5 0.0 inf
33.5 0.0 inf
34.5 0.0 inf
35.5 0.0 inf
36.5 0.0 inf
37.5 0.0 inf
38.5 0.0 inf
39.5 0.0 inf
40.5 0.0 inf
41.5 0.0 inf
42.5 0.0 inf
43.5 0.0 inf
44.5 0.0 inf
45.5 0.0 inf
46.5 0.0 inf
47.5 0.0 inf
48.5 0.0 inf
49.5 0.0 inf
50.5 0.0 inf
51.5 0.0 inf
52.5 0.0 inf
53.5 0.0 inf
54.5 0.0 inf
55.5 0.0 inf
56.5 0.0 inf
57.5 0.0 inf
58.5 0.0 inf
59.5 0.0 inf
60.5 0.0 inf
61.5 0.0 inf
62.5 0.0 inf
63.5 0.0 inf
64.5 0.0 inf
65.5 0.0 inf
66.5 0.0 inf
67.5 0.0 inf
68.5 0.0 inf
69.5 0.0 inf
70.5 0.0 inf
71.5 0.0 inf
72.5 0.0 inf
73.5 0.0 inf
74.5 0.0 inf
75.5 0.0 inf
76.5 0.0 inf
77.5 0.0 inf
78.5 0.0 inf
79.5 0.0 inf
80.5 0.0 inf
81.5 0.0 inf
82.5 0.0 inf
83.5 0.0 inf
84.5 0.0 inf
85.5 0.0 inf
86.5 0.0 inf
87.5 0.0 inf
88.5 0.0 inf
89.5 0.0 inf
90.5 0.0 inf
91.5 0.0 inf
92.5 0.0 inf
93.5 0.0 inf
94.5 0.0 inf
95.5 0.0 inf
96.5 0.0 inf
97.5 0.0 inf
