0.5 1415440.0 0.000840532030150771
1.5 451555.0 0.0014881430219411153
2.5 332857.0 0.001733289685796854
3.5 224070.0 0.0021125555757965766
4.5 149815.0 0.002583582598283242
5.5 105315.0 0.003081448288248575
6.5 74479.0 0.003664232999158167
7.5 54427.0 0.0042864010396711566
8.5 40829.0 0.004948979198917483
9.5 30347.0 0.005740399496338748
10.5 23286.0 0.006553186885222964
11.5 17869.0 0.007480831549620176
12.5 13843.0 0.008499333890808439
13.5 10807.0 0.009619387597334671
14.5 8645.0 0.010755175492958086
15.5 6438.0 0.012463055064254434
16.5 5038.0 0.014088699899813708
17.5 4119.0 0.015581314872270007
18.5 3240.0 0.017568209223157664
19.5 2530.0 0.019881069312188606
20.5 1973.0 0.02251315997416402
21.5 1594.0 0.025047007249281213
22.5 1227.0 0.02854813347699592
23.5 956.0 0.03234231136765754
24.5 750.0 0.03651483716701107
25.5 564.0 0.04210759605332595
26.5 454.0 0.04693232544639321
27.5 338.0 0.05439282932204212
28.5 256.0 0.0625
29.5 214.0 0.06835859270246633
30.5 153.0 0.08084520834544433
31.5 119.0 0.09166984970282113
32.5 107.0 0.09667364890456635
33.5 73.0 0.11704114719613057
34.5 59.0 0.13018891098082389
35.5 42.0 0.1543033499620919
36.5 29.0 0.18569533817705186
37.5 22.0 0.21320071635561041
38.5 16.0 0.25
39.5 11.0 0.30151134457776363
40.5 10.0 0.31622776601683794
41.5 3.0 0.5773502691896258
42.5 7.0 0.3779644730092272
43.5 0.0 inf
44.5 5.0 0.4472135954999579
45.5 0.0 inf
46.5 1.0 1.0
47.5 1.0 1.0
48.5 0.0 inf
49.5 1.0 1.0
50.5 0.0 inf
51.5 0.0 inf
52.5 0.0 inf
53.5 1.0 1.0
54.5 0.0 inf
55.5 0.0 inf
56.5 0.0 inf
57.5 0.0 inf
58.5 0.0 inf
59.5 0.0 inf
60.5 0.0 inf
61.5 0.0 inf
62.5 0.0 inf
63.5 0.0 inf
64.5 0.0 inf
65.5 0.0 inf
66.5 0.0 inf
67.5 0.0 inf
68.5 0.0 inf
69.5 0.0 inf
70.5 0.0 inf
71.5 0.0 inf
72.5 0.0 inf
73.5 0.0 inf
74.5 0.0 inf
75.5 0.0 inf
76.5 0.0 inf
77.5 0.0 inf
78.5 0.0 inf
79.5 0.0 inf
80.5 0.0 inf
81.5 0.0 inf
82.5 0.0 inf
83.5 0.0 inf
84.5 0.0 inf
85.5 0.0 inf
86.5 0.0 inf
87.5 0.0 inf
88.5 0.0 inf
89.5 0.0 inf
90.5 0.0 inf
91.5 0.0 inf
92.5 0.0 inf
93.5 0.0 inf
94.5 0.0 inf
95.5 0.0 inf
96.5 0.0 inf
97.5 0.0 inf
