0.5 7321.0 0.011687316268614795
1.5 3832.0 0.01615426674378096
2.5 3902.0 0.016008711108909703
3.5 3474.0 0.016966219951976252
4.5 2955.0 0.01839590920463876
5.5 2539.0 0.01984580179179854
6.5 2248.0 0.02109122703047989
7.5 1851.0 0.02324324663889676
8.5 1620.0 0.024845199749997663
9.5 1338.0 0.027338327590690405
10.5 1230.0 0.028513297425610054
11.5 1070.0 0.030570892025787156
12.5 848.0 0.03434014098717226
13.5 764.0 0.03617873026462108
14.5 634.0 0.03971507353947688
15.5 472.0 0.04602873089491617
16.5 468.0 0.046225016352102424
17.5 361.0 0.05263157894736842
18.5 331.0 0.05496497099293127
19.5 272.0 0.06063390625908324
20.5 223.0 0.06696495301824251
21.5 198.0 0.07106690545187015
22.5 133.0 0.086710996952412
23.5 100.0 0.1
24.5 106.0 0.09712858623572641
25.5 71.0 0.11867816581938533
26.5 46.0 0.14744195615489714
27.5 43.0 0.15249857033260467
28.5 36.0 0.16666666666666666
29.5 35.0 0.1690308509457033
30.5 18.0 0.23570226039551587
31.5 15.0 0.2581988897471611
32.5 13.0 0.2773500981126146
33.5 10.0 0.31622776601683794
34.5 3.0 0.5773502691896258
35.5 6.0 0.4082482904638631
36.5 3.0 0.5773502691896258
37.5 0.0 inf
38.5 1.0 1.0
39.5 2.0 0.7071067811865475
40.5 0.0 inf
41.5 1.0 1.0
42.5 0.0 inf
43.5 1.0 1.0
44.5 0.0 inf
45.5 0.0 inf
46.5 0.0 inf
47.5 0.0 inf
48.5 0.0 inf
49.5 1.0 1.0
50.5 0.0 inf
51.5 0.0 inf
52.5 0.0 inf
53.5 0.0 inf
54.5 0.0 inf
55.5 0.0 inf
56.5 0.0 inf
57.5 0.0 inf
58.5 0.0 inf
59.5 0.0 inf
60.5 0.0 inf
61.5 0.0 inf
62.5 0.0 inf
63.5 0.0 inf
64.5 0.0 inf
65.5 0.0 inf
66.5 0.0 inf
67.5 0.0 inf
68.5 0.0 inf
69.5 0.0 inf
70.5 0.0 inf
71.5 0.0 inf
72.5 0.0 inf
73.5 0.0 inf
74.5 0.0 inf
75.5 0.0 inf
76.5 0.0 inf
77.5 0.0 inf
78.5 0.0 inf
79.5 0.0 inf
80.5 0.0 inf
81.5 0.0 inf
82.5 0.0 inf
83.5 0.0 inf
84.5 0.0 inf
85.5 0.0 inf
86.5 0.0 inf
87.5 0.0 inf
88.5 0.0 inf
89.5 0.0 inf
90.5 0.0 inf
91.5 0.0 inf
92.5 0.0 inf
93.5 0.0 inf
94.5 0.0 inf
95.5 0.0 inf
96.5 0.0 inf
97.5 0.0 inf
