0.5 43.5443 0.001515424636260138
1.5 23.2476 0.0020740104379234846
2.5 23.6984 0.002054189415941853
3.5 21.7113 0.002146135240067405
4.5 19.1699 0.002283968323241751
5.5 17.240499999999997 0.002408380330239925
6.5 15.101099999999999 0.0025733313343703295
7.5 13.5322 0.0027184152387495705
8.5 12.0716 0.002878177553134974
9.5 10.5305 0.0030815945954104575
10.5 9.4522 0.003252621653150552
11.5 8.2857 0.003474044663765636
12.5 7.4322 0.00366810117472716
13.5 6.5037 0.003921206825750105
14.5 5.7232 0.0041800409712903774
15.5 4.9482 0.004495483184652996
16.5 4.382099999999999 0.004777039782137197
17.5 3.8331 0.005107694638494085
18.5 3.2586 0.0055396773852307716
19.5 2.7677 0.006010913705186283
20.5 2.4217 0.006425986800098475
21.5 2.0380000000000003 0.007004835004805857
22.5 1.6966 0.007677331062044751
23.5 1.4353 0.008346966251710266
24.5 1.2137 0.009077041562629454
25.5 0.9975 0.010012523486435177
26.5 0.8314 0.0109671804667355
27.5 0.6800999999999999 0.012125889675059072
28.5 0.5776 0.013157894736842105
29.5 0.4776 0.014469977004330817
30.5 0.3806 0.016209350304978644
31.5 0.2955 0.01839590920463876
32.5 0.23199999999999998 0.020761369963434993
33.5 0.1809 0.023511520528619944
34.5 0.1423 0.0265092566603795
35.5 0.1195 0.028927842707018585
36.5 0.0889 0.03353892354527688
37.5 0.0781 0.03578281334822566
38.5 0.0619 0.04019339355290704
39.5 0.0472 0.04602873089491617
40.5 0.034 0.05423261445466404
41.5 0.0259 0.062136976600120006
42.5 0.0216 0.06804138174397717
43.5 0.0137 0.0854357657716761
44.5 0.0138 0.08512565307587486
45.5 0.0091 0.10482848367219183
46.5 0.0063999999999999994 0.12500000000000003
47.5 0.0046 0.14744195615489714
48.5 0.0033 0.17407765595569785
49.5 0.0031999999999999997 0.1767766952966369
50.5 0.0014 0.2672612419124244
51.5 0.0017000000000000001 0.24253562503633297
52.5 0.0013 0.2773500981126146
53.5 0.0003 0.5773502691896258
54.5 0.0004 0.5
55.5 0.00039999999999999996 0.5000000000000001
56.5 0.0001 1.0
57.5 0.0001 1.0
58.5 0.0001 1.0
59.5 0.0002 0.7071067811865475
60.5 0.0 inf
61.5 0.0 inf
62.5 0.0 inf
63.5 0.0001 1.0
64.5 0.0001 1.0
65.5 0.0 inf
66.5 0.0 inf
67.5 0.0 inf
68.5 0.0 inf
69.5 0.0 inf
70.5 0.0 inf
71.5 0.0 inf
72.5 0.0 inf
73.5 0.0 inf
74.5 0.0 inf
75.5 0.0 inf
76.5 0.0 inf
77.5 0.0 inf
78.5 0.0 inf
79.5 0.0 inf
80.5 0.0 inf
81.5 0.0 inf
82.5 0.0 inf
83.5 0.0 inf
84.5 0.0 inf
85.5 0.0 inf
86.5 0.0 inf
87.5 0.0 inf
88.5 0.0 inf
89.5 0.0 inf
90.5 0.0 inf
91.5 0.0 inf
92.5 0.0 inf
93.5 0.0 inf
94.5 0.0 inf
95.5 0.0 inf
96.5 0.0 inf
97.5 0.0 inf
