0.5 42.6898 0.0015305162320796675
1.5 22.7358 0.002097224293960439
2.5 23.1176 0.0020798337796710253
3.5 21.3236 0.002165557583646632
4.5 18.7798 0.0023075680573727904
5.5 16.833599999999997 0.0024373140857255147
6.5 14.775500000000001 0.002601530410183749
7.5 13.1823 0.0027542566361443165
8.5 11.8207 0.0029085625121433455
9.5 10.3148 0.003113648577011192
10.5 9.2033 0.0032963112337295384
11.5 8.1512 0.0035025893706711777
12.5 7.2279 0.0037195802437611824
13.5 6.3523 0.003967660463034457
14.5 5.5793 0.004233603123584696
15.5 4.85 0.004540766091864998
16.5 4.2517 0.004849742649172284
17.5 3.7411000000000003 0.005170116644575951
18.5 3.1773 0.005610103694468441
19.5 2.7481 0.006032311140927416
20.5 2.3548 0.006516628844986676
21.5 2.0015 0.007068417652057783
22.5 1.6735 0.007730136123098049
23.5 1.3967 0.008461520937696677
24.5 1.1713 0.009239871433627379
25.5 0.9701 0.010152938317487875
26.5 0.8096000000000001 0.011113855611859676
27.5 0.6573 0.012334404417288482
28.5 0.5546 0.013427960881291646
29.5 0.4508 0.014893886718362483
30.5 0.37139999999999995 0.01640888420591555
31.5 0.29500000000000004 0.018411492357966467
32.5 0.2317 0.02077480629531073
33.5 0.18730000000000002 0.023106337435539137
34.5 0.1444 0.02631578947368421
35.5 0.1162 0.02933573244244288
36.5 0.09190000000000001 0.032986956237702106
37.5 0.0759 0.036297700432031385
38.5 0.0558 0.04233337566673017
39.5 0.0455 0.04688072309384954
40.5 0.0329 0.055131784641997125
41.5 0.0262 0.06178020632152154
42.5 0.0191 0.07235746052924216
43.5 0.0167 0.07738232325341368
44.5 0.0123 0.09016696346674323
45.5 0.0075 0.11547005383792514
46.5 0.0066 0.12309149097933272
47.5 0.004200000000000001 0.1543033499620919
48.5 0.0036 0.16666666666666666
49.5 0.0031999999999999997 0.1767766952966369
50.5 0.0017000000000000001 0.24253562503633297
51.5 0.0013 0.2773500981126146
52.5 0.0012 0.2886751345948129
53.5 0.0005 0.4472135954999579
54.5 0.00030000000000000003 0.5773502691896257
55.5 0.0007999999999999999 0.3535533905932738
56.5 0.0005 0.4472135954999579
57.5 0.00039999999999999996 0.5000000000000001
58.5 0.0002 0.7071067811865475
59.5 0.0001 1.0
60.5 0.0001 1.0
61.5 0.0 inf
62.5 0.0 inf
63.5 0.0 inf
64.5 0.0001 1.0
65.5 0.0001 1.0
66.5 0.0 inf
67.5 0.0 inf
68.5 0.0 inf
69.5 0.0 inf
70.5 0.0 inf
71.5 0.0 inf
72.5 0.0 inf
73.5 0.0 inf
74.5 0.0 inf
75.5 0.0 inf
76.5 0.0 inf
77.5 0.0 inf
78.5 0.0 inf
79.5 0.0 inf
80.5 0.0 inf
81.5 0.0 inf
82.5 0.0 inf
83.5 0.0 inf
84.5 0.0 inf
85.5 0.0 inf
86.5 0.0 inf
87.5 0.0 inf
88.5 0.0 inf
89.5 0.0 inf
90.5 0.0 inf
91.5 0.0 inf
92.5 0.0 inf
93.5 0.0 inf
94.5 0.0 inf
95.5 0.0 inf
96.5 0.0 inf
97.5 0.0 inf
