0.5 13563205.0 0.0002715306361186096
1.5 1830991.0 0.0007390211969428473
2.5 1035401.0 0.0009827560134975004
3.5 565120.0 0.001330238953661779
4.5 326337.0 0.0017505190511475763
5.5 204759.0 0.002209929911084887
6.5 133806.0 0.0027337714644318782
7.5 91865.0 0.003299323955300594
8.5 65530.0 0.003906428826213441
9.5 46608.0 0.004632012965504166
10.5 34645.0 0.0053725407366890625
11.5 25481.0 0.006264577207849592
12.5 19596.0 0.00714358611741054
13.5 14828.0 0.00821218475310967
14.5 11414.0 0.009360112441834116
15.5 8848.0 0.010631081389064058
16.5 6867.0 0.012067476904266608
17.5 5382.0 0.013631013668492179
18.5 4081.0 0.015653689050413564
19.5 3280.0 0.017460757394239454
20.5 2486.0 0.020056236303005487
21.5 1901.0 0.02293553851298437
22.5 1475.0 0.026037782196164774
23.5 1152.0 0.029462782549439483
24.5 864.0 0.034020690871988585
25.5 686.0 0.038180177416060626
26.5 572.0 0.04181210050035454
27.5 371.0 0.0519174131651165
28.5 371.0 0.0519174131651165
29.5 241.0 0.06441566264008308
30.5 191.0 0.07235746052924216
31.5 138.0 0.08512565307587486
32.5 114.0 0.0936585811581694
33.5 83.0 0.10976425998969035
34.5 52.0 0.1386750490563073
35.5 51.0 0.14002800840280097
36.5 27.0 0.19245008972987526
37.5 22.0 0.21320071635561041
38.5 23.0 0.20851441405707477
39.5 11.0 0.30151134457776363
40.5 8.0 0.35355339059327373
41.5 5.0 0.4472135954999579
42.5 11.0 0.30151134457776363
43.5 4.0 0.5
44.5 3.0 0.5773502691896258
45.5 1.0 1.0
46.5 1.0 1.0
47.5 0.0 inf
48.5 0.0 inf
49.5 1.0 1.0
50.5 0.0 inf
51.5 1.0 1.0
52.5 0.0 inf
53.5 0.0 inf
54.5 0.0 inf
55.5 0.0 inf
56.5 0.0 inf
57.5 0.0 inf
58.5 0.0 inf
59.5 0.0 inf
60.5 0.0 inf
61.5 0.0 inf
62.5 0.0 inf
63.5 0.0 inf
64.5 0.0 inf
65.5 0.0 inf
66.5 0.0 inf
67.5 0.0 inf
68.5 0.0 inf
69.5 0.0 inf
70.5 0.0 inf
71.5 0.0 inf
72.5 0.0 inf
73.5 0.0 inf
74.5 0.0 inf
75.5 0.0 inf
76.5 0.0 inf
77.5 0.0 inf
78.5 0.0 inf
79.5 0.0 inf
80.5 0.0 inf
81.5 0.0 inf
82.5 0.0 inf
83.5 0.0 inf
84.5 0.0 inf
85.5 0.0 inf
86.5 0.0 inf
87.5 0.0 inf
88.5 0.0 inf
89.5 0.0 inf
90.5 0.0 inf
91.5 0.0 inf
92.5 0.0 inf
93.5 0.0 inf
94.5 0.0 inf
95.5 0.0 inf
96.5 0.0 inf
97.5 0.0 inf
