0.5 38.5109 0.0016114178343965724
1.5 20.3255 0.0022180911092758862
2.5 20.566499999999998 0.002205056922487559
3.5 18.9135 0.002299397464353951
4.5 16.6532 0.0024504799367372192
5.5 14.9814 0.0025835912209029137
6.5 13.0799 0.002765016887703278
7.5 11.6907 0.002924689338632379
8.5 10.3946 0.003101673711497552
9.5 9.1254 0.003310350999566238
10.5 8.1745 0.003497594045611427
11.5 7.1685 0.0037349591414045243
12.5 6.3693 0.003962361976929604
13.5 5.6158 0.004219822502807178
14.5 4.962 0.004489227555688767
15.5 4.2843 0.004831256138435649
16.5 3.7721 0.005148828202118897
17.5 3.2713 0.0055289137257534425
18.5 2.7891000000000004 0.005987809254476403
19.5 2.3752 0.006488583647459915
20.5 2.0672 0.0069551860509332155
21.5 1.7765 0.0075026967663126935
22.5 1.4517 0.00829968407853821
23.5 1.2429999999999999 0.008969421549263869
24.5 1.0541 0.009740003060309442
25.5 0.8517 0.010835692610757274
26.5 0.7196 0.011788388026930793
27.5 0.5909 0.013008972781166096
28.5 0.4936 0.014233523557739299
29.5 0.39349999999999996 0.015941443036912015
30.5 0.32420000000000004 0.017562789445387732
31.5 0.2611 0.019570258584513545
32.5 0.2031 0.022189373390928115
33.5 0.1588 0.02509428066142478
34.5 0.1338 0.027338327590690405
35.5 0.10469999999999999 0.030904851360770657
36.5 0.0786 0.03566881875032108
37.5 0.0591 0.04113450348948636
38.5 0.048 0.04564354645876384
39.5 0.0354 0.05314940034527339
40.5 0.0302 0.0575435337648436
41.5 0.0238 0.06482037235521643
42.5 0.0155 0.08032193289024989
43.5 0.0104 0.09805806756909202
44.5 0.0095 0.10259783520851541
45.5 0.0074 0.11624763874381928
46.5 0.0059 0.13018891098082389
47.5 0.0036 0.16666666666666666
48.5 0.0039 0.16012815380508713
49.5 0.0021999999999999997 0.21320071635561047
50.5 0.0023 0.20851441405707477
51.5 0.001 0.31622776601683794
52.5 0.001 0.31622776601683794
53.5 0.0006000000000000001 0.40824829046386296
54.5 0.00030000000000000003 0.5773502691896257
55.5 0.0002 0.7071067811865475
56.5 0.0005 0.4472135954999579
57.5 0.0001 1.0
58.5 0.0001 1.0
59.5 0.0 inf
60.5 0.0 inf
61.5 0.0001 1.0
62.5 0.0 inf
63.5 0.0 inf
64.5 0.0 inf
65.5 0.0001 1.0
66.5 0.0 inf
67.5 0.0 inf
68.5 0.0 inf
69.5 0.0 inf
70.5 0.0 inf
71.5 0.0 inf
72.5 0.0 inf
73.5 0.0 inf
74.5 0.0 inf
75.5 0.0 inf
76.5 0.0 inf
77.5 0.0 inf
78.5 0.0 inf
79.5 0.0 inf
80.5 0.0 inf
81.5 0.0 inf
82.5 0.0 inf
83.5 0.0 inf
84.5 0.0 inf
85.5 0.0 inf
86.5 0.0 inf
87.5 0.0 inf
88.5 0.0 inf
89.5 0.0 inf
90.5 0.0 inf
91.5 0.0 inf
92.5 0.0 inf
93.5 0.0 inf
94.5 0.0 inf
95.5 0.0 inf
96.5 0.0 inf
97.5 0.0 inf
