0.5 42.1761 0.0015398087771702974
1.5 22.4426 0.0021108793701252004
2.5 22.657400000000003 0.0021008496083179348
3.5 20.8065 0.0021923025277549362
4.5 18.2962 0.002337865652883719
5.5 16.3652 0.002471948061001327
6.5 14.3324 0.0026414387207073643
7.5 12.7318 0.0028025611417086486
8.5 11.398399999999999 0.0029619522523875903
9.5 9.947299999999998 0.0031706433417188437
10.5 8.9029 0.00335146163559375
11.5 7.7345 0.003595703543731103
12.5 6.874700000000001 0.003813933570986263
13.5 6.0853 0.004053769056569267
14.5 5.3303 0.004331358924302751
15.5 4.66 0.004632410546120794
16.5 4.0272 0.004983086211605456
17.5 3.5073 0.005339659237024586
18.5 3.0102 0.005763712694751478
19.5 2.5774999999999997 0.006228746598642997
20.5 2.2096999999999998 0.0067271845516960645
21.5 1.8876 0.007278552445685779
22.5 1.581 0.007953056449841825
23.5 1.3272 0.008680241605735182
24.5 1.1136 0.009476225544736292
25.5 0.9021 0.010528649266733445
26.5 0.7719 0.011382023541714041
27.5 0.6096999999999999 0.012806837602945691
28.5 0.5357000000000001 0.013662783192936522
29.5 0.41869999999999996 0.01545427085630454
30.5 0.353 0.016831105696898524
31.5 0.2647 0.019436722280931712
32.5 0.2077 0.02194227995205747
33.5 0.16570000000000001 0.024566243134638045
34.5 0.133 0.027420424855354085
35.5 0.1079 0.03044312827739915
36.5 0.0794 0.0354886720493838
37.5 0.07 0.03779644730092272
38.5 0.0539 0.0430730492253948
39.5 0.0419 0.04885319687460315
40.5 0.0303 0.0574484989621426
41.5 0.0232 0.06565321642986129
42.5 0.0186 0.07332355751067665
43.5 0.0116 0.09284766908852593
44.5 0.0093 0.10369516947304253
45.5 0.0087 0.10721125348377948
46.5 0.0054 0.13608276348795434
47.5 0.0045000000000000005 0.14907119849998599
48.5 0.0052 0.1386750490563073
49.5 0.0037999999999999996 0.16222142113076254
50.5 0.0011 0.30151134457776363
51.5 0.0015999999999999999 0.25000000000000006
52.5 0.0007999999999999999 0.3535533905932738
53.5 0.0009 0.3333333333333333
54.5 0.0001 1.0
55.5 0.0002 0.7071067811865475
56.5 0.0002 0.7071067811865475
57.5 0.0001 1.0
58.5 0.0001 1.0
59.5 0.0 inf
60.5 0.0001 1.0
61.5 0.0 inf
62.5 0.0 inf
63.5 0.0 inf
64.5 0.0 inf
65.5 0.0 inf
66.5 0.0 inf
67.5 0.0 inf
68.5 0.0 inf
69.5 0.0 inf
70.5 0.0 inf
71.5 0.0 inf
72.5 0.0 inf
73.5 0.0 inf
74.5 0.0 inf
75.5 0.0 inf
76.5 0.0 inf
77.5 0.0 inf
78.5 0.0 inf
79.5 0.0 inf
80.5 0.0 inf
81.5 0.0 inf
82.5 0.0 inf
83.5 0.0 inf
84.5 0.0 inf
85.5 0.0 inf
86.5 0.0 inf
87.5 0.0 inf
88.5 0.0 inf
89.5 0.0 inf
90.5 0.0 inf
91.5 0.0 inf
92.5 0.0 inf
93.5 0.0 inf
94.5 0.0 inf
95.5 0.0 inf
96.5 0.0 inf
97.5 0.0 inf
