0.5 94.8358 0.0010268661644278673
1.5 44.622 0.0014970126977305236
2.5 41.350300000000004 0.0015551084013846188
3.5 34.941 0.0016917350018053204
4.5 28.7788 0.001864076191152889
5.5 24.4832 0.0020209981215720428
6.5 20.5083 0.00220818354421281
7.5 17.4459 0.002394160771708924
8.5 15.1241 0.0025713738909570174
9.5 12.792300000000001 0.0027959260605210042
10.5 11.252600000000001 0.002981079509601839
11.5 9.6172 0.0032245987115674716
12.5 8.4387 0.003442407078606371
13.5 7.2158999999999995 0.003722671779218838
14.5 6.2682 0.003994188688828173
15.5 5.3507 0.004323094201674822
16.5 4.7246 0.004600631802141584
17.5 4.0618 0.004961816881592691
18.5 3.423 0.005405010605316838
19.5 2.8987999999999996 0.005873417510712146
20.5 2.4748 0.006356674102143342
21.5 2.0602 0.006966991947631997
22.5 1.7591 0.007539711628132278
23.5 1.4569999999999999 0.00828457481235767
24.5 1.2224 0.00904468256615527
25.5 0.9757 0.010123760152578412
26.5 0.8042 0.011151106551328208
27.5 0.6614 0.012296114672722987
28.5 0.5639000000000001 0.013316771649479869
29.5 0.4619 0.014713839651479712
30.5 0.36229999999999996 0.016613679687123586
31.5 0.3025 0.01818181818181818
32.5 0.23220000000000002 0.020752426878823012
33.5 0.188 0.023063280200722125
34.5 0.1412 0.026612314770617474
35.5 0.1072 0.030542361089076306
36.5 0.0848 0.03434014098717226
37.5 0.0739 0.03678559463888549
38.5 0.0524 0.0436852028330519
39.5 0.042499999999999996 0.0485071250072666
40.5 0.0341 0.05415303610738823
41.5 0.0245 0.06388765649999399
42.5 0.019700000000000002 0.07124704998790964
43.5 0.0143 0.08362420100070908
44.5 0.0096 0.10206207261596577
45.5 0.0104 0.09805806756909202
46.5 0.0063999999999999994 0.12500000000000003
47.5 0.0051 0.14002800840280097
48.5 0.0033 0.17407765595569785
49.5 0.0039 0.16012815380508713
50.5 0.0019 0.22941573387056174
51.5 0.0013 0.2773500981126146
52.5 0.0007 0.3779644730092272
53.5 0.0006000000000000001 0.40824829046386296
54.5 0.0004 0.5
55.5 0.0001 1.0
56.5 0.0002 0.7071067811865475
57.5 0.00030000000000000003 0.5773502691896257
58.5 0.0001 1.0
59.5 0.0001 1.0
60.5 0.0 inf
61.5 0.0 inf
62.5 0.0 inf
63.5 0.0 inf
64.5 0.0 inf
65.5 0.0 inf
66.5 0.0 inf
67.5 0.0 inf
68.5 0.0 inf
69.5 0.0 inf
70.5 0.0 inf
71.5 0.0 inf
72.5 0.0 inf
73.5 0.0 inf
74.5 0.0 inf
75.5 0.0 inf
76.5 0.0 inf
77.5 0.0 inf
78.5 0.0 inf
79.5 0.0 inf
80.5 0.0 inf
81.5 0.0 inf
82.5 0.0 inf
83.5 0.0 inf
84.5 0.0 inf
85.5 0.0 inf
86.5 0.0 inf
87.5 0.0 inf
88.5 0.0 inf
89.5 0.0 inf
90.5 0.0 inf
91.5 0.0 inf
92.5 0.0 inf
93.5 0.0 inf
94.5 0.0 inf
95.5 0.0 inf
96.5 0.0 inf
97.5 0.0 inf
