0.5 38.4747 0.001612175729986664
1.5 20.3235 0.002218200245819412
2.5 20.5701 0.002204863959102105
3.5 18.8523 0.00230312669375463
4.5 16.6477 0.0024508846931499315
5.5 14.9961 0.002582324621495886
6.5 13.120899999999999 0.0027606934650758037
7.5 11.6169 0.0029339646339628686
8.5 10.3889 0.003102524480866558
9.5 9.0835 0.0033179771416383557
10.5 8.1614 0.0035003999435416298
11.5 7.2125 0.0037235491166712747
12.5 6.4234 0.003945640532332744
13.5 5.5771 0.0042344380564831785
14.5 4.9251000000000005 0.004506013344497171
15.5 4.2783 0.00483464269159119
16.5 3.7506 0.0051635647262872056
17.5 3.26 0.005538487756217113
18.5 2.7792 0.0059984645895724545
19.5 2.3935 0.006463731147469897
20.5 2.0851 0.006925267539073591
21.5 1.7699 0.007516672618412162
22.5 1.4828000000000001 0.008212184753109667
23.5 1.2324 0.00900791242218625
24.5 1.0623 0.009702338205672545
25.5 0.8699 0.010721741558129204
26.5 0.7053 0.011907293486269472
27.5 0.5858 0.013065478400923492
28.5 0.5085 0.014023438730389044
29.5 0.40080000000000005 0.015795600590164084
30.5 0.32330000000000003 0.017587218033813176
31.5 0.2537 0.019853622797734376
32.5 0.1945 0.02267462937912591
33.5 0.1523 0.025624184243056937
34.5 0.1261 0.02816063585180762
35.5 0.11019999999999999 0.0301237616564389
36.5 0.08 0.035355339059327376
37.5 0.06180000000000001 0.04022589933545648
38.5 0.0448 0.0472455591261534
39.5 0.039099999999999996 0.05057217374241737
40.5 0.0269 0.06097107608496923
41.5 0.022600000000000002 0.06651901052377392
42.5 0.016399999999999998 0.07808688094430304
43.5 0.0145 0.08304547985373997
44.5 0.0108 0.09622504486493763
45.5 0.0071 0.11867816581938533
46.5 0.0059 0.13018891098082389
47.5 0.0031999999999999997 0.1767766952966369
48.5 0.0037 0.1643989873053573
49.5 0.0015999999999999999 0.25000000000000006
50.5 0.0023 0.20851441405707477
51.5 0.0018 0.23570226039551587
52.5 0.0013 0.2773500981126146
53.5 0.0006000000000000001 0.40824829046386296
54.5 0.0008 0.35355339059327373
55.5 0.0004 0.5
56.5 0.0004 0.5
57.5 0.0001 1.0
58.5 0.0002 0.7071067811865475
59.5 0.0 inf
60.5 0.0 inf
61.5 0.0 inf
62.5 0.0 inf
63.5 0.0 inf
64.5 0.0 inf
65.5 0.0 inf
66.5 0.0 inf
67.5 0.0 inf
68.5 0.0 inf
69.5 0.0 inf
70.5 0.0 inf
71.5 0.0 inf
72.5 0.0 inf
73.5 0.0 inf
74.5 0.0 inf
75.5 0.0 inf
76.5 0.0 inf
77.5 0.0 inf
78.5 0.0 inf
79.5 0.0 inf
80.5 0.0 inf
81.5 0.0 inf
82.5 0.0 inf
83.5 0.0 inf
84.5 0.0 inf
85.5 0.0 inf
86.5 0.0 inf
87.5 0.0 inf
88.5 0.0 inf
89.5 0.0 inf
90.5 0.0 inf
91.5 0.0 inf
92.5 0.0 inf
93.5 0.0 inf
94.5 0.0 inf
95.5 0.0 inf
96.5 0.0 inf
97.5 0.0 inf
