0.5 38.7093 0.0016072829623556997
1.5 20.4632 0.0022106155750225925
2.5 20.7051 0.002197664201243006
3.5 19.0345 0.0022920773175644513
4.5 16.7825 0.0024410218791907456
5.5 15.0378 0.0025787417273251934
6.5 13.2236 0.002749952219995263
7.5 11.713899999999999 0.002921791652017303
8.5 10.557400000000001 0.003077666177166294
9.5 9.1455 0.0033067112502527716
10.5 8.2232 0.0034872218201541802
11.5 7.2078 0.0037247629287120443
12.5 6.4256 0.0039449650193612695
13.5 5.6433 0.0042095282744897735
14.5 4.9914000000000005 0.004475986960430549
15.5 4.2999 0.004822484297428952
16.5 3.7786999999999997 0.005144329681762813
17.5 3.2927 0.005510917609182014
18.5 2.8078 0.005967836483902417
19.5 2.4223999999999997 0.00642505827554284
20.5 2.0963 0.00690674278737278
21.5 1.7999999999999998 0.0074535599249993
22.5 1.483 0.008211630979566228
23.5 1.245 0.008962214298964415
24.5 1.0718 0.009659243706961912
25.5 0.8656 0.010748339509808694
26.5 0.7057 0.011903918403013953
27.5 0.5868 0.013054340833132621
28.5 0.49420000000000003 0.01422488059151916
29.5 0.3988 0.01583515888048841
30.5 0.32389999999999997 0.01757092099429725
31.5 0.2569 0.019729584892914265
32.5 0.199 0.022416791983111015
33.5 0.1597 0.02502347051056742
34.5 0.12309999999999999 0.02850171371705741
35.5 0.1036 0.031068488300060003
36.5 0.0743 0.03668644191235265
37.5 0.0691 0.03804179284542668
38.5 0.0465 0.04637388957601683
39.5 0.0372 0.05184758473652126
40.5 0.0292 0.058520573598065284
41.5 0.0203 0.07018624063435965
42.5 0.0169 0.07692307692307693
43.5 0.0125 0.08944271909999159
44.5 0.0106 0.09712858623572641
45.5 0.007 0.11952286093343936
46.5 0.0059 0.13018891098082389
47.5 0.0036 0.16666666666666666
48.5 0.0039 0.16012815380508713
49.5 0.0027 0.19245008972987526
50.5 0.0017000000000000001 0.24253562503633297
51.5 0.0015999999999999999 0.25000000000000006
52.5 0.0007 0.3779644730092272
53.5 0.00039999999999999996 0.5000000000000001
54.5 0.0007999999999999999 0.3535533905932738
55.5 0.0002 0.7071067811865475
56.5 0.0004 0.5
57.5 0.0001 1.0
58.5 0.0001 1.0
59.5 0.0 inf
60.5 0.0002 0.7071067811865475
61.5 0.0 inf
62.5 0.0 inf
63.5 0.0 inf
64.5 0.0 inf
65.5 0.0 inf
66.5 0.0 inf
67.5 0.0 inf
68.5 0.0 inf
69.5 0.0 inf
70.5 0.0 inf
71.5 0.0 inf
72.5 0.0 inf
73.5 0.0 inf
74.5 0.0 inf
75.5 0.0 inf
76.5 0.0 inf
77.5 0.0 inf
78.5 0.0 inf
79.5 0.0 inf
80.5 0.0 inf
81.5 0.0 inf
82.5 0.0 inf
83.5 0.0 inf
84.5 0.0 inf
85.5 0.0 inf
86.5 0.0 inf
87.5 0.0 inf
88.5 0.0 inf
89.5 0.0 inf
90.5 0.0 inf
91.5 0.0 inf
92.5 0.0 inf
93.5 0.0 inf
94.5 0.0 inf
95.5 0.0 inf
96.5 0.0 inf
97.5 0.0 inf
