0.5 38.6401 0.0016087215485417919
1.5 20.3831 0.0022149548729968084
2.5 20.748399999999997 0.002195369842190499
3.5 18.9628 0.002296406501252114
4.5 16.708 0.0024464580133549095
5.5 15.029 0.0025794965881375874
6.5 13.167200000000001 0.002755835459223902
7.5 11.7575 0.002916369222300647
8.5 10.475999999999999 0.0030895999906669367
9.5 9.129 0.003309698220580781
10.5 8.1988 0.0034924070301754896
11.5 7.1698 0.0037346205219872166
12.5 6.4327000000000005 0.0039427873191259346
13.5 5.6403 0.004210647621512639
14.5 4.9722 0.00448462057802131
15.5 4.3078 0.004818060332919403
16.5 3.7962 0.005132458631619889
17.5 3.303 0.0055023183400039815
18.5 2.8099 0.005965606013236533
19.5 2.4154 0.00643436167654947
20.5 2.0553 0.006975291937335265
21.5 1.7747000000000002 0.007506500629379758
22.5 1.4766 0.008229407498229046
23.5 1.2423 0.008971948197771492
24.5 1.0505 0.009756677987400908
25.5 0.8552 0.010813496746208505
26.5 0.7281 0.011719375898910499
27.5 0.5897 0.013022202248430044
28.5 0.4998 0.014144964899666776
29.5 0.40390000000000004 0.015734866893226687
30.5 0.3194 0.017694265686843822
31.5 0.2585 0.019668431441216497
32.5 0.20279999999999998 0.02220577958421638
33.5 0.1633 0.02474610820719749
34.5 0.1246 0.028329634983503674
35.5 0.1071 0.030556616567607043
36.5 0.0837 0.03456505649101418
37.5 0.0638 0.03959037912324479
38.5 0.047 0.04612656040144425
39.5 0.0398 0.05012547071170855
40.5 0.0337 0.05447347107028433
41.5 0.0222 0.06711560552140243
42.5 0.017300000000000003 0.07602859212697054
43.5 0.0165 0.0778498944161523
44.5 0.0098 0.10101525445522107
45.5 0.007 0.11952286093343936
46.5 0.007 0.11952286093343936
47.5 0.0025 0.2
48.5 0.0036 0.16666666666666666
49.5 0.0023 0.20851441405707477
50.5 0.0018 0.23570226039551587
51.5 0.0015999999999999999 0.25000000000000006
52.5 0.0007 0.3779644730092272
53.5 0.0006000000000000001 0.40824829046386296
54.5 0.0001 1.0
55.5 0.0 inf
56.5 0.0 inf
57.5 0.0001 1.0
58.5 0.0001 1.0
59.5 0.0 inf
60.5 0.0002 0.7071067811865475
61.5 0.0002 0.7071067811865475
62.5 0.0 inf
63.5 0.0 inf
64.5 0.0 inf
65.5 0.0 inf
66.5 0.0 inf
67.5 0.0 inf
68.5 0.0 inf
69.5 0.0 inf
70.5 0.0 inf
71.5 0.0 inf
72.5 0.0 inf
73.5 0.0 inf
74.5 0.0 inf
75.5 0.0 inf
76.5 0.0 inf
77.5 0.0 inf
78.5 0.0 inf
79.5 0.0 inf
80.5 0.0 inf
81.5 0.0 inf
82.5 0.0 inf
83.5 0.0 inf
84.5 0.0 inf
85.5 0.0 inf
86.5 0.0 inf
87.5 0.0 inf
88.5 0.0 inf
89.5 0.0 inf
90.5 0.0 inf
91.5 0.0 inf
92.5 0.0 inf
93.5 0.0 inf
94.5 0.0 inf
95.5 0.0 inf
96.5 0.0 inf
97.5 0.0 inf
