0.5 78.07419999999999 0.0011317388606704166
1.5 40.903099999999995 0.0015635864134048555
2.5 40.362700000000004 0.0015740187266434706
3.5 35.8291 0.0016706368262127144
4.5 30.7193 0.0018042401474561538
5.5 26.9572 0.00192602805831919
6.5 22.9279 0.002088420081401922
7.5 19.9325 0.0022398509204839337
8.5 17.383200000000002 0.0023984746713753597
9.5 14.9607 0.0025853779638987306
10.5 13.19 0.002753452584887775
11.5 11.3296 0.002970931999210765
12.5 9.8912 0.0031796221103774325
13.5 8.547699999999999 0.0034203879234040234
14.5 7.379300000000001 0.003681225457164754
15.5 6.3855 0.0039573325330024825
16.5 5.5272 0.004253509529824383
17.5 4.7362 0.004594994366425485
18.5 4.0563 0.004965179644256209
19.5 3.3929 0.005428932852417683
20.5 2.9032999999999998 0.005868863963325909
21.5 2.4455999999999998 0.006394510239556629
22.5 2.0489 0.006986177549517323
23.5 1.6944 0.007682313548287526
24.5 1.4096 0.008422714006615114
25.5 1.1556 0.009302426203099125
26.5 0.9562999999999999 0.010225932510152093
27.5 0.7537 0.011518627724791373
28.5 0.6513 0.012391088559717598
29.5 0.5226999999999999 0.013831642326321026
30.5 0.4295 0.015258730968857688
31.5 0.3345 0.017290276521281022
32.5 0.2559 0.019768096709561138
33.5 0.2095 0.021847813825958583
34.5 0.16060000000000002 0.02495325642529748
35.5 0.1355 0.02716629124620806
36.5 0.09870000000000001 0.031830350703961514
37.5 0.0821 0.0349002406379888
38.5 0.0647 0.039314056698537575
39.5 0.045 0.04714045207910317
40.5 0.0369 0.052057920629535355
41.5 0.026099999999999998 0.061898446059017294
42.5 0.0203 0.07018624063435965
43.5 0.014700000000000001 0.08247860988423225
44.5 0.0119 0.09166984970282112
45.5 0.0087 0.10721125348377948
46.5 0.008 0.11180339887498948
47.5 0.0055 0.13483997249264842
48.5 0.0034000000000000002 0.17149858514250882
49.5 0.0027 0.19245008972987526
50.5 0.0018999999999999998 0.2294157338705618
51.5 0.0017000000000000001 0.24253562503633297
52.5 0.0012 0.2886751345948129
53.5 0.001 0.31622776601683794
54.5 0.0002 0.7071067811865475
55.5 0.0006000000000000001 0.40824829046386296
56.5 0.00039999999999999996 0.5000000000000001
57.5 0.00030000000000000003 0.5773502691896257
58.5 0.0 inf
59.5 0.0002 0.7071067811865475
60.5 0.0002 0.7071067811865475
61.5 0.00030000000000000003 0.5773502691896257
62.5 0.0 inf
63.5 0.0 inf
64.5 0.0001 1.0
65.5 0.0 inf
66.5 0.0 inf
67.5 0.0 inf
68.5 0.0 inf
69.5 0.0 inf
70.5 0.0 inf
71.5 0.0 inf
72.5 0.0 inf
73.5 0.0 inf
74.5 0.0 inf
75.5 0.0 inf
76.5 0.0 inf
77.5 0.0 inf
78.5 0.0 inf
79.5 0.0 inf
80.5 0.0 inf
81.5 0.0 inf
82.5 0.0 inf
83.5 0.0 inf
84.5 0.0 inf
85.5 0.0 inf
86.5 0.0 inf
87.5 0.0 inf
88.5 0.0 inf
89.5 0.0 inf
90.5 0.0 inf
91.5 0.0 inf
92.5 0.0 inf
93.5 0.0 inf
94.5 0.0 inf
95.5 0.0 inf
96.5 0.0 inf
97.5 0.0 inf
