0.5 47.5534 0.001450137599208945
1.5 25.4316 0.0019829563661954695
2.5 25.7045 0.0019724019343363144
3.5 23.5175 0.0020620748415807358
4.5 20.6777 0.00219911978054533
5.5 18.53 0.002323069967623409
6.5 16.1897 0.0024853101837996284
7.5 14.2959 0.002644808604804427
8.5 12.836 0.002791162655333082
9.5 11.148 0.0029950323659921453
10.5 9.8891 0.0031799596968102146
11.5 8.6964 0.0033910191808727186
12.5 7.753299999999999 0.0035913415137187057
13.5 6.7097999999999995 0.0038605147165910025
14.5 5.9127 0.0041125110501392635
15.5 5.1091999999999995 0.004424085873685156
16.5 4.5136 0.004706937867738213
17.5 3.8713999999999995 0.00508236646978575
18.5 3.3493 0.005464154558726399
19.5 2.8245 0.005950167759907205
20.5 2.4669999999999996 0.00636671523074084
21.5 2.0797 0.0069342525371366365
22.5 1.7153 0.007635367695997812
23.5 1.4416 0.00832870755815962
24.5 1.236 0.008994784537014432
25.5 1.0078 0.009961226677075757
26.5 0.8415 0.010901165669462145
27.5 0.6867000000000001 0.012067476904266608
28.5 0.5554 0.013418286556634289
29.5 0.4546 0.01483150711045981
30.5 0.3577 0.01672016388516151
31.5 0.295 0.018411492357966467
32.5 0.2289 0.020901483117353754
33.5 0.1956 0.022610781582306727
34.5 0.14650000000000002 0.026126497213658208
35.5 0.1197 0.028903665650804
36.5 0.0909 0.033167906340332974
37.5 0.0757 0.0363456182092407
38.5 0.0527 0.04356068418690321
39.5 0.0438 0.04778184825674966
40.5 0.0317 0.05616559563017304
41.5 0.0279 0.05986843400892496
42.5 0.0228 0.06622661785325219
43.5 0.0162 0.07856742013183861
44.5 0.0117 0.09245003270420485
45.5 0.0074 0.11624763874381928
46.5 0.0058 0.13130643285972257
47.5 0.0040999999999999995 0.15617376188860607
48.5 0.0031999999999999997 0.1767766952966369
49.5 0.0024 0.20412414523193154
50.5 0.0023 0.20851441405707477
51.5 0.0014 0.2672612419124244
52.5 0.0009 0.3333333333333333
53.5 0.0006000000000000001 0.40824829046386296
54.5 0.0006 0.4082482904638631
55.5 0.0005 0.4472135954999579
56.5 0.0006 0.4082482904638631
57.5 0.0001 1.0
58.5 0.0 inf
59.5 0.0 inf
60.5 0.0 inf
61.5 0.0001 1.0
62.5 0.0001 1.0
63.5 0.0001 1.0
64.5 0.0 inf
65.5 0.0 inf
66.5 0.0 inf
67.5 0.0 inf
68.5 0.0 inf
69.5 0.0 inf
70.5 0.0 inf
71.5 0.0 inf
72.5 0.0 inf
73.5 0.0 inf
74.5 0.0 inf
75.5 0.0 inf
76.5 0.0 inf
77.5 0.0 inf
78.5 0.0 inf
79.5 0.0 inf
80.5 0.0 inf
81.5 0.0 inf
82.5 0.0 inf
83.5 0.0 inf
84.5 0.0 inf
85.5 0.0 inf
86.5 0.0 inf
87.5 0.0 inf
88.5 0.0 inf
89.5 0.0 inf
90.5 0.0 inf
91.5 0.0 inf
92.5 0.0 inf
93.5 0.0 inf
94.5 0.0 inf
95.5 0.0 inf
96.5 0.0 inf
97.5 0.0 inf
