0.5 38.4487 0.001612720735215827
1.5 20.338900000000002 0.0022173603097235986
2.5 20.5972 0.002203412997799392
3.5 18.8474 0.00230342606097232
4.5 16.6134 0.0024534134349912685
5.5 14.9417 0.0025870212365913673
6.5 13.104800000000001 0.0027623887798342494
7.5 11.658000000000001 0.0029287882565854515
8.5 10.4131 0.003098917257021877
9.5 9.09 0.0033167906340332972
10.5 8.1694 0.003498685615773433
11.5 7.1861999999999995 0.0037303566022052754
12.5 6.3936 0.003954824982302079
13.5 5.6022 0.004224941455919979
14.5 4.9035 0.0045159269713677865
15.5 4.253 0.004849001390378613
16.5 3.7873 0.00513848562676565
17.5 3.2775 0.005523681766661075
18.5 2.7665 0.006012217214028813
19.5 2.4043 0.006449197423134943
20.5 2.0801 0.006933585782083447
21.5 1.76 0.0075377836144440895
22.5 1.4643 0.008263898393812212
23.5 1.2517 0.0089381960018248
24.5 1.0444 0.009785129292256773
25.5 0.8474 0.010863149844574045
26.5 0.7052 0.011908137705738522
27.5 0.5786 0.013146519361034644
28.5 0.4895 0.014293008498232321
29.5 0.4042 0.015729026546513935
30.5 0.32430000000000003 0.017560081436822507
31.5 0.258 0.019687480773953943
32.5 0.20779999999999998 0.02193699965359284
33.5 0.1575 0.02519763153394848
34.5 0.1262 0.028149476494978783
35.5 0.10439999999999999 0.030949223029508647
36.5 0.08399999999999999 0.03450327796711771
37.5 0.067 0.03863337046431279
38.5 0.0509 0.04432422071779363
39.5 0.0358 0.05285164225816899
40.5 0.028900000000000002 0.058823529411764705
41.5 0.022699999999999998 0.0663723311599972
42.5 0.016300000000000002 0.07832604499879572
43.5 0.012400000000000001 0.08980265101338744
44.5 0.0098 0.10101525445522107
45.5 0.007 0.11952286093343936
46.5 0.0059 0.13018891098082389
47.5 0.0037 0.1643989873053573
48.5 0.0035 0.1690308509457033
49.5 0.0018 0.23570226039551587
50.5 0.0011 0.30151134457776363
51.5 0.0013 0.2773500981126146
52.5 0.0012000000000000001 0.28867513459481287
53.5 0.001 0.31622776601683794
54.5 0.0005 0.4472135954999579
55.5 0.0002 0.7071067811865475
56.5 0.0 inf
57.5 0.0001 1.0
58.5 0.0 inf
59.5 0.0002 0.7071067811865475
60.5 0.0 inf
61.5 0.0 inf
62.5 0.0 inf
63.5 0.0001 1.0
64.5 0.0 inf
65.5 0.0 inf
66.5 0.0 inf
67.5 0.0 inf
68.5 0.0 inf
69.5 0.0 inf
70.5 0.0 inf
71.5 0.0 inf
72.5 0.0 inf
73.5 0.0 inf
74.5 0.0 inf
75.5 0.0 inf
76.5 0.0 inf
77.5 0.0 inf
78.5 0.0 inf
79.5 0.0 inf
80.5 0.0 inf
81.5 0.0 inf
82.5 0.0 inf
83.5 0.0 inf
84.5 0.0 inf
85.5 0.0 inf
86.5 0.0 inf
87.5 0.0 inf
88.5 0.0 inf
89.5 0.0 inf
90.5 0.0 inf
91.5 0.0 inf
92.5 0.0 inf
93.5 0.0 inf
94.5 0.0 inf
95.5 0.0 inf
96.5 0.0 inf
97.5 0.0 inf
