0.5 38.4853 0.0016119536940455462
1.5 20.2899 0.0022200361518070573
2.5 20.572200000000002 0.002204751420518904
3.5 18.862699999999997 0.0023024916886891663
4.5 16.634 0.0024518937772395315
5.5 14.9147 0.0025893618129990007
6.5 13.1704 0.0027555006474793515
7.5 11.6024 0.0029357974101003226
8.5 10.418199999999999 0.003098158660879176
9.5 9.1004 0.0033148948666273307
10.5 8.1602 0.0035006573101207567
11.5 7.1386 0.003742772899334087
12.5 6.3932 0.003954948700099876
13.5 5.5634 0.004239648551093646
14.5 4.952500000000001 0.004493531162901137
15.5 4.2873 0.0048295655284043785
16.5 3.7588 0.005157929370811001
17.5 3.2788 0.005522586625418999
18.5 2.794 0.005982556366042066
19.5 2.4095 0.006442234580269277
20.5 2.0568 0.006972747974328105
21.5 1.7342 0.007593647078600014
22.5 1.4788999999999999 0.008223005780030913
23.5 1.2606000000000002 0.008906587700022634
24.5 1.0408 0.00980203746722279
25.5 0.8647 0.010753931616762061
26.5 0.7025999999999999 0.011930150634611943
27.5 0.5753 0.013184170567565755
28.5 0.49560000000000004 0.014204774743178402
29.5 0.4034 0.015744615278334574
30.5 0.32530000000000003 0.017533070066522223
31.5 0.2549 0.019806834933486603
32.5 0.20229999999999998 0.022233204294660427
33.5 0.156 0.025318484177091666
34.5 0.1253 0.02825039109405883
35.5 0.1056 0.03077287274483318
36.5 0.082 0.03492151478847891
37.5 0.06989999999999999 0.037823473723611695
38.5 0.0479 0.04569116623849538
39.5 0.0397 0.05018856132284956
40.5 0.0313 0.05652334189442215
41.5 0.0234 0.06537204504606134
42.5 0.016300000000000002 0.07832604499879572
43.5 0.0115 0.09325048082403138
44.5 0.0091 0.10482848367219183
45.5 0.0072 0.11785113019775793
46.5 0.0068 0.12126781251816648
47.5 0.0041 0.15617376188860607
48.5 0.0034999999999999996 0.16903085094570333
49.5 0.0021 0.2182178902359924
50.5 0.0012 0.2886751345948129
51.5 0.0014 0.2672612419124244
52.5 0.0011 0.30151134457776363
53.5 0.0008 0.35355339059327373
54.5 0.0005 0.4472135954999579
55.5 0.0004 0.5
56.5 0.0002 0.7071067811865475
57.5 0.0 inf
58.5 0.0001 1.0
59.5 0.0001 1.0
60.5 0.0001 1.0
61.5 0.0 inf
62.5 0.0001 1.0
63.5 0.0 inf
64.5 0.0 inf
65.5 0.0001 1.0
66.5 0.0 inf
67.5 0.0001 1.0
68.5 0.0 inf
69.5 0.0 inf
70.5 0.0 inf
71.5 0.0 inf
72.5 0.0 inf
73.5 0.0 inf
74.5 0.0 inf
75.5 0.0 inf
76.5 0.0 inf
77.5 0.0 inf
78.5 0.0 inf
79.5 0.0 inf
80.5 0.0 inf
81.5 0.0 inf
82.5 0.0 inf
83.5 0.0 inf
84.5 0.0 inf
85.5 0.0 inf
86.5 0.0 inf
87.5 0.0 inf
88.5 0.0 inf
89.5 0.0 inf
90.5 0.0 inf
91.5 0.0 inf
92.5 0.0 inf
93.5 0.0 inf
94.5 0.0 inf
95.5 0.0 inf
96.5 0.0 inf
97.5 0.0 inf
