0.5 42.6951 0.0015304212330307684
1.5 22.7427 0.0020969061271335636
2.5 23.109 0.0020802207480966543
3.5 21.2038 0.0021716665920397584
4.5 18.641399999999997 0.0023161182960021462
5.5 16.8068 0.0024392565732464268
6.5 14.644 0.002613184899355395
7.5 13.0578 0.002767355759473838
8.5 11.614799999999999 0.002934229857955478
9.5 10.1781 0.003134488228866487
10.5 9.100999999999999 0.0033147855945856804
11.5 7.9799999999999995 0.0035399616270239435
12.5 7.0870999999999995 0.0037563471328359867
13.5 6.2431 0.004002209829907592
14.5 5.5103 0.0042600272582976224
15.5 4.7620000000000005 0.004582529869886265
16.5 4.178 0.004892330434459896
17.5 3.6475 0.005236032694937431
18.5 3.0779 0.005699972326701531
19.5 2.6657 0.0061248345838497
20.5 2.292 0.006605302222609272
21.5 1.9595 0.0071437683959249395
22.5 1.609 0.007883552750988976
23.5 1.3624 0.008567373142345786
24.5 1.1512 0.009320186644198512
25.5 0.9359 0.010336780075606023
26.5 0.7888 0.011259433727776125
27.5 0.6402 0.012498047332644495
28.5 0.5353000000000001 0.013667886959716304
29.5 0.43920000000000003 0.015089291007086421
30.5 0.34950000000000003 0.016915171678234565
31.5 0.2748 0.019076189842912893
32.5 0.21810000000000002 0.021412736228951155
33.5 0.1819 0.023446803861612006
34.5 0.14279999999999998 0.026462806201248162
35.5 0.1148 0.029514066805047763
36.5 0.0917 0.033022909334191324
37.5 0.0696 0.03790490217894517
38.5 0.0542 0.04295367795875577
39.5 0.04190000000000001 0.04885319687460315
40.5 0.033299999999999996 0.0547996624351191
41.5 0.0245 0.06388765649999399
42.5 0.0194 0.07179581586177382
43.5 0.0125 0.08944271909999159
44.5 0.012799999999999999 0.08838834764831845
45.5 0.0103 0.09853292781642932
46.5 0.0063999999999999994 0.12500000000000003
47.5 0.0048 0.14433756729740646
48.5 0.0031999999999999997 0.1767766952966369
49.5 0.0027 0.19245008972987526
50.5 0.0021999999999999997 0.21320071635561047
51.5 0.001 0.31622776601683794
52.5 0.001 0.31622776601683794
53.5 0.0008 0.35355339059327373
54.5 0.0006000000000000001 0.40824829046386296
55.5 0.00030000000000000003 0.5773502691896257
56.5 0.0004 0.5
57.5 0.0002 0.7071067811865475
58.5 0.0001 1.0
59.5 0.0001 1.0
60.5 0.0001 1.0
61.5 0.0 inf
62.5 0.0 inf
63.5 0.0 inf
64.5 0.0 inf
65.5 0.0 inf
66.5 0.0 inf
67.5 0.0 inf
68.5 0.0 inf
69.5 0.0 inf
70.5 0.0 inf
71.5 0.0 inf
72.5 0.0 inf
73.5 0.0 inf
74.5 0.0 inf
75.5 0.0 inf
76.5 0.0 inf
77.5 0.0 inf
78.5 0.0 inf
79.5 0.0 inf
80.5 0.0 inf
81.5 0.0 inf
82.5 0.0 inf
83.5 0.0 inf
84.5 0.0 inf
85.5 0.0 inf
86.5 0.0 inf
87.5 0.0 inf
88.5 0.0 inf
89.5 0.0 inf
90.5 0.0 inf
91.5 0.0 inf
92.5 0.0 inf
93.5 0.0 inf
94.5 0.0 inf
95.5 0.0 inf
96.5 0.0 inf
97.5 0.0 inf
