0.5 38.4519 0.001612653627820266
1.5 20.283 0.002220413732709885
2.5 20.5828 0.0022041836315221026
3.5 18.9009 0.002300163765989187
4.5 16.5937 0.002454869346216539
5.5 14.8969 0.002590908338796346
6.5 13.154 0.0027572178488611955
7.5 11.6486 0.0029299697315180407
8.5 10.411000000000001 0.003099229782144579
9.5 9.1025 0.003314512461751297
10.5 8.1282 0.003507541429372966
11.5 7.1713000000000005 0.003734229921695183
12.5 6.3816 0.003958541574591403
13.5 5.6205 0.004218057774247205
14.5 4.9321 0.004502814575912108
15.5 4.2766 0.004835603510461414
16.5 3.8036000000000003 0.005127463536877735
17.5 3.2778 0.005523428983933594
18.5 2.8129 0.005962423960480985
19.5 2.3728 0.006491864300057218
20.5 2.0569 0.006972578475744688
21.5 1.7365 0.007588616506945804
22.5 1.4758 0.008231637690003926
23.5 1.2361 0.008994420692403842
24.5 1.0396999999999998 0.009807221362012411
25.5 0.8448 0.010879853497231116
26.5 0.7178 0.011803159420437522
27.5 0.5808 0.01312159702703695
28.5 0.5054 0.014066381153285495
29.5 0.39159999999999995 0.01598006930251483
30.5 0.32330000000000003 0.017587218033813176
31.5 0.2523 0.019908629972056058
32.5 0.2042 0.022129526988628804
33.5 0.1674 0.024441185836892216
34.5 0.119 0.028988551782622423
35.5 0.1 0.03162277660168379
36.5 0.0764 0.03617873026462108
37.5 0.0644 0.03940552031195503
38.5 0.0467 0.046274481338274755
39.5 0.0373 0.05177803730784977
40.5 0.027700000000000002 0.06008417681261097
41.5 0.0249 0.06337242505244779
42.5 0.0189 0.07273929674533079
43.5 0.0117 0.09245003270420485
44.5 0.0093 0.10369516947304253
45.5 0.0063999999999999994 0.12500000000000003
46.5 0.0063999999999999994 0.12500000000000003
47.5 0.0045000000000000005 0.14907119849998599
48.5 0.0024 0.20412414523193154
49.5 0.002 0.22360679774997896
50.5 0.0014 0.2672612419124244
51.5 0.0019000000000000002 0.22941573387056174
52.5 0.0008 0.35355339059327373
53.5 0.0008 0.35355339059327373
54.5 0.0006 0.4082482904638631
55.5 0.0001 1.0
56.5 0.00039999999999999996 0.5000000000000001
57.5 0.0001 1.0
58.5 0.0001 1.0
59.5 0.0 inf
60.5 0.0 inf
61.5 0.0 inf
62.5 0.0 inf
63.5 0.0001 1.0
64.5 0.0 inf
65.5 0.0 inf
66.5 0.0 inf
67.5 0.0 inf
68.5 0.0 inf
69.5 0.0 inf
70.5 0.0 inf
71.5 0.0 inf
72.5 0.0 inf
73.5 0.0 inf
74.5 0.0 inf
75.5 0.0 inf
76.5 0.0 inf
77.5 0.0 inf
78.5 0.0 inf
79.5 0.0 inf
80.5 0.0 inf
81.5 0.0 inf
82.5 0.0 inf
83.5 0.0 inf
84.5 0.0 inf
85.5 0.0 inf
86.5 0.0 inf
87.5 0.0 inf
88.5 0.0 inf
89.5 0.0 inf
90.5 0.0 inf
91.5 0.0 inf
92.5 0.0 inf
93.5 0.0 inf
94.5 0.0 inf
95.5 0.0 inf
96.5 0.0 inf
97.5 0.0 inf
