0.5 38.5306 0.0016110058373081835
1.5 20.2886 0.0022201072755111987
2.5 20.619799999999998 0.002202205159069875
3.5 18.859699999999997 0.002302674809321945
4.5 16.6943 0.00244746163738731
5.5 14.9447 0.0025867615641577296
6.5 13.1678 0.0027557726727253334
7.5 11.6228 0.002933219865547078
8.5 10.4291 0.0030965392134820265
9.5 9.1189 0.003311530607219312
10.5 8.1734 0.003497829395894777
11.5 7.1521 0.0037392388813512725
12.5 6.4116 0.00394926966985012
13.5 5.600899999999999 0.004225431743661606
14.5 4.9198 0.004508439809223902
15.5 4.288399999999999 0.004828946082597285
16.5 3.7861000000000002 0.005139299880778806
17.5 3.2499000000000002 0.005547087302713418
18.5 2.7921 0.005984591558906051
19.5 2.4036 0.006450136454080044
20.5 2.0555 0.006974952581381996
21.5 1.7626 0.007532222094518512
22.5 1.4816 0.008215509748759687
23.5 1.2677 0.008881611142498328
24.5 1.0436 0.009788879102431685
25.5 0.8421000000000001 0.01089728141290931
26.5 0.7147 0.011828729731830894
27.5 0.5835 0.01309120337581334
28.5 0.5019 0.014115341904011565
29.5 0.3962 0.01588703178380234
30.5 0.3109 0.017934515097395496
31.5 0.2628 0.01950685786602176
32.5 0.2101 0.021816595214404266
33.5 0.1558 0.025334729596906996
34.5 0.1313 0.027597366233044082
35.5 0.105 0.030860669992418384
36.5 0.0776 0.03589790793088691
37.5 0.0606 0.04062222318511938
38.5 0.0503 0.04458779620677098
39.5 0.0382 0.05116445100966508
40.5 0.0302 0.0575435337648436
41.5 0.0229 0.06608186004550898
42.5 0.0172 0.07624928516630233
43.5 0.013600000000000001 0.08574929257125441
44.5 0.008799999999999999 0.10660035817780524
45.5 0.0058 0.13130643285972257
46.5 0.0037 0.1643989873053573
47.5 0.0039 0.16012815380508713
48.5 0.0043 0.15249857033260467
49.5 0.0018999999999999998 0.2294157338705618
50.5 0.0018 0.23570226039551587
51.5 0.0015999999999999999 0.25000000000000006
52.5 0.001 0.31622776601683794
53.5 0.0007 0.3779644730092272
54.5 0.0006 0.4082482904638631
55.5 0.0004 0.5
56.5 0.0001 1.0
57.5 0.0001 1.0
58.5 0.0 inf
59.5 0.0 inf
60.5 0.0002 0.7071067811865475
61.5 0.0 inf
62.5 0.0 inf
63.5 0.0001 1.0
64.5 0.0 inf
65.5 0.0 inf
66.5 0.0 inf
67.5 0.0 inf
68.5 0.0 inf
69.5 0.0 inf
70.5 0.0 inf
71.5 0.0 inf
72.5 0.0 inf
73.5 0.0 inf
74.5 0.0 inf
75.5 0.0 inf
76.5 0.0 inf
77.5 0.0 inf
78.5 0.0 inf
79.5 0.0 inf
80.5 0.0 inf
81.5 0.0 inf
82.5 0.0 inf
83.5 0.0 inf
84.5 0.0 inf
85.5 0.0 inf
86.5 0.0 inf
87.5 0.0 inf
88.5 0.0 inf
89.5 0.0 inf
90.5 0.0 inf
91.5 0.0 inf
92.5 0.0 inf
93.5 0.0 inf
94.5 0.0 inf
95.5 0.0 inf
96.5 0.0 inf
97.5 0.0 inf
