0.5 38.629400000000004 0.0016089443338911666
1.5 20.3722 0.0022155473416450968
2.5 20.7247 0.0021966247553807405
3.5 19.0076 0.0022936986448414496
4.5 16.657600000000002 0.002450156275951079
5.5 14.964500000000001 0.002585049684970855
6.5 13.2039 0.0027520028969579184
7.5 11.733699999999999 0.0029193254265022796
8.5 10.5371 0.003080629353070137
9.5 9.1292 0.0033096619664035494
10.5 8.2229 0.0034872854325661198
11.5 7.1937 0.0037284114995075105
12.5 6.4024 0.003952106124769672
13.5 5.6358999999999995 0.004212290946884291
14.5 4.948 0.0044955740382859434
15.5 4.2938 0.004825908620142726
16.5 3.8145 0.005120132387854553
17.5 3.2691999999999997 0.005530689214383735
18.5 2.8349 0.005939243458650593
19.5 2.4164000000000003 0.006433030144619448
20.5 2.0637 0.006961081490805571
21.5 1.7871000000000001 0.0074804129361759255
22.5 1.4687000000000001 0.00825151042250693
23.5 1.2538 0.008930707535646587
24.5 1.0629 0.00969959936632209
25.5 0.8489 0.01085354804854514
26.5 0.7173 0.011807272449596909
27.5 0.5774 0.013160173357473411
28.5 0.49740000000000006 0.014179049201854005
29.5 0.39459999999999995 0.01591920808366894
30.5 0.3125 0.01788854381999832
31.5 0.26380000000000003 0.019469849944497734
32.5 0.2016 0.0222717701593687
33.5 0.1663 0.024521886354905213
34.5 0.13 0.027735009811261455
35.5 0.10750000000000001 0.03049971406652093
36.5 0.082 0.03492151478847891
37.5 0.0643 0.03943615033625495
38.5 0.05 0.044721359549995794
39.5 0.0395 0.05031546054266276
40.5 0.029400000000000003 0.05832118435198043
41.5 0.0254 0.06274558051381586
42.5 0.0166 0.07761505257063328
43.5 0.0131 0.0873704056661038
44.5 0.0095 0.10259783520851541
45.5 0.0077 0.11396057645963795
46.5 0.0068000000000000005 0.12126781251816648
47.5 0.0045000000000000005 0.14907119849998599
48.5 0.0026 0.19611613513818404
49.5 0.0027 0.19245008972987526
50.5 0.0018 0.23570226039551587
51.5 0.001 0.31622776601683794
52.5 0.0009000000000000001 0.3333333333333333
53.5 0.001 0.31622776601683794
54.5 0.0005 0.4472135954999579
55.5 0.0002 0.7071067811865475
56.5 0.00030000000000000003 0.5773502691896257
57.5 0.0001 1.0
58.5 0.0 inf
59.5 0.0002 0.7071067811865475
60.5 0.0 inf
61.5 0.0 inf
62.5 0.0 inf
63.5 0.0 inf
64.5 0.0 inf
65.5 0.0 inf
66.5 0.0 inf
67.5 0.0 inf
68.5 0.0 inf
69.5 0.0 inf
70.5 0.0 inf
71.5 0.0 inf
72.5 0.0 inf
73.5 0.0 inf
74.5 0.0 inf
75.5 0.0 inf
76.5 0.0 inf
77.5 0.0 inf
78.5 0.0 inf
79.5 0.0 inf
80.5 0.0 inf
81.5 0.0 inf
82.5 0.0 inf
83.5 0.0 inf
84.5 0.0 inf
85.5 0.0 inf
86.5 0.0 inf
87.5 0.0 inf
88.5 0.0 inf
89.5 0.0 inf
90.5 0.0 inf
91.5 0.0 inf
92.5 0.0 inf
93.5 0.0 inf
94.5 0.0 inf
95.5 0.0 inf
96.5 0.0 inf
97.5 0.0 inf
