0.5 128083.0 0.0027941791934007632
1.5 47091.0 0.004608197070480563
2.5 36797.0 0.005213072845139947
3.5 26454.0 0.006148289737553675
4.5 18818.0 0.007289760630789149
5.5 13421.0 0.008631923083416811
6.5 9668.0 0.010170251181863347
7.5 7311.0 0.011695306504229626
8.5 5759.0 0.013177300829938652
9.5 4254.0 0.015332086374349154
10.5 3397.0 0.01715742963897298
11.5 2552.0 0.019795189561622396
12.5 1997.0 0.02237746917526723
13.5 1573.0 0.02521364528296496
14.5 1305.0 0.027681826617913324
15.5 1013.0 0.03141921118033474
16.5 785.0 0.03569153051241249
17.5 642.0 0.03946685189819292
18.5 447.0 0.047298376984040214
19.5 412.0 0.04926646390821466
20.5 269.0 0.06097107608496923
21.5 221.0 0.06726727939963124
22.5 202.0 0.07035975447302918
23.5 140.0 0.08451542547285165
24.5 122.0 0.09053574604251853
25.5 79.0 0.1125087900926024
26.5 76.0 0.11470786693528087
27.5 49.0 0.14285714285714285
28.5 45.0 0.14907119849998599
29.5 25.0 0.2
30.5 20.0 0.22360679774997896
31.5 16.0 0.25
32.5 16.0 0.25
33.5 6.0 0.4082482904638631
34.5 9.0 0.3333333333333333
35.5 5.0 0.4472135954999579
36.5 2.0 0.7071067811865475
37.5 4.0 0.5
38.5 0.0 inf
39.5 1.0 1.0
40.5 0.0 inf
41.5 1.0 1.0
42.5 0.0 inf
43.5 0.0 inf
44.5 0.0 inf
45.5 1.0 1.0
46.5 0.0 inf
47.5 0.0 inf
48.5 0.0 inf
49.5 0.0 inf
50.5 0.0 inf
51.5 0.0 inf
52.5 0.0 inf
53.5 0.0 inf
54.5 0.0 inf
55.5 0.0 inf
56.5 0.0 inf
57.5 0.0 inf
58.5 0.0 inf
59.5 0.0 inf
60.5 0.0 inf
61.5 0.0 inf
62.5 0.0 inf
63.5 0.0 inf
64.5 0.0 inf
65.5 0.0 inf
66.5 0.0 inf
67.5 0.0 inf
68.5 0.0 inf
69.5 0.0 inf
70.5 0.0 inf
71.5 0.0 inf
72.5 0.0 inf
73.5 0.0 inf
74.5 0.0 inf
75.5 0.0 inf
76.5 0.0 inf
77.5 0.0 inf
78.5 0.0 inf
79.5 0.0 inf
80.5 0.0 inf
81.5 0.0 inf
82.5 0.0 inf
83.5 0.0 inf
84.5 0.0 inf
85.5 0.0 inf
86.5 0.0 inf
87.5 0.0 inf
88.5 0.0 inf
89.5 0.0 inf
90.5 0.0 inf
91.5 0.0 inf
92.5 0.0 inf
93.5 0.0 inf
94.5 0.0 inf
95.5 0.0 inf
96.5 0.0 inf
97.5 0.0 inf
