0.5 14114.0 0.008417341425462504
1.5 6862.0 0.012071872590459186
2.5 6143.0 0.012758797432841413
3.5 5223.0 0.01383693774853889
4.5 4100.0 0.015617376188860606
5.5 3355.0 0.01726448936819622
6.5 2726.0 0.019153011712702294
7.5 2165.0 0.021491713855208944
8.5 1750.0 0.023904572186687872
9.5 1488.0 0.02592379236826063
10.5 1173.0 0.029197858123689188
11.5 968.0 0.03214121732666125
12.5 803.0 0.035289233662029275
13.5 628.0 0.03990434422338111
14.5 547.0 0.04275691248090128
15.5 414.0 0.04914731871829905
16.5 382.0 0.05116445100966508
17.5 289.0 0.058823529411764705
18.5 222.0 0.06711560552140243
19.5 184.0 0.07372097807744857
20.5 126.0 0.0890870806374748
21.5 125.0 0.08944271909999159
22.5 92.0 0.10425720702853739
23.5 92.0 0.10425720702853739
24.5 54.0 0.13608276348795434
25.5 40.0 0.15811388300841897
26.5 26.0 0.19611613513818404
27.5 26.0 0.19611613513818404
28.5 25.0 0.2
29.5 22.0 0.21320071635561041
30.5 8.0 0.35355339059327373
31.5 3.0 0.5773502691896258
32.5 6.0 0.4082482904638631
33.5 5.0 0.4472135954999579
34.5 3.0 0.5773502691896258
35.5 4.0 0.5
36.5 1.0 1.0
37.5 2.0 0.7071067811865475
38.5 0.0 inf
39.5 2.0 0.7071067811865475
40.5 0.0 inf
41.5 0.0 inf
42.5 0.0 inf
43.5 0.0 inf
44.5 0.0 inf
45.5 0.0 inf
46.5 0.0 inf
47.5 0.0 inf
48.5 0.0 inf
49.5 0.0 inf
50.5 0.0 inf
51.5 0.0 inf
52.5 0.0 inf
53.5 0.0 inf
54.5 0.0 inf
55.5 0.0 inf
56.5 0.0 inf
57.5 0.0 inf
58.5 0.0 inf
59.5 0.0 inf
60.5 0.0 inf
61.5 0.0 inf
62.5 0.0 inf
63.5 0.0 inf
64.5 0.0 inf
65.5 0.0 inf
66.5 0.0 inf
67.5 0.0 inf
68.5 0.0 inf
69.5 0.0 inf
70.5 0.0 inf
71.5 0.0 inf
72.5 0.0 inf
73.5 0.0 inf
74.5 0.0 inf
75.5 0.0 inf
76.5 0.0 inf
77.5 0.0 inf
78.5 0.0 inf
79.5 0.0 inf
80.5 0.0 inf
81.5 0.0 inf
82.5 0.0 inf
83.5 0.0 inf
84.5 0.0 inf
85.5 0.0 inf
86.5 0.0 inf
87.5 0.0 inf
88.5 0.0 inf
89.5 0.0 inf
90.5 0.0 inf
91.5 0.0 inf
92.5 0.0 inf
93.5 0.0 inf
94.5 0.0 inf
95.5 0.0 inf
96.5 0.0 inf
97.5 0.0 inf
