0.5 58.2692 0.0013100276803913082
1.5 31.674400000000002 0.0017768296862652262
2.5 32.1815 0.0017627749020808234
3.5 29.6524 0.0018364118013719604
4.5 26.226999999999997 0.0019526557825632943
5.5 23.478 0.0020638087568590215
6.5 20.674 0.0021993165586038795
7.5 18.389400000000002 0.0023319338156951677
8.5 16.554 0.0024578112319113437
9.5 14.3744 0.0026375769392414927
10.5 12.9234 0.002781708430182875
11.5 11.361699999999999 0.002966732171187982
12.5 10.105 0.003145805309302787
13.5 8.864 0.003358807593127869
14.5 7.7927 0.003582251072391014
15.5 6.759 0.003846438356554513
16.5 6.008699999999999 0.004079526319430948
17.5 5.188000000000001 0.004390358821128122
18.5 4.431699999999999 0.004750232024812081
19.5 3.7793 0.0051439213097990225
20.5 3.2749 0.005525874005088017
21.5 2.7648 0.006014065304058602
22.5 2.339 0.006538601791039663
23.5 1.9687000000000001 0.0071270569538831345
24.5 1.6555 0.007772046806826517
25.5 1.3431 0.008628709052295446
26.5 1.1188 0.009454177920756061
27.5 0.9313 0.010362277024817129
28.5 0.7839 0.011294569126194955
29.5 0.6247 0.012652147520547776
30.5 0.4986 0.014161976288736246
31.5 0.3955 0.01590108488852604
32.5 0.3218 0.017628159855416825
33.5 0.2582 0.019679854401103796
34.5 0.1965 0.022558941739747075
35.5 0.1597 0.02502347051056742
36.5 0.1202 0.02884348722688805
37.5 0.10039999999999999 0.031559720154890156
38.5 0.0801 0.03533326266687867
39.5 0.0589 0.04120428217151646
40.5 0.0438 0.04778184825674966
41.5 0.0353 0.05322462954123495
42.5 0.028999999999999998 0.058722021951470346
43.5 0.018 0.07453559924999299
44.5 0.0175 0.07559289460184544
45.5 0.0117 0.09245003270420485
46.5 0.0091 0.10482848367219183
47.5 0.0072 0.11785113019775793
48.5 0.0055 0.13483997249264842
49.5 0.004 0.15811388300841897
50.5 0.0026 0.19611613513818404
51.5 0.0017000000000000001 0.24253562503633297
52.5 0.0007999999999999999 0.3535533905932738
53.5 0.001 0.31622776601683794
54.5 0.0004 0.5
55.5 0.0004 0.5
56.5 0.0007 0.3779644730092272
57.5 0.0002 0.7071067811865475
58.5 0.0002 0.7071067811865475
59.5 0.0001 1.0
60.5 0.0 inf
61.5 0.0001 1.0
62.5 0.0 inf
63.5 0.0 inf
64.5 0.0 inf
65.5 0.0001 1.0
66.5 0.0 inf
67.5 0.0 inf
68.5 0.0 inf
69.5 0.0 inf
70.5 0.0 inf
71.5 0.0 inf
72.5 0.0 inf
73.5 0.0 inf
74.5 0.0 inf
75.5 0.0 inf
76.5 0.0 inf
77.5 0.0 inf
78.5 0.0 inf
79.5 0.0 inf
80.5 0.0 inf
81.5 0.0 inf
82.5 0.0 inf
83.5 0.0 inf
84.5 0.0 inf
85.5 0.0 inf
86.5 0.0 inf
87.5 0.0 inf
88.5 0.0 inf
89.5 0.0 inf
90.5 0.0 inf
91.5 0.0 inf
92.5 0.0 inf
93.5 0.0 inf
94.5 0.0 inf
95.5 0.0 inf
96.5 0.0 inf
97.5 0.0 inf
