0.5 23713.0 0.0064939172366302094
1.5 10887.0 0.009583979774603799
2.5 9693.0 0.010157127255600086
3.5 7981.0 0.011193640237057474
4.5 6086.0 0.012818406089281685
5.5 4817.0 0.014408264645597368
6.5 3831.0 0.016156374967834803
7.5 3028.0 0.01817280910462035
8.5 2477.0 0.02009263970630489
9.5 1942.0 0.02269213649488229
10.5 1613.0 0.024899052235614633
11.5 1195.0 0.028927842707018585
12.5 1137.0 0.029656491293029667
13.5 820.0 0.03492151478847891
14.5 660.0 0.03892494720807615
15.5 569.0 0.04192218081503185
16.5 468.0 0.046225016352102424
17.5 353.0 0.05322462954123495
18.5 296.0 0.05812381937190964
19.5 244.0 0.06401843996644799
20.5 191.0 0.07235746052924216
21.5 154.0 0.08058229640253803
22.5 119.0 0.09166984970282113
23.5 97.0 0.10153461651336192
24.5 61.0 0.12803687993289598
25.5 46.0 0.14744195615489714
26.5 27.0 0.19245008972987526
27.5 34.0 0.17149858514250882
28.5 29.0 0.18569533817705186
29.5 18.0 0.23570226039551587
30.5 11.0 0.30151134457776363
31.5 10.0 0.31622776601683794
32.5 7.0 0.3779644730092272
33.5 6.0 0.4082482904638631
34.5 2.0 0.7071067811865475
35.5 3.0 0.5773502691896258
36.5 2.0 0.7071067811865475
37.5 3.0 0.5773502691896258
38.5 0.0 inf
39.5 0.0 inf
40.5 0.0 inf
41.5 0.0 inf
42.5 0.0 inf
43.5 0.0 inf
44.5 0.0 inf
45.5 0.0 inf
46.5 0.0 inf
47.5 0.0 inf
48.5 0.0 inf
49.5 0.0 inf
50.5 0.0 inf
51.5 0.0 inf
52.5 0.0 inf
53.5 0.0 inf
54.5 0.0 inf
55.5 0.0 inf
56.5 0.0 inf
57.5 0.0 inf
58.5 0.0 inf
59.5 0.0 inf
60.5 0.0 inf
61.5 0.0 inf
62.5 0.0 inf
63.5 0.0 inf
64.5 0.0 inf
65.5 0.0 inf
66.5 0.0 inf
67.5 0.0 inf
68.5 0.0 inf
69.5 0.0 inf
70.5 0.0 inf
71.5 0.0 inf
72.5 0.0 inf
73.5 0.0 inf
74.5 0.0 inf
75.5 0.0 inf
76.5 0.0 inf
77.5 0.0 inf
78.5 0.0 inf
79.5 0.0 inf
80.5 0.0 inf
81.5 0.0 inf
82.5 0.0 inf
83.5 0.0 inf
84.5 0.0 inf
85.5 0.0 inf
86.5 0.0 inf
87.5 0.0 inf
88.5 0.0 inf
89.5 0.0 inf
90.5 0.0 inf
91.5 0.0 inf
92.5 0.0 inf
93.5 0.0 inf
94.5 0.0 inf
95.5 0.0 inf
96.5 0.0 inf
97.5 0.0 inf
