0.5 208.0 0.06933752452815364
1.5 178.0 0.07495316889958614
2.5 201.0 0.07053456158585983
3.5 229.0 0.06608186004550898
4.5 179.0 0.07474350927519359
5.5 144.0 0.08333333333333333
6.5 119.0 0.09166984970282113
7.5 112.0 0.0944911182523068
8.5 120.0 0.09128709291752768
9.5 86.0 0.10783277320343841
10.5 80.0 0.11180339887498948
11.5 56.0 0.1336306209562122
12.5 57.0 0.13245323570650439
13.5 52.0 0.1386750490563073
14.5 45.0 0.14907119849998599
15.5 33.0 0.17407765595569785
16.5 29.0 0.18569533817705186
17.5 17.0 0.24253562503633297
18.5 7.0 0.3779644730092272
19.5 13.0 0.2773500981126146
20.5 9.0 0.3333333333333333
21.5 5.0 0.4472135954999579
22.5 8.0 0.35355339059327373
23.5 5.0 0.4472135954999579
24.5 1.0 1.0
25.5 2.0 0.7071067811865475
26.5 1.0 1.0
27.5 0.0 inf
28.5 0.0 inf
29.5 0.0 inf
30.5 0.0 inf
31.5 0.0 inf
32.5 0.0 inf
33.5 0.0 inf
34.5 0.0 inf
35.5 0.0 inf
36.5 0.0 inf
37.5 0.0 inf
38.5 0.0 inf
39.5 0.0 inf
40.5 0.0 inf
41.5 0.0 inf
42.5 0.0 inf
43.5 0.0 inf
44.5 0.0 inf
45.5 0.0 inf
46.5 0.0 inf
47.5 0.0 inf
48.5 0.0 inf
49.5 0.0 inf
50.5 0.0 inf
51.5 0.0 inf
52.5 0.0 inf
53.5 0.0 inf
54.5 0.0 inf
55.5 0.0 inf
56.5 0.0 inf
57.5 0.0 inf
58.5 0.0 inf
59.5 0.0 inf
60.5 0.0 inf
61.5 0.0 inf
62.5 0.0 inf
63.5 0.0 inf
64.5 0.0 inf
65.5 0.0 inf
66.5 0.0 inf
67.5 0.0 inf
68.5 0.0 inf
69.5 0.0 inf
70.5 0.0 inf
71.5 0.0 inf
72.5 0.0 inf
73.5 0.0 inf
74.5 0.0 inf
75.5 0.0 inf
76.5 0.0 inf
77.5 0.0 inf
78.5 0.0 inf
79.5 0.0 inf
80.5 0.0 inf
81.5 0.0 inf
82.5 0.0 inf
83.5 0.0 inf
84.5 0.0 inf
85.5 0.0 inf
86.5 0.0 inf
87.5 0.0 inf
88.5 0.0 inf
89.5 0.0 inf
90.5 0.0 inf
91.5 0.0 inf
92.5 0.0 inf
93.5 0.0 inf
94.5 0.0 inf
95.5 0.0 inf
96.5 0.0 inf
97.5 0.0 inf
