0.5 101916.0 0.00313241153760109
1.5 39085.0 0.005058187707922293
2.5 31193.0 0.005662020368894462
3.5 23014.0 0.0065917988395094345
4.5 16227.0 0.007850202900928875
5.5 11991.0 0.009132134484528574
6.5 8925.0 0.010585122480499264
7.5 6608.0 0.012301695782628073
8.5 5237.0 0.013818430323758357
9.5 3961.0 0.015889037089179058
10.5 3007.0 0.01823615546505513
11.5 2371.0 0.02053686853469397
12.5 1792.0 0.0236227795630767
13.5 1532.0 0.0255488065153798
14.5 1144.0 0.02956561979945413
15.5 988.0 0.031814238148788886
16.5 792.0 0.035533452725935076
17.5 601.0 0.04079085082240021
18.5 439.0 0.047727395990334764
19.5 354.0 0.05314940034527339
20.5 291.0 0.05862103817605492
21.5 228.0 0.06622661785325219
22.5 179.0 0.07474350927519359
23.5 146.0 0.0827605888602368
24.5 112.0 0.0944911182523068
25.5 85.0 0.10846522890932808
26.5 57.0 0.13245323570650439
27.5 46.0 0.14744195615489714
28.5 35.0 0.1690308509457033
29.5 29.0 0.18569533817705186
30.5 20.0 0.22360679774997896
31.5 11.0 0.30151134457776363
32.5 13.0 0.2773500981126146
33.5 8.0 0.35355339059327373
34.5 6.0 0.4082482904638631
35.5 3.0 0.5773502691896258
36.5 1.0 1.0
37.5 3.0 0.5773502691896258
38.5 1.0 1.0
39.5 0.0 inf
40.5 1.0 1.0
41.5 1.0 1.0
42.5 1.0 1.0
43.5 0.0 inf
44.5 0.0 inf
45.5 0.0 inf
46.5 0.0 inf
47.5 0.0 inf
48.5 0.0 inf
49.5 0.0 inf
50.5 0.0 inf
51.5 0.0 inf
52.5 0.0 inf
53.5 0.0 inf
54.5 0.0 inf
55.5 0.0 inf
56.5 0.0 inf
57.5 0.0 inf
58.5 0.0 inf
59.5 0.0 inf
60.5 0.0 inf
61.5 0.0 inf
62.5 0.0 inf
63.5 0.0 inf
64.5 0.0 inf
65.5 0.0 inf
66.5 0.0 inf
67.5 0.0 inf
68.5 0.0 inf
69.5 0.0 inf
70.5 0.0 inf
71.5 0.0 inf
72.5 0.0 inf
73.5 0.0 inf
74.5 0.0 inf
75.5 0.0 inf
76.5 0.0 inf
77.5 0.0 inf
78.5 0.0 inf
79.5 0.0 inf
80.5 0.0 inf
81.5 0.0 inf
82.5 0.0 inf
83.5 0.0 inf
84.5 0.0 inf
85.5 0.0 inf
86.5 0.0 inf
87.5 0.0 inf
88.5 0.0 inf
89.5 0.0 inf
90.5 0.0 inf
91.5 0.0 inf
92.5 0.0 inf
93.5 0.0 inf
94.5 0.0 inf
95.5 0.0 inf
96.5 0.0 inf
97.5 0.0 inf
