0.5 38.641400000000004 0.0016086944874673615
1.5 20.4735 0.002210059436480171
2.5 20.6167 0.002202370718528605
3.5 19.0154 0.002293228166058852
4.5 16.6987 0.0024471391709474846
5.5 15.025099999999998 0.002579831340783774
6.5 13.2181 0.0027505242827047726
7.5 11.7229 0.002920669865860503
8.5 10.5227 0.0030827365069547455
9.5 9.1265 0.0033101514983429592
10.5 8.2436 0.003482904325925266
11.5 7.159800000000001 0.003737227660041221
12.5 6.4534 0.003936458775215378
13.5 5.630699999999999 0.004214235541530115
14.5 4.983599999999999 0.004479488349808884
15.5 4.3055 0.004819347066077009
16.5 3.8028 0.005128002844114238
17.5 3.2674000000000003 0.005532212423951898
18.5 2.8026999999999997 0.005973263774152521
19.5 2.3815999999999997 0.006479859497433802
20.5 2.0809 0.006932252848773282
21.5 1.7774 0.0075007970020244475
22.5 1.4679 0.008253758637363037
23.5 1.2469999999999999 0.008955024394639056
24.5 1.066 0.009685485552825746
25.5 0.8484 0.010856745817698684
26.5 0.7168000000000001 0.01181138978153835
27.5 0.5795 0.013136306707967735
28.5 0.4994 0.014150628549503205
29.5 0.4121 0.015577533458581929
30.5 0.31410000000000005 0.017842924252406307
31.5 0.2584 0.019672236884115842
32.5 0.21539999999999998 0.021546520679428582
33.5 0.16999999999999998 0.0242535625036333
34.5 0.129 0.027842302319485226
35.5 0.09820000000000001 0.031911282313630135
36.5 0.0801 0.03533326266687867
37.5 0.0676 0.038461538461538464
38.5 0.0487 0.04531432544294438
39.5 0.038 0.051298917604257706
40.5 0.0298 0.057928444636349226
41.5 0.0215 0.06819943394704735
42.5 0.018000000000000002 0.07453559924999299
43.5 0.011 0.09534625892455924
44.5 0.009600000000000001 0.10206207261596574
45.5 0.005900000000000001 0.13018891098082386
46.5 0.005900000000000001 0.13018891098082386
47.5 0.0036 0.16666666666666666
48.5 0.0039 0.16012815380508713
49.5 0.0026 0.19611613513818404
50.5 0.001 0.31622776601683794
51.5 0.0015 0.2581988897471611
52.5 0.0006 0.4082482904638631
53.5 0.0010999999999999998 0.3015113445777637
54.5 0.0005 0.4472135954999579
55.5 0.0001 1.0
56.5 0.0005 0.4472135954999579
57.5 0.0002 0.7071067811865475
58.5 0.0001 1.0
59.5 0.0001 1.0
60.5 0.0 inf
61.5 0.0 inf
62.5 0.0 inf
63.5 0.0 inf
64.5 0.0 inf
65.5 0.0 inf
66.5 0.0 inf
67.5 0.0 inf
68.5 0.0 inf
69.5 0.0 inf
70.5 0.0 inf
71.5 0.0 inf
72.5 0.0 inf
73.5 0.0 inf
74.5 0.0 inf
75.5 0.0 inf
76.5 0.0 inf
77.5 0.0 inf
78.5 0.0 inf
79.5 0.0 inf
80.5 0.0 inf
81.5 0.0 inf
82.5 0.0 inf
83.5 0.0 inf
84.5 0.0 inf
85.5 0.0 inf
86.5 0.0 inf
87.5 0.0 inf
88.5 0.0 inf
89.5 0.0 inf
90.5 0.0 inf
91.5 0.0 inf
92.5 0.0 inf
93.5 0.0 inf
94.5 0.0 inf
95.5 0.0 inf
96.5 0.0 inf
97.5 0.0 inf
