0.5 48.947199999999995 0.0014293417304573385
1.5 26.288200000000003 0.0019503815270672604
2.5 26.892899999999997 0.0019283292171020756
3.5 24.679299999999998 0.002012952752510373
4.5 21.8172 0.0021409202676921438
5.5 19.5268 0.0022629995153877576
6.5 17.2667 0.00240655243263351
7.5 15.247 0.0025609895116553965
8.5 13.7634 0.0026954863327214727
9.5 11.979700000000001 0.0028891961587554716
10.5 10.775400000000001 0.0030463745573162558
11.5 9.392700000000001 0.0032629075914209975
12.5 8.4465 0.003440817249862079
13.5 7.3616 0.0036856483116956356
14.5 6.5067 0.003920302759423618
15.5 5.6434999999999995 0.0042094536830913415
16.5 5.0 0.00447213595499958
17.5 4.3147 0.004814206308537481
18.5 3.691 0.005205086814415049
19.5 3.1805 0.005607280734289968
20.5 2.7057 0.006079392441287796
21.5 2.3317 0.006548829198555507
22.5 1.9323 0.007193872279585838
23.5 1.6465 0.007793259407691133
24.5 1.374 0.008531131448088852
25.5 1.1434000000000002 0.009351922648996536
26.5 0.9356 0.01033843718627084
27.5 0.7745 0.011362902728827269
28.5 0.6569 0.012338159182799287
29.5 0.5294 0.013743838128886474
30.5 0.40049999999999997 0.015801515437999243
31.5 0.3438 0.017054817003221697
32.5 0.275 0.019069251784911846
33.5 0.212 0.02171861213815347
34.5 0.17149999999999999 0.02414726442081476
35.5 0.14079999999999998 0.02665008954445131
36.5 0.1055 0.030787453590353963
37.5 0.0828 0.034752402342845795
38.5 0.0668 0.03869116162670684
39.5 0.0503 0.04458779620677098
40.5 0.036500000000000005 0.05234239225902136
41.5 0.0308 0.05698028822981897
42.5 0.0232 0.06565321642986129
43.5 0.0153 0.08084520834544433
44.5 0.0137 0.0854357657716761
45.5 0.01 0.1
46.5 0.0056 0.1336306209562122
47.5 0.006500000000000001 0.12403473458920847
48.5 0.0036 0.16666666666666666
49.5 0.003 0.18257418583505536
50.5 0.0024000000000000002 0.20412414523193148
51.5 0.0023 0.20851441405707477
52.5 0.0018 0.23570226039551587
53.5 0.0007 0.3779644730092272
54.5 0.0001 1.0
55.5 0.0004 0.5
56.5 0.0004 0.5
57.5 0.00039999999999999996 0.5000000000000001
58.5 0.0001 1.0
59.5 0.0001 1.0
60.5 0.0001 1.0
61.5 0.0 inf
62.5 0.0 inf
63.5 0.0001 1.0
64.5 0.0 inf
65.5 0.0 inf
66.5 0.0 inf
67.5 0.0 inf
68.5 0.0 inf
69.5 0.0001 1.0
70.5 0.0 inf
71.5 0.0 inf
72.5 0.0 inf
73.5 0.0 inf
74.5 0.0 inf
75.5 0.0 inf
76.5 0.0 inf
77.5 0.0 inf
78.5 0.0 inf
79.5 0.0 inf
80.5 0.0 inf
81.5 0.0 inf
82.5 0.0 inf
83.5 0.0 inf
84.5 0.0 inf
85.5 0.0 inf
86.5 0.0 inf
87.5 0.0 inf
88.5 0.0 inf
89.5 0.0 inf
90.5 0.0 inf
91.5 0.0 inf
92.5 0.0 inf
93.5 0.0 inf
94.5 0.0 inf
95.5 0.0 inf
96.5 0.0 inf
97.5 0.0 inf
