0.5 363655.0 0.0016582699025558768
1.5 104625.0 0.0030915926384011217
2.5 73695.0 0.003683672300500879
3.5 48037.0 0.0045625964838954145
4.5 31276.0 0.005654502465536075
5.5 21377.0 0.006839535709773396
6.5 14564.0 0.008286281154378242
7.5 10769.0 0.009636344363694182
8.5 7984.0 0.01119153702589613
9.5 5946.0 0.012968434341511606
10.5 4441.0 0.015005815880699063
11.5 3420.0 0.017099639201419235
12.5 2651.0 0.019422053054479065
13.5 2019.0 0.02225521737361166
14.5 1620.0 0.024845199749997663
15.5 1207.0 0.02878368312517019
16.5 981.0 0.031927542840705044
17.5 722.0 0.03721614637823934
18.5 600.0 0.040824829046386304
19.5 464.0 0.046423834544262965
20.5 360.0 0.05270462766947299
21.5 293.0 0.0584206237836986
22.5 227.0 0.0663723311599972
23.5 155.0 0.08032193289024989
24.5 157.0 0.07980868844676221
25.5 104.0 0.09805806756909202
26.5 82.0 0.11043152607484653
27.5 69.0 0.1203858530857692
28.5 37.0 0.1643989873053573
29.5 35.0 0.1690308509457033
30.5 19.0 0.22941573387056174
31.5 23.0 0.20851441405707477
32.5 4.0 0.5
33.5 11.0 0.30151134457776363
34.5 0.0 inf
35.5 4.0 0.5
36.5 1.0 1.0
37.5 3.0 0.5773502691896258
38.5 0.0 inf
39.5 0.0 inf
40.5 2.0 0.7071067811865475
41.5 0.0 inf
42.5 0.0 inf
43.5 0.0 inf
44.5 0.0 inf
45.5 0.0 inf
46.5 0.0 inf
47.5 0.0 inf
48.5 0.0 inf
49.5 0.0 inf
50.5 0.0 inf
51.5 0.0 inf
52.5 0.0 inf
53.5 0.0 inf
54.5 0.0 inf
55.5 0.0 inf
56.5 0.0 inf
57.5 0.0 inf
58.5 0.0 inf
59.5 0.0 inf
60.5 0.0 inf
61.5 0.0 inf
62.5 0.0 inf
63.5 0.0 inf
64.5 0.0 inf
65.5 0.0 inf
66.5 0.0 inf
67.5 0.0 inf
68.5 0.0 inf
69.5 0.0 inf
70.5 0.0 inf
71.5 0.0 inf
72.5 0.0 inf
73.5 0.0 inf
74.5 0.0 inf
75.5 0.0 inf
76.5 0.0 inf
77.5 0.0 inf
78.5 0.0 inf
79.5 0.0 inf
80.5 0.0 inf
81.5 0.0 inf
82.5 0.0 inf
83.5 0.0 inf
84.5 0.0 inf
85.5 0.0 inf
86.5 0.0 inf
87.5 0.0 inf
88.5 0.0 inf
89.5 0.0 inf
90.5 0.0 inf
91.5 0.0 inf
92.5 0.0 inf
93.5 0.0 inf
94.5 0.0 inf
95.5 0.0 inf
96.5 0.0 inf
97.5 0.0 inf
