0.5 2511942.0 0.0006309503655091305
1.5 326707.0 0.0017495275273467516
2.5 184057.0 0.0023309010122590517
3.5 99159.0 0.003175659503108311
4.5 57242.0 0.004179675835241035
5.5 35988.0 0.00527134139707209
6.5 23190.0 0.006566737040575706
7.5 15961.0 0.007915346865124635
8.5 11468.0 0.009338049201414409
9.5 8025.0 0.011162911443718952
10.5 6187.0 0.012713348204286684
11.5 4483.0 0.014935357775740083
12.5 3453.0 0.017017733208518925
13.5 2611.0 0.019570258584513545
14.5 2069.0 0.021984660059051055
15.5 1565.0 0.025278006958277935
16.5 1188.0 0.029012942659282972
17.5 839.0 0.034523833987986266
18.5 698.0 0.03785055820522323
19.5 566.0 0.04203313517091986
20.5 465.0 0.04637388957601683
21.5 348.0 0.05360562674188974
22.5 229.0 0.06608186004550898
23.5 213.0 0.06851887098275317
24.5 147.0 0.08247860988423225
25.5 128.0 0.08838834764831843
26.5 94.0 0.10314212462587934
27.5 68.0 0.12126781251816648
28.5 52.0 0.1386750490563073
29.5 33.0 0.17407765595569785
30.5 38.0 0.16222142113076254
31.5 20.0 0.22360679774997896
32.5 19.0 0.22941573387056174
33.5 8.0 0.35355339059327373
34.5 6.0 0.4082482904638631
35.5 2.0 0.7071067811865475
36.5 7.0 0.3779644730092272
37.5 3.0 0.5773502691896258
38.5 1.0 1.0
39.5 2.0 0.7071067811865475
40.5 1.0 1.0
41.5 0.0 inf
42.5 0.0 inf
43.5 0.0 inf
44.5 2.0 0.7071067811865475
45.5 0.0 inf
46.5 0.0 inf
47.5 0.0 inf
48.5 0.0 inf
49.5 0.0 inf
50.5 0.0 inf
51.5 0.0 inf
52.5 0.0 inf
53.5 0.0 inf
54.5 0.0 inf
55.5 0.0 inf
56.5 0.0 inf
57.5 0.0 inf
58.5 0.0 inf
59.5 0.0 inf
60.5 0.0 inf
61.5 0.0 inf
62.5 0.0 inf
63.5 0.0 inf
64.5 0.0 inf
65.5 0.0 inf
66.5 0.0 inf
67.5 0.0 inf
68.5 0.0 inf
69.5 0.0 inf
70.5 0.0 inf
71.5 0.0 inf
72.5 0.0 inf
73.5 0.0 inf
74.5 0.0 inf
75.5 0.0 inf
76.5 0.0 inf
77.5 0.0 inf
78.5 0.0 inf
79.5 0.0 inf
80.5 0.0 inf
81.5 0.0 inf
82.5 0.0 inf
83.5 0.0 inf
84.5 0.0 inf
85.5 0.0 inf
86.5 0.0 inf
87.5 0.0 inf
88.5 0.0 inf
89.5 0.0 inf
90.5 0.0 inf
91.5 0.0 inf
92.5 0.0 inf
93.5 0.0 inf
94.5 0.0 inf
95.5 0.0 inf
96.5 0.0 inf
97.5 0.0 inf
