0.5 40.4611 0.0015721035819096342
1.5 21.4746 0.002157930525310772
2.5 21.7605 0.002143707685428292
3.5 20.0173 0.002235101505053344
4.5 17.6496 0.002380304767073693
5.5 15.805900000000001 0.0025153034415269114
6.5 13.973700000000001 0.0026751263082345385
7.5 12.358 0.0028446307773749707
8.5 11.1243 0.0029982210835238334
9.5 9.6573 0.0032178969979690906
10.5 8.6755 0.0033951013471976163
11.5 7.590999999999999 0.003629530951542424
12.5 6.7822 0.0038398539285911326
13.5 5.914899999999999 0.004111746171125631
14.5 5.2943999999999996 0.004346019044505789
15.5 4.5426 0.00469188924441959
16.5 4.0072 0.004995506065901829
17.5 3.4905999999999997 0.005352417202325717
18.5 2.9911000000000003 0.005782085823084465
19.5 2.57 0.006237828615518053
20.5 2.1927 0.006753212127319555
21.5 1.8605 0.007331370418032097
22.5 1.5708 0.007978836279039113
23.5 1.3253 0.008686461537913418
24.5 1.1185 0.009455445718350759
25.5 0.9111 0.01047651831794769
26.5 0.7481 0.011561659439202626
27.5 0.6199 0.012701037018502791
28.5 0.5322 0.013707636046478375
29.5 0.4184 0.015459810352577659
30.5 0.3425 0.01708715315433522
31.5 0.2791 0.018928669210852442
32.5 0.2157 0.021531531793663645
33.5 0.1718 0.02412617203266904
34.5 0.1387 0.026851080677052736
35.5 0.1059 0.030729254193150105
36.5 0.0857 0.034159349284257755
37.5 0.0677 0.03843312210120439
38.5 0.05 0.044721359549995794
39.5 0.0379 0.051366549693751415
40.5 0.0293 0.0584206237836986
41.5 0.0253 0.06286946134619315
42.5 0.0193 0.07198157507486945
43.5 0.015199999999999998 0.08111071056538127
44.5 0.0105 0.09759000729485333
45.5 0.0066 0.12309149097933272
46.5 0.006 0.12909944487358055
47.5 0.0039 0.16012815380508713
48.5 0.0037 0.1643989873053573
49.5 0.0025 0.2
50.5 0.0014 0.2672612419124244
51.5 0.0018 0.23570226039551587
52.5 0.0008 0.35355339059327373
53.5 0.0006 0.4082482904638631
54.5 0.0001 1.0
55.5 0.0005 0.4472135954999579
56.5 0.0002 0.7071067811865475
57.5 0.0001 1.0
58.5 0.0 inf
59.5 0.00030000000000000003 0.5773502691896257
60.5 0.0 inf
61.5 0.0002 0.7071067811865475
62.5 0.0 inf
63.5 0.0 inf
64.5 0.0 inf
65.5 0.0 inf
66.5 0.0 inf
67.5 0.0 inf
68.5 0.0 inf
69.5 0.0 inf
70.5 0.0 inf
71.5 0.0 inf
72.5 0.0 inf
73.5 0.0 inf
74.5 0.0 inf
75.5 0.0 inf
76.5 0.0 inf
77.5 0.0 inf
78.5 0.0 inf
79.5 0.0 inf
80.5 0.0 inf
81.5 0.0 inf
82.5 0.0 inf
83.5 0.0 inf
84.5 0.0 inf
85.5 0.0 inf
86.5 0.0 inf
87.5 0.0 inf
88.5 0.0 inf
89.5 0.0 inf
90.5 0.0 inf
91.5 0.0 inf
92.5 0.0 inf
93.5 0.0 inf
94.5 0.0 inf
95.5 0.0 inf
96.5 0.0 inf
97.5 0.0 inf
