0.5 5015.0 0.014120970030991196
1.5 2250.0 0.021081851067789197
2.5 1983.0 0.022456322822201027
3.5 1507.0 0.025759852612848935
4.5 1175.0 0.02917299829957891
5.5 910.0 0.033149677206589796
6.5 654.0 0.039103094350288754
7.5 521.0 0.04381079543383235
8.5 448.0 0.0472455591261534
9.5 379.0 0.051366549693751415
10.5 257.0 0.06237828615518053
11.5 231.0 0.0657951694959769
12.5 157.0 0.07980868844676221
13.5 134.0 0.08638684255813601
14.5 113.0 0.09407208683835973
15.5 87.0 0.10721125348377948
16.5 74.0 0.11624763874381928
17.5 39.0 0.16012815380508713
18.5 40.0 0.15811388300841897
19.5 26.0 0.19611613513818404
20.5 20.0 0.22360679774997896
21.5 24.0 0.20412414523193154
22.5 14.0 0.2672612419124244
23.5 12.0 0.2886751345948129
24.5 3.0 0.5773502691896258
25.5 7.0 0.3779644730092272
26.5 2.0 0.7071067811865475
27.5 1.0 1.0
28.5 0.0 inf
29.5 0.0 inf
30.5 1.0 1.0
31.5 0.0 inf
32.5 0.0 inf
33.5 0.0 inf
34.5 0.0 inf
35.5 0.0 inf
36.5 0.0 inf
37.5 0.0 inf
38.5 0.0 inf
39.5 0.0 inf
40.5 0.0 inf
41.5 0.0 inf
42.5 0.0 inf
43.5 0.0 inf
44.5 0.0 inf
45.5 0.0 inf
46.5 0.0 inf
47.5 0.0 inf
48.5 0.0 inf
49.5 0.0 inf
50.5 0.0 inf
51.5 0.0 inf
52.5 0.0 inf
53.5 0.0 inf
54.5 0.0 inf
55.5 0.0 inf
56.5 0.0 inf
57.5 0.0 inf
58.5 0.0 inf
59.5 0.0 inf
60.5 0.0 inf
61.5 0.0 inf
62.5 0.0 inf
63.5 0.0 inf
64.5 0.0 inf
65.5 0.0 inf
66.5 0.0 inf
67.5 0.0 inf
68.5 0.0 inf
69.5 0.0 inf
70.5 0.0 inf
71.5 0.0 inf
72.5 0.0 inf
73.5 0.0 inf
74.5 0.0 inf
75.5 0.0 inf
76.5 0.0 inf
77.5 0.0 inf
78.5 0.0 inf
79.5 0.0 inf
80.5 0.0 inf
81.5 0.0 inf
82.5 0.0 inf
83.5 0.0 inf
84.5 0.0 inf
85.5 0.0 inf
86.5 0.0 inf
87.5 0.0 inf
88.5 0.0 inf
89.5 0.0 inf
90.5 0.0 inf
91.5 0.0 inf
92.5 0.0 inf
93.5 0.0 inf
94.5 0.0 inf
95.5 0.0 inf
96.5 0.0 inf
97.5 0.0 inf
