0.5 444971.0 0.001499112226264614
1.5 48624.0 0.0045349725081729915
2.5 26645.0 0.006126213636985726
3.5 13990.0 0.008454562573305187
4.5 7907.0 0.01124589775269497
5.5 5037.0 0.014090098351343262
6.5 3185.0 0.01771924779845835
7.5 2232.0 0.021166687833365085
8.5 1581.0 0.025149772741392844
9.5 1118.0 0.02990743022772896
10.5 834.0 0.03462716805322218
11.5 581.0 0.04148699068225112
12.5 473.0 0.045980048987170286
13.5 369.0 0.052057920629535355
14.5 255.0 0.06262242910851495
15.5 186.0 0.07332355751067665
16.5 176.0 0.07537783614444091
17.5 127.0 0.08873565094161139
18.5 74.0 0.11624763874381928
19.5 70.0 0.11952286093343936
20.5 48.0 0.14433756729740646
21.5 45.0 0.14907119849998599
22.5 27.0 0.19245008972987526
23.5 29.0 0.18569533817705186
24.5 15.0 0.2581988897471611
25.5 16.0 0.25
26.5 3.0 0.5773502691896258
27.5 5.0 0.4472135954999579
28.5 5.0 0.4472135954999579
29.5 2.0 0.7071067811865475
30.5 0.0 inf
31.5 1.0 1.0
32.5 1.0 1.0
33.5 1.0 1.0
34.5 0.0 inf
35.5 0.0 inf
36.5 0.0 inf
37.5 0.0 inf
38.5 0.0 inf
39.5 0.0 inf
40.5 0.0 inf
41.5 0.0 inf
42.5 0.0 inf
43.5 0.0 inf
44.5 0.0 inf
45.5 0.0 inf
46.5 0.0 inf
47.5 0.0 inf
48.5 0.0 inf
49.5 0.0 inf
50.5 0.0 inf
51.5 0.0 inf
52.5 0.0 inf
53.5 0.0 inf
54.5 0.0 inf
55.5 0.0 inf
56.5 0.0 inf
57.5 0.0 inf
58.5 0.0 inf
59.5 0.0 inf
60.5 0.0 inf
61.5 0.0 inf
62.5 0.0 inf
63.5 0.0 inf
64.5 0.0 inf
65.5 0.0 inf
66.5 0.0 inf
67.5 0.0 inf
68.5 0.0 inf
69.5 0.0 inf
70.5 0.0 inf
71.5 0.0 inf
72.5 0.0 inf
73.5 0.0 inf
74.5 0.0 inf
75.5 0.0 inf
76.5 0.0 inf
77.5 0.0 inf
78.5 0.0 inf
79.5 0.0 inf
80.5 0.0 inf
81.5 0.0 inf
82.5 0.0 inf
83.5 0.0 inf
84.5 0.0 inf
85.5 0.0 inf
86.5 0.0 inf
87.5 0.0 inf
88.5 0.0 inf
89.5 0.0 inf
90.5 0.0 inf
91.5 0.0 inf
92.5 0.0 inf
93.5 0.0 inf
94.5 0.0 inf
95.5 0.0 inf
96.5 0.0 inf
97.5 0.0 inf
