0.5 486281.0 0.0014340237676810773
1.5 50559.0 0.004447344399605978
2.5 27235.0 0.00605949330817575
3.5 14481.0 0.00830999424907047
4.5 8023.0 0.011164302720778473
5.5 5077.0 0.014034482983906684
6.5 3264.0 0.01750350105035012
7.5 2229.0 0.02118092711370637
8.5 1546.0 0.02543286319707309
9.5 1128.0 0.029774566708770683
10.5 827.0 0.03477340712103605
11.5 585.0 0.041344911529736156
12.5 455.0 0.04688072309384954
13.5 382.0 0.05116445100966508
14.5 279.0 0.05986843400892496
15.5 197.0 0.07124704998790965
16.5 143.0 0.08362420100070908
17.5 138.0 0.08512565307587486
18.5 86.0 0.10783277320343841
19.5 63.0 0.1259881576697424
20.5 52.0 0.1386750490563073
21.5 42.0 0.1543033499620919
22.5 21.0 0.2182178902359924
23.5 32.0 0.17677669529663687
24.5 15.0 0.2581988897471611
25.5 17.0 0.24253562503633297
26.5 3.0 0.5773502691896258
27.5 5.0 0.4472135954999579
28.5 2.0 0.7071067811865475
29.5 2.0 0.7071067811865475
30.5 1.0 1.0
31.5 0.0 inf
32.5 1.0 1.0
33.5 1.0 1.0
34.5 0.0 inf
35.5 0.0 inf
36.5 0.0 inf
37.5 0.0 inf
38.5 0.0 inf
39.5 0.0 inf
40.5 0.0 inf
41.5 0.0 inf
42.5 0.0 inf
43.5 0.0 inf
44.5 0.0 inf
45.5 0.0 inf
46.5 0.0 inf
47.5 0.0 inf
48.5 0.0 inf
49.5 0.0 inf
50.5 0.0 inf
51.5 0.0 inf
52.5 0.0 inf
53.5 0.0 inf
54.5 0.0 inf
55.5 0.0 inf
56.5 0.0 inf
57.5 0.0 inf
58.5 0.0 inf
59.5 0.0 inf
60.5 0.0 inf
61.5 0.0 inf
62.5 0.0 inf
63.5 0.0 inf
64.5 0.0 inf
65.5 0.0 inf
66.5 0.0 inf
67.5 0.0 inf
68.5 0.0 inf
69.5 0.0 inf
70.5 0.0 inf
71.5 0.0 inf
72.5 0.0 inf
73.5 0.0 inf
74.5 0.0 inf
75.5 0.0 inf
76.5 0.0 inf
77.5 0.0 inf
78.5 0.0 inf
79.5 0.0 inf
80.5 0.0 inf
81.5 0.0 inf
82.5 0.0 inf
83.5 0.0 inf
84.5 0.0 inf
85.5 0.0 inf
86.5 0.0 inf
87.5 0.0 inf
88.5 0.0 inf
89.5 0.0 inf
90.5 0.0 inf
91.5 0.0 inf
92.5 0.0 inf
93.5 0.0 inf
94.5 0.0 inf
95.5 0.0 inf
96.5 0.0 inf
97.5 0.0 inf
