0.5 95995.0 0.0032275701742405815
1.5 22048.0 0.0067346557305045665
2.5 14340.0 0.008350748886986167
3.5 8672.0 0.010738419489688943
4.5 5371.0 0.013644964930609014
5.5 3669.0 0.016509204383655284
6.5 2353.0 0.020615270438818365
7.5 1708.0 0.024196695924791362
8.5 1258.0 0.028194193721730047
9.5 894.0 0.03344500310453256
10.5 710.0 0.037529331252040075
11.5 523.0 0.04372694694466261
12.5 411.0 0.049326362366699
13.5 309.0 0.05688801239885743
14.5 214.0 0.06835859270246633
15.5 171.0 0.07647191129018725
16.5 144.0 0.08333333333333333
17.5 112.0 0.0944911182523068
18.5 76.0 0.11470786693528087
19.5 66.0 0.12309149097933272
20.5 54.0 0.13608276348795434
21.5 37.0 0.1643989873053573
22.5 24.0 0.20412414523193154
23.5 17.0 0.24253562503633297
24.5 15.0 0.2581988897471611
25.5 6.0 0.4082482904638631
26.5 5.0 0.4472135954999579
27.5 2.0 0.7071067811865475
28.5 4.0 0.5
29.5 1.0 1.0
30.5 4.0 0.5
31.5 0.0 inf
32.5 1.0 1.0
33.5 0.0 inf
34.5 0.0 inf
35.5 0.0 inf
36.5 0.0 inf
37.5 0.0 inf
38.5 0.0 inf
39.5 0.0 inf
40.5 0.0 inf
41.5 0.0 inf
42.5 0.0 inf
43.5 0.0 inf
44.5 0.0 inf
45.5 0.0 inf
46.5 0.0 inf
47.5 0.0 inf
48.5 0.0 inf
49.5 0.0 inf
50.5 0.0 inf
51.5 0.0 inf
52.5 0.0 inf
53.5 0.0 inf
54.5 0.0 inf
55.5 0.0 inf
56.5 0.0 inf
57.5 0.0 inf
58.5 0.0 inf
59.5 0.0 inf
60.5 0.0 inf
61.5 0.0 inf
62.5 0.0 inf
63.5 0.0 inf
64.5 0.0 inf
65.5 0.0 inf
66.5 0.0 inf
67.5 0.0 inf
68.5 0.0 inf
69.5 0.0 inf
70.5 0.0 inf
71.5 0.0 inf
72.5 0.0 inf
73.5 0.0 inf
74.5 0.0 inf
75.5 0.0 inf
76.5 0.0 inf
77.5 0.0 inf
78.5 0.0 inf
79.5 0.0 inf
80.5 0.0 inf
81.5 0.0 inf
82.5 0.0 inf
83.5 0.0 inf
84.5 0.0 inf
85.5 0.0 inf
86.5 0.0 inf
87.5 0.0 inf
88.5 0.0 inf
89.5 0.0 inf
90.5 0.0 inf
91.5 0.0 inf
92.5 0.0 inf
93.5 0.0 inf
94.5 0.0 inf
95.5 0.0 inf
96.5 0.0 inf
97.5 0.0 inf
