0.5 235876.0 0.0020590084209951586
1.5 36502.0 0.005234095827980767
2.5 21505.0 0.006819150516320993
3.5 11774.0 0.009215904893531876
4.5 7127.0 0.011845315171457227
5.5 4370.0 0.01512722552040129
6.5 2956.0 0.018392797319442742
7.5 2025.0 0.022222222222222223
8.5 1538.0 0.02549892269327383
9.5 1043.0 0.030964056111131625
10.5 773.0 0.03596750006328032
11.5 593.0 0.04106507811765909
12.5 411.0 0.049326362366699
13.5 320.0 0.05590169943749474
14.5 242.0 0.0642824346533225
15.5 181.0 0.07432941462471664
16.5 158.0 0.079555728417573
17.5 118.0 0.09205746178983235
18.5 101.0 0.09950371902099892
19.5 56.0 0.1336306209562122
20.5 50.0 0.1414213562373095
21.5 38.0 0.16222142113076254
22.5 33.0 0.17407765595569785
23.5 31.0 0.1796053020267749
24.5 13.0 0.2773500981126146
25.5 8.0 0.35355339059327373
26.5 5.0 0.4472135954999579
27.5 9.0 0.3333333333333333
28.5 2.0 0.7071067811865475
29.5 2.0 0.7071067811865475
30.5 1.0 1.0
31.5 2.0 0.7071067811865475
32.5 0.0 inf
33.5 0.0 inf
34.5 0.0 inf
35.5 0.0 inf
36.5 0.0 inf
37.5 0.0 inf
38.5 0.0 inf
39.5 0.0 inf
40.5 0.0 inf
41.5 0.0 inf
42.5 0.0 inf
43.5 0.0 inf
44.5 0.0 inf
45.5 0.0 inf
46.5 0.0 inf
47.5 0.0 inf
48.5 0.0 inf
49.5 0.0 inf
50.5 0.0 inf
51.5 0.0 inf
52.5 0.0 inf
53.5 0.0 inf
54.5 0.0 inf
55.5 0.0 inf
56.5 0.0 inf
57.5 0.0 inf
58.5 0.0 inf
59.5 0.0 inf
60.5 0.0 inf
61.5 0.0 inf
62.5 0.0 inf
63.5 0.0 inf
64.5 0.0 inf
65.5 0.0 inf
66.5 0.0 inf
67.5 0.0 inf
68.5 0.0 inf
69.5 0.0 inf
70.5 0.0 inf
71.5 0.0 inf
72.5 0.0 inf
73.5 0.0 inf
74.5 0.0 inf
75.5 0.0 inf
76.5 0.0 inf
77.5 0.0 inf
78.5 0.0 inf
79.5 0.0 inf
80.5 0.0 inf
81.5 0.0 inf
82.5 0.0 inf
83.5 0.0 inf
84.5 0.0 inf
85.5 0.0 inf
86.5 0.0 inf
87.5 0.0 inf
88.5 0.0 inf
89.5 0.0 inf
90.5 0.0 inf
91.5 0.0 inf
92.5 0.0 inf
93.5 0.0 inf
94.5 0.0 inf
95.5 0.0 inf
96.5 0.0 inf
97.5 0.0 inf
