0.5 38.516999999999996 0.0016112902279110594
1.5 20.34 0.0022173003507924643
2.5 20.5748 0.002204612110907108
3.5 18.9259 0.002298644073488874
4.5 16.6724 0.0024490685392148256
5.5 14.9809 0.002583634335296306
6.5 13.1506 0.002757574255976962
7.5 11.6675 0.002927595663724632
8.5 10.4845 0.0030883473355672983
9.5 9.0991 0.0033151316597945972
10.5 8.1716 0.003498214617040738
11.5 7.1023 0.0037523254034008855
12.5 6.394399999999999 0.0039545775815334975
13.5 5.6208 0.004217945207155549
14.5 4.9507 0.004494347978808557
15.5 4.316000000000001 0.00481348122286298
16.5 3.77 0.005150262026246047
17.5 3.2720000000000002 0.005528322276085581
18.5 2.7975 0.005978812755559511
19.5 2.388 0.0064711704429084955
20.5 2.083 0.0069287575530535515
21.5 1.7722 0.007511793383572935
22.5 1.4796 0.008221060394449834
23.5 1.2473 0.00895394740078145
24.5 1.0319 0.009844217347046392
25.5 0.8461 0.010871492046706063
26.5 0.7015 0.011939500616951324
27.5 0.5704 0.013240678533309402
28.5 0.4969 0.0141861811620665
29.5 0.39980000000000004 0.01581534263085266
30.5 0.3162 0.01778357485073947
31.5 0.2584 0.019672236884115842
32.5 0.20950000000000002 0.021847813825958583
33.5 0.163 0.024768870230903496
34.5 0.1266 0.028104971365967134
35.5 0.1078 0.03045724519365863
36.5 0.08460000000000001 0.034380708208626445
37.5 0.0716 0.037371754637596795
38.5 0.0499 0.04476614810358452
39.5 0.036599999999999994 0.052270837348931676
40.5 0.0291 0.05862103817605492
41.5 0.0218 0.06772854614785964
42.5 0.0186 0.07332355751067665
43.5 0.0135 0.08606629658238704
44.5 0.009899999999999999 0.10050378152592121
45.5 0.0060999999999999995 0.12803687993289598
46.5 0.0058 0.13130643285972257
47.5 0.0045000000000000005 0.14907119849998599
48.5 0.0038 0.16222142113076254
49.5 0.0018 0.23570226039551587
50.5 0.001 0.31622776601683794
51.5 0.0014 0.2672612419124244
52.5 0.001 0.31622776601683794
53.5 0.0007999999999999999 0.3535533905932738
54.5 0.0004 0.5
55.5 0.00030000000000000003 0.5773502691896257
56.5 0.00030000000000000003 0.5773502691896257
57.5 0.0002 0.7071067811865475
58.5 0.0 inf
59.5 0.0 inf
60.5 0.0 inf
61.5 0.0 inf
62.5 0.0001 1.0
63.5 0.0 inf
64.5 0.0 inf
65.5 0.0 inf
66.5 0.0 inf
67.5 0.0 inf
68.5 0.0 inf
69.5 0.0 inf
70.5 0.0 inf
71.5 0.0 inf
72.5 0.0 inf
73.5 0.0 inf
74.5 0.0 inf
75.5 0.0 inf
76.5 0.0 inf
77.5 0.0 inf
78.5 0.0 inf
79.5 0.0 inf
80.5 0.0 inf
81.5 0.0 inf
82.5 0.0 inf
83.5 0.0 inf
84.5 0.0 inf
85.5 0.0 inf
86.5 0.0 inf
87.5 0.0 inf
88.5 0.0 inf
89.5 0.0 inf
90.5 0.0 inf
91.5 0.0 inf
92.5 0.0 inf
93.5 0.0 inf
94.5 0.0 inf
95.5 0.0 inf
96.5 0.0 inf
97.5 0.0 inf
