0.5 38.483000000000004 0.0016120018638621125
1.5 20.3741 0.0022154440330794532
2.5 20.5542 0.0022057165965142316
3.5 18.8716 0.0023019486877600337
4.5 16.6809 0.002448444480106129
5.5 14.9627 0.002585205169926802
6.5 13.111 0.002761735555989068
7.5 11.6648 0.002927934462972777
8.5 10.4714 0.0030902785341032734
9.5 9.0664 0.003321104660908904
10.5 8.1824 0.0034959051972587255
11.5 7.1856 0.0037305123419653767
12.5 6.3765 0.003960124302332433
13.5 5.5672 0.0042382013770569495
14.5 4.9462 0.004496391968939606
15.5 4.2398 0.004856543854265712
16.5 3.7754000000000003 0.005146577467416465
17.5 3.2720000000000002 0.005528322276085581
18.5 2.8042 0.005971665975462958
19.5 2.4126000000000003 0.006438094369171539
20.5 2.068 0.006953840623693443
21.5 1.7742 0.0075075582852019195
22.5 1.479 0.008222727783249954
23.5 1.2503 0.008943198790527601
24.5 1.033 0.009838974596144752
25.5 0.8733 0.010700849841736613
26.5 0.7147 0.011828729731830894
27.5 0.5796 0.013135173437318345
28.5 0.49369999999999997 0.01423208196928594
29.5 0.4004 0.01580348853102535
30.5 0.3349 0.017279947800812528
31.5 0.2657 0.019400111356958783
32.5 0.19180000000000003 0.022833668863877152
33.5 0.1599 0.02500781616401777
34.5 0.127 0.028060676663315687
35.5 0.0979 0.03196013860502966
36.5 0.0833 0.03464794643376185
37.5 0.0595 0.040996003084539386
38.5 0.051199999999999996 0.04419417382415922
39.5 0.0353 0.05322462954123495
40.5 0.026000000000000002 0.062017367294604234
41.5 0.022199999999999998 0.06711560552140243
42.5 0.0154 0.08058229640253803
43.5 0.0129 0.08804509063256238
44.5 0.009000000000000001 0.10540925533894598
45.5 0.008 0.11180339887498948
46.5 0.0060999999999999995 0.12803687993289598
47.5 0.0038000000000000004 0.16222142113076252
48.5 0.0029 0.18569533817705186
49.5 0.0016 0.25
50.5 0.0013 0.2773500981126146
51.5 0.0009 0.3333333333333333
52.5 0.0009 0.3333333333333333
53.5 0.0003 0.5773502691896258
54.5 0.0005 0.4472135954999579
55.5 0.0006000000000000001 0.40824829046386296
56.5 0.0001 1.0
57.5 0.0001 1.0
58.5 0.0001 1.0
59.5 0.0002 0.7071067811865475
60.5 0.0002 0.7071067811865475
61.5 0.0001 1.0
62.5 0.0 inf
63.5 0.0 inf
64.5 0.0 inf
65.5 0.0 inf
66.5 0.0 inf
67.5 0.0 inf
68.5 0.0 inf
69.5 0.0 inf
70.5 0.0 inf
71.5 0.0 inf
72.5 0.0 inf
73.5 0.0 inf
74.5 0.0 inf
75.5 0.0 inf
76.5 0.0 inf
77.5 0.0 inf
78.5 0.0 inf
79.5 0.0 inf
80.5 0.0 inf
81.5 0.0 inf
82.5 0.0 inf
83.5 0.0 inf
84.5 0.0 inf
85.5 0.0 inf
86.5 0.0 inf
87.5 0.0 inf
88.5 0.0 inf
89.5 0.0 inf
90.5 0.0 inf
91.5 0.0 inf
92.5 0.0 inf
93.5 0.0 inf
94.5 0.0 inf
95.5 0.0 inf
96.5 0.0 inf
97.5 0.0 inf
