0.5 39.4692 0.0015917352646392805
1.5 20.859199999999998 0.0021895313905863087
2.5 21.1928 0.0021722301144044653
3.5 19.4657 0.0022665483458578204
4.5 17.1962 0.0024114805100417286
5.5 15.3783 0.002550033204836054
6.5 13.5149 0.002720154561397207
7.5 11.9641 0.002891079157788777
8.5 10.7293 0.003052912138396489
9.5 9.361799999999999 0.003268288008947796
10.5 8.455300000000001 0.0034390262386442836
11.5 7.4132 0.003672798830472911
12.5 6.5667 0.0039023517389741597
13.5 5.7194 0.004181429361522524
14.5 5.0784 0.004437481418085467
15.5 4.4139 0.004759800553304094
16.5 3.8984 0.005064735862172968
17.5 3.386 0.005434461584293665
18.5 2.9177999999999997 0.005854263148462578
19.5 2.4682 0.006365167344199691
20.5 2.1323 0.006848190715891815
21.5 1.814 0.007424741855494215
22.5 1.5224000000000002 0.008104675152489322
23.5 1.2999 0.008770917542540313
24.5 1.0948 0.009557242498741928
25.5 0.8674999999999999 0.010736562541900379
26.5 0.7353000000000001 0.011661857142355325
27.5 0.6018 0.012890623033047171
28.5 0.5094 0.014011045056973283
29.5 0.4174 0.015478318452528122
30.5 0.3346 0.01728769260487695
31.5 0.2514 0.01994423410775127
32.5 0.2138 0.02162699349241701
33.5 0.16399999999999998 0.02469323991623974
34.5 0.1256 0.028216632399155017
35.5 0.1076 0.030485538042484616
36.5 0.0803 0.035289233662029275
37.5 0.0665 0.038778336716474064
38.5 0.0527 0.04356068418690321
39.5 0.038599999999999995 0.050898659855928764
40.5 0.0301 0.0576390417704235
41.5 0.0248 0.06350006350009525
42.5 0.019299999999999998 0.07198157507486945
43.5 0.012 0.09128709291752768
44.5 0.0089 0.105999788000636
45.5 0.0079 0.11250879009260237
46.5 0.0073 0.11704114719613057
47.5 0.0031999999999999997 0.1767766952966369
48.5 0.0027 0.19245008972987526
49.5 0.0018 0.23570226039551587
50.5 0.0021000000000000003 0.21821789023599233
51.5 0.0009 0.3333333333333333
52.5 0.0004 0.5
53.5 0.0006 0.4082482904638631
54.5 0.001 0.31622776601683794
55.5 0.0004 0.5
56.5 0.0002 0.7071067811865475
57.5 0.0006 0.4082482904638631
58.5 0.0002 0.7071067811865475
59.5 0.0 inf
60.5 0.0 inf
61.5 0.0 inf
62.5 0.0 inf
63.5 0.0 inf
64.5 0.0 inf
65.5 0.0001 1.0
66.5 0.0 inf
67.5 0.0 inf
68.5 0.0 inf
69.5 0.0 inf
70.5 0.0 inf
71.5 0.0 inf
72.5 0.0 inf
73.5 0.0 inf
74.5 0.0 inf
75.5 0.0 inf
76.5 0.0 inf
77.5 0.0 inf
78.5 0.0 inf
79.5 0.0 inf
80.5 0.0 inf
81.5 0.0 inf
82.5 0.0 inf
83.5 0.0 inf
84.5 0.0 inf
85.5 0.0 inf
86.5 0.0 inf
87.5 0.0 inf
88.5 0.0 inf
89.5 0.0 inf
90.5 0.0 inf
91.5 0.0 inf
92.5 0.0 inf
93.5 0.0 inf
94.5 0.0 inf
95.5 0.0 inf
96.5 0.0 inf
97.5 0.0 inf
