0.5 39.2071 0.0015970467885354778
1.5 20.6837 0.002198800793233712
2.5 21.0419 0.0021800051714144014
3.5 19.2474 0.002279365465565084
4.5 17.0489 0.0024218755247594633
5.5 15.2543 0.0025603766529651586
6.5 13.421800000000001 0.0027295724020295364
7.5 11.9174 0.0028967381684776162
8.5 10.6607 0.003062718902496273
9.5 9.3097 0.003277420431988178
10.5 8.3865 0.003453103727985487
11.5 7.3045 0.003700025807770014
12.5 6.5283 0.003913811888976018
13.5 5.7334 0.004176321067056931
14.5 5.0324 0.0044577162764223785
15.5 4.4041 0.004765093362852818
16.5 3.8626 0.0050881526475204655
17.5 3.3478 0.00546537854372433
18.5 2.8313 0.005943018135334715
19.5 2.4379 0.006404600668065083
20.5 2.1245000000000003 0.006860750600314632
21.5 1.8094999999999999 0.007433968324597509
22.5 1.5321 0.008078978338829857
23.5 1.2652999999999999 0.008890030398177413
24.5 1.0695000000000001 0.009669624412490635
25.5 0.8637 0.01076015531750688
26.5 0.7286 0.0117153540120084
27.5 0.5898 0.013021098250950339
28.5 0.48969999999999997 0.014290089472673803
29.5 0.4094 0.015628816094818164
30.5 0.3315 0.01736833685729687
31.5 0.2649 0.01942938351447002
32.5 0.20929999999999999 0.02185824984939871
33.5 0.1651 0.024610841494742634
34.5 0.13369999999999999 0.027348549437220978
35.5 0.1114 0.029961075885598987
36.5 0.0853 0.034239347869895034
37.5 0.0681 0.03832008326196737
38.5 0.0499 0.04476614810358452
39.5 0.0397 0.05018856132284956
40.5 0.0288 0.05892556509887897
41.5 0.0247 0.06362847629757777
42.5 0.0165 0.0778498944161523
43.5 0.0108 0.09622504486493763
44.5 0.009 0.10540925533894598
45.5 0.0087 0.10721125348377948
46.5 0.0057 0.13245323570650439
47.5 0.0044 0.15075567228888181
48.5 0.0040999999999999995 0.15617376188860607
49.5 0.0019000000000000002 0.22941573387056174
50.5 0.0014 0.2672612419124244
51.5 0.0012000000000000001 0.28867513459481287
52.5 0.0004 0.5
53.5 0.0008 0.35355339059327373
54.5 0.0005 0.4472135954999579
55.5 0.0001 1.0
56.5 0.0002 0.7071067811865475
57.5 0.0004 0.5
58.5 0.0001 1.0
59.5 0.0001 1.0
60.5 0.0 inf
61.5 0.0 inf
62.5 0.0 inf
63.5 0.0 inf
64.5 0.0001 1.0
65.5 0.0 inf
66.5 0.0 inf
67.5 0.0 inf
68.5 0.0 inf
69.5 0.0 inf
70.5 0.0 inf
71.5 0.0 inf
72.5 0.0 inf
73.5 0.0 inf
74.5 0.0 inf
75.5 0.0 inf
76.5 0.0 inf
77.5 0.0 inf
78.5 0.0 inf
79.5 0.0 inf
80.5 0.0 inf
81.5 0.0 inf
82.5 0.0 inf
83.5 0.0 inf
84.5 0.0 inf
85.5 0.0 inf
86.5 0.0 inf
87.5 0.0 inf
88.5 0.0 inf
89.5 0.0 inf
90.5 0.0 inf
91.5 0.0 inf
92.5 0.0 inf
93.5 0.0 inf
94.5 0.0 inf
95.5 0.0 inf
96.5 0.0 inf
97.5 0.0 inf
