0.5 38.4901 0.0016118531796408873
1.5 20.3119 0.0022188335556077386
2.5 20.548499999999997 0.0022060224999338454
3.5 18.9197 0.002299020676338878
4.5 16.6717 0.002449119953587163
5.5 14.9382 0.002587324286624891
6.5 13.076 0.002765429198880824
7.5 11.686599999999999 0.0029252023267878255
8.5 10.373000000000001 0.003104901384852616
9.5 9.1217 0.0033110223139535063
10.5 8.2013 0.0034918746948722277
11.5 7.2151 0.003722878155767676
12.5 6.370900000000001 0.003961864388107056
13.5 5.57 0.004237135986070358
14.5 4.8978 0.004518553997674382
15.5 4.2782 0.004834699194494751
16.5 3.7827 0.005141609037586084
17.5 3.2674000000000003 0.005532212423951898
18.5 2.7895000000000003 0.005987379928509373
19.5 2.4199 0.006428376284396188
20.5 2.0577 0.006971222931921282
21.5 1.7581 0.007541855601681495
22.5 1.4809 0.008217451195649414
23.5 1.2399 0.008980627230705642
24.5 1.05 0.009759000729485332
25.5 0.8579 0.010796467110271652
26.5 0.7064 0.011898018906823722
27.5 0.5803 0.01312724874674039
28.5 0.4901 0.014284256782850143
29.5 0.395 0.0159111456835146
30.5 0.3207 0.017658366242304668
31.5 0.2632 0.019492029389636262
32.5 0.21 0.02182178902359924
33.5 0.15949999999999998 0.025039154291806722
34.5 0.1278 0.02797271194322297
35.5 0.0993 0.03173404079876884
36.5 0.0789 0.03560094272544522
37.5 0.06080000000000001 0.04055535528269063
38.5 0.0468 0.046225016352102424
39.5 0.039400000000000004 0.05037927218598784
40.5 0.0282 0.05954913341754137
41.5 0.022 0.06741998624632421
42.5 0.0175 0.07559289460184544
43.5 0.0133 0.086710996952412
44.5 0.0079 0.11250879009260237
45.5 0.0084 0.1091089451179962
46.5 0.0044 0.15075567228888181
47.5 0.004399999999999999 0.15075567228888184
48.5 0.004 0.15811388300841897
49.5 0.0026 0.19611613513818404
50.5 0.0021 0.2182178902359924
51.5 0.001 0.31622776601683794
52.5 0.0009 0.3333333333333333
53.5 0.0002 0.7071067811865475
54.5 0.00039999999999999996 0.5000000000000001
55.5 0.00039999999999999996 0.5000000000000001
56.5 0.0002 0.7071067811865475
57.5 0.0001 1.0
58.5 0.0001 1.0
59.5 0.0001 1.0
60.5 0.0001 1.0
61.5 0.0001 1.0
62.5 0.0001 1.0
63.5 0.0001 1.0
64.5 0.0 inf
65.5 0.0 inf
66.5 0.0 inf
67.5 0.0 inf
68.5 0.0 inf
69.5 0.0 inf
70.5 0.0 inf
71.5 0.0 inf
72.5 0.0 inf
73.5 0.0 inf
74.5 0.0 inf
75.5 0.0 inf
76.5 0.0 inf
77.5 0.0 inf
78.5 0.0 inf
79.5 0.0 inf
80.5 0.0 inf
81.5 0.0 inf
82.5 0.0 inf
83.5 0.0 inf
84.5 0.0 inf
85.5 0.0 inf
86.5 0.0 inf
87.5 0.0 inf
88.5 0.0 inf
89.5 0.0 inf
90.5 0.0 inf
91.5 0.0 inf
92.5 0.0 inf
93.5 0.0 inf
94.5 0.0 inf
95.5 0.0 inf
96.5 0.0 inf
97.5 0.0 inf
