0.5 25994.0 0.006202452438342742
1.5 8661.0 0.010745236550793194
2.5 6713.0 0.012205109395953727
3.5 4424.0 0.015034619483106592
4.5 3148.0 0.017823075144987977
5.5 2216.0 0.021242964433104368
6.5 1554.0 0.02536731447159205
7.5 1140.0 0.029617443887954616
8.5 890.0 0.033520076157699544
9.5 656.0 0.03904344047215152
10.5 534.0 0.04327423224079154
11.5 383.0 0.0510976130307596
12.5 285.0 0.05923488777590923
13.5 228.0 0.06622661785325219
14.5 173.0 0.07602859212697055
15.5 177.0 0.07516460280028289
16.5 109.0 0.09578262852211514
17.5 75.0 0.11547005383792514
18.5 38.0 0.16222142113076254
19.5 64.0 0.125
20.5 50.0 0.1414213562373095
21.5 23.0 0.20851441405707477
22.5 19.0 0.22941573387056174
23.5 14.0 0.2672612419124244
24.5 9.0 0.3333333333333333
25.5 6.0 0.4082482904638631
26.5 7.0 0.3779644730092272
27.5 5.0 0.4472135954999579
28.5 4.0 0.5
29.5 0.0 inf
30.5 1.0 1.0
31.5 1.0 1.0
32.5 1.0 1.0
33.5 1.0 1.0
34.5 1.0 1.0
35.5 0.0 inf
36.5 0.0 inf
37.5 0.0 inf
38.5 0.0 inf
39.5 0.0 inf
40.5 0.0 inf
41.5 0.0 inf
42.5 0.0 inf
43.5 0.0 inf
44.5 0.0 inf
45.5 0.0 inf
46.5 0.0 inf
47.5 0.0 inf
48.5 0.0 inf
49.5 0.0 inf
50.5 0.0 inf
51.5 0.0 inf
52.5 0.0 inf
53.5 0.0 inf
54.5 0.0 inf
55.5 0.0 inf
56.5 0.0 inf
57.5 0.0 inf
58.5 0.0 inf
59.5 0.0 inf
60.5 0.0 inf
61.5 0.0 inf
62.5 0.0 inf
63.5 0.0 inf
64.5 0.0 inf
65.5 0.0 inf
66.5 0.0 inf
67.5 0.0 inf
68.5 0.0 inf
69.5 0.0 inf
70.5 0.0 inf
71.5 0.0 inf
72.5 0.0 inf
73.5 0.0 inf
74.5 0.0 inf
75.5 0.0 inf
76.5 0.0 inf
77.5 0.0 inf
78.5 0.0 inf
79.5 0.0 inf
80.5 0.0 inf
81.5 0.0 inf
82.5 0.0 inf
83.5 0.0 inf
84.5 0.0 inf
85.5 0.0 inf
86.5 0.0 inf
87.5 0.0 inf
88.5 0.0 inf
89.5 0.0 inf
90.5 0.0 inf
91.5 0.0 inf
92.5 0.0 inf
93.5 0.0 inf
94.5 0.0 inf
95.5 0.0 inf
96.5 0.0 inf
97.5 0.0 inf
