0.5 68835.0 0.0038114948879716943
1.5 17642.0 0.00752880573326123
2.5 12064.0 0.009104463009115372
3.5 7468.0 0.011571718104160847
4.5 4782.0 0.014460896377767018
5.5 3232.0 0.017589938618257295
6.5 2208.0 0.021281413268968714
7.5 1602.0 0.02498438963319538
8.5 1110.0 0.030015011259383207
9.5 824.0 0.034836650714580884
10.5 639.0 0.03955938860646178
11.5 506.0 0.044455422447438706
12.5 369.0 0.052057920629535355
13.5 318.0 0.056077215409204434
14.5 221.0 0.06726727939963124
15.5 198.0 0.07106690545187015
16.5 135.0 0.08606629658238704
17.5 86.0 0.10783277320343841
18.5 75.0 0.11547005383792514
19.5 47.0 0.14586499149789456
20.5 36.0 0.16666666666666666
21.5 27.0 0.19245008972987526
22.5 33.0 0.17407765595569785
23.5 13.0 0.2773500981126146
24.5 9.0 0.3333333333333333
25.5 6.0 0.4082482904638631
26.5 5.0 0.4472135954999579
27.5 4.0 0.5
28.5 6.0 0.4082482904638631
29.5 1.0 1.0
30.5 2.0 0.7071067811865475
31.5 1.0 1.0
32.5 0.0 inf
33.5 0.0 inf
34.5 1.0 1.0
35.5 0.0 inf
36.5 0.0 inf
37.5 0.0 inf
38.5 0.0 inf
39.5 0.0 inf
40.5 0.0 inf
41.5 0.0 inf
42.5 0.0 inf
43.5 0.0 inf
44.5 0.0 inf
45.5 0.0 inf
46.5 0.0 inf
47.5 0.0 inf
48.5 0.0 inf
49.5 0.0 inf
50.5 0.0 inf
51.5 0.0 inf
52.5 0.0 inf
53.5 0.0 inf
54.5 0.0 inf
55.5 0.0 inf
56.5 0.0 inf
57.5 0.0 inf
58.5 0.0 inf
59.5 0.0 inf
60.5 0.0 inf
61.5 0.0 inf
62.5 0.0 inf
63.5 0.0 inf
64.5 0.0 inf
65.5 0.0 inf
66.5 0.0 inf
67.5 0.0 inf
68.5 0.0 inf
69.5 0.0 inf
70.5 0.0 inf
71.5 0.0 inf
72.5 0.0 inf
73.5 0.0 inf
74.5 0.0 inf
75.5 0.0 inf
76.5 0.0 inf
77.5 0.0 inf
78.5 0.0 inf
79.5 0.0 inf
80.5 0.0 inf
81.5 0.0 inf
82.5 0.0 inf
83.5 0.0 inf
84.5 0.0 inf
85.5 0.0 inf
86.5 0.0 inf
87.5 0.0 inf
88.5 0.0 inf
89.5 0.0 inf
90.5 0.0 inf
91.5 0.0 inf
92.5 0.0 inf
93.5 0.0 inf
94.5 0.0 inf
95.5 0.0 inf
96.5 0.0 inf
97.5 0.0 inf
