0.5 169098.0 0.002431816296407621
1.5 30804.0 0.005697658857145519
2.5 18558.0 0.007340648263655175
3.5 10734.0 0.009652042033113034
4.5 6448.0 0.012453387034667947
5.5 4216.0 0.015401027590842437
6.5 2674.0 0.01933834476267449
7.5 1938.0 0.02271554252121273
8.5 1397.0 0.026754805427388343
9.5 997.0 0.03167031776097682
10.5 744.0 0.036661778755338326
11.5 538.0 0.04311306135592269
12.5 402.0 0.049875466805381644
13.5 333.0 0.0547996624351191
14.5 261.0 0.061898446059017294
15.5 174.0 0.07580980435789034
16.5 143.0 0.08362420100070908
17.5 126.0 0.0890870806374748
18.5 77.0 0.11396057645963795
19.5 75.0 0.11547005383792514
20.5 40.0 0.15811388300841897
21.5 35.0 0.1690308509457033
22.5 29.0 0.18569533817705186
23.5 20.0 0.22360679774997896
24.5 15.0 0.2581988897471611
25.5 10.0 0.31622776601683794
26.5 9.0 0.3333333333333333
27.5 3.0 0.5773502691896258
28.5 8.0 0.35355339059327373
29.5 3.0 0.5773502691896258
30.5 1.0 1.0
31.5 0.0 inf
32.5 0.0 inf
33.5 0.0 inf
34.5 0.0 inf
35.5 0.0 inf
36.5 0.0 inf
37.5 0.0 inf
38.5 0.0 inf
39.5 0.0 inf
40.5 0.0 inf
41.5 0.0 inf
42.5 0.0 inf
43.5 0.0 inf
44.5 0.0 inf
45.5 0.0 inf
46.5 0.0 inf
47.5 0.0 inf
48.5 0.0 inf
49.5 0.0 inf
50.5 0.0 inf
51.5 0.0 inf
52.5 0.0 inf
53.5 0.0 inf
54.5 0.0 inf
55.5 0.0 inf
56.5 0.0 inf
57.5 0.0 inf
58.5 0.0 inf
59.5 0.0 inf
60.5 0.0 inf
61.5 0.0 inf
62.5 0.0 inf
63.5 0.0 inf
64.5 0.0 inf
65.5 0.0 inf
66.5 0.0 inf
67.5 0.0 inf
68.5 0.0 inf
69.5 0.0 inf
70.5 0.0 inf
71.5 0.0 inf
72.5 0.0 inf
73.5 0.0 inf
74.5 0.0 inf
75.5 0.0 inf
76.5 0.0 inf
77.5 0.0 inf
78.5 0.0 inf
79.5 0.0 inf
80.5 0.0 inf
81.5 0.0 inf
82.5 0.0 inf
83.5 0.0 inf
84.5 0.0 inf
85.5 0.0 inf
86.5 0.0 inf
87.5 0.0 inf
88.5 0.0 inf
89.5 0.0 inf
90.5 0.0 inf
91.5 0.0 inf
92.5 0.0 inf
93.5 0.0 inf
94.5 0.0 inf
95.5 0.0 inf
96.5 0.0 inf
97.5 0.0 inf
