0.5 682.0 0.03829197905337418
1.5 394.0 0.05037927218598784
2.5 386.0 0.050898659855928764
3.5 351.0 0.05337605126836238
4.5 260.0 0.062017367294604234
5.5 212.0 0.06868028197434452
6.5 206.0 0.06967330142916177
7.5 158.0 0.079555728417573
8.5 152.0 0.08111071056538127
9.5 95.0 0.10259783520851541
10.5 71.0 0.11867816581938533
11.5 80.0 0.11180339887498948
12.5 61.0 0.12803687993289598
13.5 57.0 0.13245323570650439
14.5 39.0 0.16012815380508713
15.5 25.0 0.2
16.5 26.0 0.19611613513818404
17.5 15.0 0.2581988897471611
18.5 17.0 0.24253562503633297
19.5 8.0 0.35355339059327373
20.5 7.0 0.3779644730092272
21.5 7.0 0.3779644730092272
22.5 3.0 0.5773502691896258
23.5 0.0 inf
24.5 0.0 inf
25.5 1.0 1.0
26.5 1.0 1.0
27.5 0.0 inf
28.5 0.0 inf
29.5 0.0 inf
30.5 1.0 1.0
31.5 0.0 inf
32.5 0.0 inf
33.5 0.0 inf
34.5 0.0 inf
35.5 0.0 inf
36.5 0.0 inf
37.5 0.0 inf
38.5 0.0 inf
39.5 0.0 inf
40.5 0.0 inf
41.5 0.0 inf
42.5 0.0 inf
43.5 0.0 inf
44.5 0.0 inf
45.5 0.0 inf
46.5 0.0 inf
47.5 0.0 inf
48.5 0.0 inf
49.5 0.0 inf
50.5 0.0 inf
51.5 0.0 inf
52.5 0.0 inf
53.5 0.0 inf
54.5 0.0 inf
55.5 0.0 inf
56.5 0.0 inf
57.5 0.0 inf
58.5 0.0 inf
59.5 0.0 inf
60.5 0.0 inf
61.5 0.0 inf
62.5 0.0 inf
63.5 0.0 inf
64.5 0.0 inf
65.5 0.0 inf
66.5 0.0 inf
67.5 0.0 inf
68.5 0.0 inf
69.5 0.0 inf
70.5 0.0 inf
71.5 0.0 inf
72.5 0.0 inf
73.5 0.0 inf
74.5 0.0 inf
75.5 0.0 inf
76.5 0.0 inf
77.5 0.0 inf
78.5 0.0 inf
79.5 0.0 inf
80.5 0.0 inf
81.5 0.0 inf
82.5 0.0 inf
83.5 0.0 inf
84.5 0.0 inf
85.5 0.0 inf
86.5 0.0 inf
87.5 0.0 inf
88.5 0.0 inf
89.5 0.0 inf
90.5 0.0 inf
91.5 0.0 inf
92.5 0.0 inf
93.5 0.0 inf
94.5 0.0 inf
95.5 0.0 inf
96.5 0.0 inf
97.5 0.0 inf
