0.5 39.624700000000004 0.0015886089552521177
1.5 20.944 0.0021850943063351533
2.5 21.3136 0.002166065546551064
3.5 19.5165 0.002263596595306096
4.5 17.2971 0.002404436720551193
5.5 15.4561 0.0025436071700844446
6.5 13.5592 0.0027157073435105966
7.5 12.0473 0.0028810788041247846
8.5 10.795300000000001 0.0030435654266096467
9.5 9.4481 0.003253327313671226
10.5 8.4892 0.003432152822395533
11.5 7.4457 0.0036647742993187933
12.5 6.6277 0.0038843520017264833
13.5 5.7859 0.004157330374364655
14.5 5.1337 0.00441351652474822
15.5 4.402200000000001 0.004766121564740851
16.5 3.8979 0.00506506068922432
17.5 3.3913 0.00543021337438081
18.5 2.884 0.00588846871438385
19.5 2.4874 0.006340553699078886
20.5 2.1517 0.006817248735903889
21.5 1.8311 0.007389992007358467
22.5 1.5428 0.00805091395137373
23.5 1.2923 0.00879667056246857
24.5 1.0872000000000002 0.009590588960807266
25.5 0.9005 0.010537998718474054
26.5 0.739 0.011632626414255727
27.5 0.5923 0.012993589245171131
28.5 0.5142 0.01394549594865621
29.5 0.4179 0.015469056098486707
30.5 0.3285 0.01744746408634046
31.5 0.2792 0.018925279102611613
32.5 0.20850000000000002 0.02190014399392014
33.5 0.1694 0.024296476537493127
34.5 0.13179999999999997 0.027544969439561987
35.5 0.1068 0.03059950306810523
36.5 0.0811 0.03511474936103118
37.5 0.0621 0.040128617695256406
38.5 0.048600000000000004 0.04536092116265144
39.5 0.0395 0.05031546054266276
40.5 0.0354 0.05314940034527339
41.5 0.023 0.0659380473395787
42.5 0.0184 0.07372097807744857
43.5 0.0116 0.09284766908852593
44.5 0.0118 0.09205746178983235
45.5 0.007299999999999999 0.11704114719613057
46.5 0.0063999999999999994 0.12500000000000003
47.5 0.005299999999999999 0.13736056394868904
48.5 0.0031999999999999997 0.1767766952966369
49.5 0.0024 0.20412414523193154
50.5 0.0015 0.2581988897471611
51.5 0.0011 0.30151134457776363
52.5 0.0010999999999999998 0.3015113445777637
53.5 0.0007 0.3779644730092272
54.5 0.0006 0.4082482904638631
55.5 0.0005 0.4472135954999579
56.5 0.0002 0.7071067811865475
57.5 0.0001 1.0
58.5 0.0 inf
59.5 0.0 inf
60.5 0.0 inf
61.5 0.0 inf
62.5 0.0 inf
63.5 0.0 inf
64.5 0.0 inf
65.5 0.0 inf
66.5 0.0 inf
67.5 0.0 inf
68.5 0.0 inf
69.5 0.0 inf
70.5 0.0 inf
71.5 0.0 inf
72.5 0.0 inf
73.5 0.0 inf
74.5 0.0 inf
75.5 0.0 inf
76.5 0.0001 1.0
77.5 0.0 inf
78.5 0.0 inf
79.5 0.0 inf
80.5 0.0 inf
81.5 0.0 inf
82.5 0.0 inf
83.5 0.0 inf
84.5 0.0 inf
85.5 0.0 inf
86.5 0.0 inf
87.5 0.0 inf
88.5 0.0 inf
89.5 0.0 inf
90.5 0.0 inf
91.5 0.0 inf
92.5 0.0 inf
93.5 0.0 inf
94.5 0.0 inf
95.5 0.0 inf
96.5 0.0 inf
97.5 0.0 inf
