0.5 38.459199999999996 0.0016125005704221778
1.5 20.3422 0.002217180447520721
2.5 20.5444 0.002206242614442847
3.5 18.8151 0.002305402366124236
4.5 16.6299 0.002452196008309808
5.5 14.9763 0.002584031089016479
6.5 13.086400000000001 0.0027643301120404444
7.5 11.606 0.0029353420555260435
8.5 10.409500000000001 0.003099453072274348
9.5 9.1104 0.0033130750755028947
10.5 8.1613 0.0035004213885885035
11.5 7.1919 0.003728878046653115
12.5 6.3527000000000005 0.00396753554849666
13.5 5.6225000000000005 0.004217307497155847
14.5 4.9167000000000005 0.004509860880378883
15.5 4.2794 0.004834021290372165
16.5 3.7112 0.005190901885427475
17.5 3.2909 0.005512424536716601
18.5 2.7926 0.005984055780468384
19.5 2.4035 0.006450270634844853
20.5 2.0516 0.006981578970479187
21.5 1.7649 0.007527312536285748
22.5 1.4896 0.008193419066805777
23.5 1.2530999999999999 0.008933201599358393
24.5 1.0605 0.009710568665124318
25.5 0.8486 0.010855466370894677
26.5 0.6976 0.011972828565264392
27.5 0.5765 0.013170441819759387
28.5 0.4971 0.014183327086761071
29.5 0.4001 0.015809412247806517
30.5 0.3196 0.017688728441930625
31.5 0.2579 0.01969129728669193
32.5 0.2079 0.021931723165325635
33.5 0.1597 0.02502347051056742
34.5 0.12419999999999999 0.02837521769195829
35.5 0.1048 0.03089010316076077
36.5 0.077 0.036037498507822355
37.5 0.0675 0.03849001794597505
38.5 0.049699999999999994 0.044856130401625664
39.5 0.0377 0.051502620262460476
40.5 0.0288 0.05892556509887897
41.5 0.0233 0.06551217820804184
42.5 0.0185 0.07352146220938077
43.5 0.011300000000000001 0.09407208683835973
44.5 0.0104 0.09805806756909202
45.5 0.008199999999999999 0.11043152607484656
46.5 0.0048000000000000004 0.14433756729740643
47.5 0.0042 0.1543033499620919
48.5 0.0029 0.18569533817705186
49.5 0.0026 0.19611613513818404
50.5 0.0018 0.23570226039551587
51.5 0.0013 0.2773500981126146
52.5 0.00039999999999999996 0.5000000000000001
53.5 0.0004 0.5
54.5 0.0004 0.5
55.5 0.0002 0.7071067811865475
56.5 0.0001 1.0
57.5 0.0001 1.0
58.5 0.0 inf
59.5 0.0001 1.0
60.5 0.0 inf
61.5 0.0 inf
62.5 0.0002 0.7071067811865475
63.5 0.0001 1.0
64.5 0.0 inf
65.5 0.0 inf
66.5 0.0 inf
67.5 0.0 inf
68.5 0.0 inf
69.5 0.0 inf
70.5 0.0 inf
71.5 0.0 inf
72.5 0.0 inf
73.5 0.0 inf
74.5 0.0 inf
75.5 0.0 inf
76.5 0.0 inf
77.5 0.0 inf
78.5 0.0 inf
79.5 0.0 inf
80.5 0.0 inf
81.5 0.0 inf
82.5 0.0 inf
83.5 0.0 inf
84.5 0.0 inf
85.5 0.0 inf
86.5 0.0 inf
87.5 0.0 inf
88.5 0.0 inf
89.5 0.0 inf
90.5 0.0 inf
91.5 0.0 inf
92.5 0.0 inf
93.5 0.0 inf
94.5 0.0 inf
95.5 0.0 inf
96.5 0.0 inf
97.5 0.0 inf
