0.5 38.460499999999996 0.0016124733181964441
1.5 20.298000000000002 0.0022195931503496582
2.5 20.5651 0.0022051319774873857
3.5 18.837899999999998 0.002304006799521172
4.5 16.6907 0.002447725568404115
5.5 14.9282 0.002588190731051191
6.5 13.1038 0.0027624941819343954
7.5 11.678799999999999 0.0029261790011787994
8.5 10.3774 0.003104243078604392
9.5 9.0918 0.0033164622876845217
10.5 8.142199999999999 0.0035045246337485655
11.5 7.1669 0.003735376030236082
12.5 6.3637999999999995 0.0039640738695240615
13.5 5.5923 0.004228679490836077
14.5 4.9535 0.004493077568677714
15.5 4.2291 0.004862683717560861
16.5 3.7451 0.0051673549036964405
17.5 3.2671 0.005532466414590303
18.5 2.7775 0.0060003000225018754
19.5 2.4108 0.006440497390481659
20.5 2.0698 0.006950816264905735
21.5 1.7966 0.0074606093865725006
22.5 1.4907 0.00819039551269189
23.5 1.2484000000000002 0.00895000174525051
24.5 1.0562 0.00973031541425936
25.5 0.8558 0.010809705419002783
26.5 0.6989000000000001 0.011961688257849113
27.5 0.5817 0.013111442300614298
28.5 0.4956 0.014204774743178402
29.5 0.3927 0.015957672558078225
30.5 0.3103 0.01795184592614303
31.5 0.2477 0.02009263970630489
32.5 0.2101 0.021816595214404266
33.5 0.16099999999999998 0.024922239313961342
34.5 0.1296 0.027777777777777776
35.5 0.1047 0.03090485136077065
36.5 0.07919999999999999 0.035533452725935076
37.5 0.0657 0.03901371573204352
38.5 0.0513 0.044151078568834795
39.5 0.0388 0.05076730825668096
40.5 0.0289 0.058823529411764705
41.5 0.0222 0.06711560552140243
42.5 0.0205 0.06984302957695782
43.5 0.0112 0.0944911182523068
44.5 0.0089 0.105999788000636
45.5 0.0073 0.11704114719613057
46.5 0.006 0.12909944487358055
47.5 0.0045000000000000005 0.14907119849998599
48.5 0.0028 0.1889822365046136
49.5 0.002 0.22360679774997896
50.5 0.0018 0.23570226039551587
51.5 0.0015 0.2581988897471611
52.5 0.0005 0.4472135954999579
53.5 0.0003 0.5773502691896258
54.5 0.0003 0.5773502691896258
55.5 0.0 inf
56.5 0.00030000000000000003 0.5773502691896257
57.5 0.00039999999999999996 0.5000000000000001
58.5 0.0001 1.0
59.5 0.00030000000000000003 0.5773502691896257
60.5 0.0001 1.0
61.5 0.0 inf
62.5 0.0 inf
63.5 0.0 inf
64.5 0.0001 1.0
65.5 0.0 inf
66.5 0.0 inf
67.5 0.0 inf
68.5 0.0 inf
69.5 0.0 inf
70.5 0.0 inf
71.5 0.0 inf
72.5 0.0 inf
73.5 0.0 inf
74.5 0.0 inf
75.5 0.0 inf
76.5 0.0 inf
77.5 0.0 inf
78.5 0.0 inf
79.5 0.0 inf
80.5 0.0 inf
81.5 0.0 inf
82.5 0.0 inf
83.5 0.0 inf
84.5 0.0 inf
85.5 0.0 inf
86.5 0.0 inf
87.5 0.0 inf
88.5 0.0 inf
89.5 0.0 inf
90.5 0.0 inf
91.5 0.0 inf
92.5 0.0 inf
93.5 0.0 inf
94.5 0.0 inf
95.5 0.0 inf
96.5 0.0 inf
97.5 0.0 inf
