0.5 50.0197 0.0014139350446006076
1.5 26.1783 0.0019544712203732424
2.5 26.0749 0.0019583426133833823
3.5 23.587 0.0020590346090902157
4.5 20.3536 0.0022165594419657044
5.5 18.0818 0.0023516851099013194
6.5 15.674600000000002 0.002525816328940789
7.5 13.7886 0.002693022075312183
8.5 12.1791 0.0028654471435357698
9.5 10.508500000000002 0.003084818634769465
10.5 9.3477 0.0032707520105877885
11.5 8.1431 0.003504330963074953
12.5 7.334099999999999 0.003692551714675831
13.5 6.3355 0.003972917551304798
14.5 5.539 0.004248976385550808
15.5 4.7791 0.004574324194950977
16.5 4.2088 0.004874396526136599
17.5 3.6097 0.005263376599139347
18.5 3.0978 0.005681634764234991
19.5 2.6577 0.00613404590549431
20.5 2.2446 0.006674681095527277
21.5 1.9266 0.007204506242936107
22.5 1.6157 0.007867189974583124
23.5 1.3649 0.008559523391616251
24.5 1.1275 0.009417632186960222
25.5 0.9216 0.010416666666666666
26.5 0.7726 0.011376866136860333
27.5 0.6207 0.01269284940313554
28.5 0.5311 0.01372182414686654
29.5 0.4168 0.015489455270219743
30.5 0.3547 0.016790723337274424
31.5 0.276 0.019034674690672024
32.5 0.2228 0.021185679930351788
33.5 0.1848 0.023262105259961773
34.5 0.13779999999999998 0.026938622922018266
35.5 0.10500000000000001 0.030860669992418384
36.5 0.0836 0.03458572319330373
37.5 0.069 0.03806934938134405
38.5 0.0487 0.04531432544294438
39.5 0.0369 0.052057920629535355
40.5 0.0308 0.05698028822981897
41.5 0.022699999999999998 0.0663723311599972
42.5 0.017599999999999998 0.07537783614444092
43.5 0.0129 0.08804509063256238
44.5 0.0106 0.09712858623572641
45.5 0.0085 0.10846522890932808
46.5 0.0062 0.1270001270001905
47.5 0.0043 0.15249857033260467
48.5 0.0024000000000000002 0.20412414523193148
49.5 0.0026 0.19611613513818404
50.5 0.0013 0.2773500981126146
51.5 0.001 0.31622776601683794
52.5 0.0009 0.3333333333333333
53.5 0.0012000000000000001 0.28867513459481287
54.5 0.0006 0.4082482904638631
55.5 0.0001 1.0
56.5 0.0006000000000000001 0.40824829046386296
57.5 0.0 inf
58.5 0.0 inf
59.5 0.0002 0.7071067811865475
60.5 0.0 inf
61.5 0.0 inf
62.5 0.0 inf
63.5 0.0 inf
64.5 0.0 inf
65.5 0.0 inf
66.5 0.0 inf
67.5 0.0 inf
68.5 0.0 inf
69.5 0.0 inf
70.5 0.0 inf
71.5 0.0001 1.0
72.5 0.0 inf
73.5 0.0 inf
74.5 0.0 inf
75.5 0.0 inf
76.5 0.0 inf
77.5 0.0 inf
78.5 0.0 inf
79.5 0.0 inf
80.5 0.0 inf
81.5 0.0 inf
82.5 0.0 inf
83.5 0.0 inf
84.5 0.0 inf
85.5 0.0 inf
86.5 0.0 inf
87.5 0.0 inf
88.5 0.0 inf
89.5 0.0 inf
90.5 0.0 inf
91.5 0.0 inf
92.5 0.0 inf
93.5 0.0 inf
94.5 0.0 inf
95.5 0.0 inf
96.5 0.0 inf
97.5 0.0 inf
