0.5 42.348200000000006 0.0015366767565023005
1.5 22.5016 0.002108110153083741
2.5 22.6481 0.0021012809004805144
3.5 20.7529 0.0021951318103999922
4.5 18.325400000000002 0.0023360023131293235
5.5 16.348399999999998 0.0024732178508256866
6.5 14.3397 0.0026407662883220348
7.5 12.6668 0.0028097426466648047
8.5 11.307099999999998 0.002973886459188389
9.5 9.874500000000001 0.0031823097025253494
10.5 8.8276 0.003365725374987143
11.5 7.7588 0.0035900683864280047
12.5 6.8662 0.0038162935669427446
13.5 5.9917 0.004085309554969026
14.5 5.2707999999999995 0.004355737824949573
15.5 4.5524000000000004 0.004686836383626128
16.5 4.066599999999999 0.004958887683591591
17.5 3.4624 0.005374169754904347
18.5 2.9724000000000004 0.005800245471582646
19.5 2.55 0.006262242910851494
20.5 2.1726 0.00678437917511088
21.5 1.8794 0.007294413669963443
22.5 1.5505 0.008030898087325199
23.5 1.315 0.008720414403938946
24.5 1.1298 0.009408041290704341
25.5 0.9097999999999999 0.010484000518496742
26.5 0.7565999999999999 0.011496531444875831
27.5 0.601 0.012899199629493716
28.5 0.5214 0.013848874720779208
29.5 0.4162 0.015500616161738888
30.5 0.3426 0.01708465922552469
31.5 0.2647 0.019436722280931712
32.5 0.2077 0.02194227995205747
33.5 0.1728 0.024056261216234408
34.5 0.1293 0.02780998390775747
35.5 0.11080000000000001 0.030042088406305484
36.5 0.0852 0.03425943549137658
37.5 0.06620000000000001 0.03886610371682358
38.5 0.0497 0.04485613040162566
39.5 0.039400000000000004 0.05037927218598784
40.5 0.031 0.05679618342470648
41.5 0.0233 0.06551217820804184
42.5 0.0187 0.07312724241271307
43.5 0.012 0.09128709291752768
44.5 0.0112 0.0944911182523068
45.5 0.0081 0.1111111111111111
46.5 0.006 0.12909944487358055
47.5 0.0038 0.16222142113076254
48.5 0.0040999999999999995 0.15617376188860607
49.5 0.0021999999999999997 0.21320071635561047
50.5 0.0015 0.2581988897471611
51.5 0.0013 0.2773500981126146
52.5 0.001 0.31622776601683794
53.5 0.0006000000000000001 0.40824829046386296
54.5 0.0005 0.4472135954999579
55.5 0.0004 0.5
56.5 0.0004 0.5
57.5 0.0002 0.7071067811865475
58.5 0.0001 1.0
59.5 0.0 inf
60.5 0.0001 1.0
61.5 0.0 inf
62.5 0.0 inf
63.5 0.0 inf
64.5 0.0 inf
65.5 0.0 inf
66.5 0.0 inf
67.5 0.0 inf
68.5 0.0 inf
69.5 0.0 inf
70.5 0.0 inf
71.5 0.0 inf
72.5 0.0 inf
73.5 0.0 inf
74.5 0.0 inf
75.5 0.0 inf
76.5 0.0 inf
77.5 0.0 inf
78.5 0.0 inf
79.5 0.0 inf
80.5 0.0 inf
81.5 0.0 inf
82.5 0.0 inf
83.5 0.0 inf
84.5 0.0 inf
85.5 0.0 inf
86.5 0.0 inf
87.5 0.0 inf
88.5 0.0 inf
89.5 0.0 inf
90.5 0.0 inf
91.5 0.0 inf
92.5 0.0 inf
93.5 0.0 inf
94.5 0.0 inf
95.5 0.0 inf
96.5 0.0 inf
97.5 0.0 inf
