0.5 38.542 0.0016107675670473476
1.5 20.3737 0.0022154657810502113
2.5 20.6441 0.0022009086786652916
3.5 18.9329 0.002298219099077602
4.5 16.7075 0.002446494620263634
5.5 14.963799999999999 0.0025851101480089092
6.5 13.1082 0.002762030502917446
7.5 11.6537 0.0029293285411302176
8.5 10.4859 0.003088141162010613
9.5 9.1217 0.0033110223139535063
10.5 8.2112 0.0034897690351855643
11.5 7.1469000000000005 0.0037405989470199737
12.5 6.3586 0.0039656944284151285
13.5 5.6196 0.004218395529604615
14.5 4.9285 0.004504458805738612
15.5 4.297499999999999 0.004823830701949478
16.5 3.817 0.005118455360398787
17.5 3.2652 0.005534075834757662
18.5 2.8279 0.005946589724107857
19.5 2.3997 0.0064553757172703015
20.5 2.0611 0.006965470678067464
21.5 1.767 0.007522838270382504
22.5 1.4874 0.008199476234186705
23.5 1.2405 0.008978455111377534
24.5 1.0445 0.009784660868919793
25.5 0.8631 0.01076389472867711
26.5 0.717 0.011809742331947865
27.5 0.5733 0.013207147529172122
28.5 0.5 0.01414213562373095
29.5 0.3986 0.01583913107643211
30.5 0.3159 0.017792017089454125
31.5 0.2574 0.01971041319963609
32.5 0.2002 0.02234950781338371
33.5 0.16920000000000002 0.024310831916315757
34.5 0.1261 0.02816063585180762
35.5 0.1017 0.03135736227945324
36.5 0.0784 0.03571428571428571
37.5 0.0663 0.03883678186903087
38.5 0.049100000000000005 0.04512936824065242
39.5 0.038400000000000004 0.05103103630798287
40.5 0.0281 0.05965499862718936
41.5 0.0234 0.06537204504606134
42.5 0.016 0.07905694150420949
43.5 0.0121 0.09090909090909091
44.5 0.009899999999999999 0.10050378152592121
45.5 0.0087 0.10721125348377948
46.5 0.0060999999999999995 0.12803687993289598
47.5 0.0038 0.16222142113076254
48.5 0.0021000000000000003 0.21821789023599233
49.5 0.0028 0.1889822365046136
50.5 0.0015 0.2581988897471611
51.5 0.001 0.31622776601683794
52.5 0.0009 0.3333333333333333
53.5 0.0004 0.5
54.5 0.0001 1.0
55.5 0.00030000000000000003 0.5773502691896257
56.5 0.0002 0.7071067811865475
57.5 0.0001 1.0
58.5 0.0002 0.7071067811865475
59.5 0.00030000000000000003 0.5773502691896257
60.5 0.0001 1.0
61.5 0.0001 1.0
62.5 0.0 inf
63.5 0.0 inf
64.5 0.0 inf
65.5 0.0 inf
66.5 0.0 inf
67.5 0.0 inf
68.5 0.0 inf
69.5 0.0 inf
70.5 0.0 inf
71.5 0.0 inf
72.5 0.0 inf
73.5 0.0 inf
74.5 0.0 inf
75.5 0.0 inf
76.5 0.0 inf
77.5 0.0 inf
78.5 0.0 inf
79.5 0.0 inf
80.5 0.0 inf
81.5 0.0 inf
82.5 0.0 inf
83.5 0.0 inf
84.5 0.0 inf
85.5 0.0 inf
86.5 0.0 inf
87.5 0.0 inf
88.5 0.0 inf
89.5 0.0 inf
90.5 0.0 inf
91.5 0.0 inf
92.5 0.0 inf
93.5 0.0 inf
94.5 0.0 inf
95.5 0.0 inf
96.5 0.0 inf
97.5 0.0 inf
