0.5 63.387600000000006 0.0012560237330840572
1.5 31.654 0.001777402149262284
2.5 30.6643 0.0018058574801750806
3.5 26.8367 0.0019303472637424554
4.5 22.792 0.0020946370538841297
5.5 19.898600000000002 0.0022417580555090595
6.5 16.9546 0.0024286013154204925
7.5 14.773800000000001 0.002601680083066793
8.5 12.959800000000001 0.0027777992114963613
9.5 11.111799999999999 0.002999907004324277
10.5 9.9076 0.0031769894142825534
11.5 8.5195 0.0034260440800750486
12.5 7.505699999999999 0.0036500969432995568
13.5 6.5257000000000005 0.003914591490975012
14.5 5.6915 0.004191665613656357
15.5 4.9371 0.004500533907504045
16.5 4.3057 0.004819235135310069
17.5 3.7319000000000004 0.00517648549080321
18.5 3.1684 0.0056179775280898875
19.5 2.6989 0.006087046274689947
20.5 2.2919 0.006605446322050209
21.5 1.9500000000000002 0.007161148740394328
22.5 1.6482999999999999 0.007789002992368061
23.5 1.3786999999999998 0.008516577684271871
24.5 1.1613 0.009279568606594726
25.5 0.9329000000000001 0.010353387134044097
26.5 0.7986 0.011190135543575704
27.5 0.6223000000000001 0.012676521563087339
28.5 0.5532 0.013444941418501123
29.5 0.43310000000000004 0.015195182067672959
30.5 0.3399 0.01715238110873599
31.5 0.2861 0.018695671611766978
32.5 0.2063 0.02201660678463551
33.5 0.1774 0.02374232208416312
34.5 0.1306 0.027671226645624276
35.5 0.1118 0.02990743022772896
36.5 0.0865 0.034001020045902296
37.5 0.06609999999999999 0.0388954920792207
38.5 0.0509 0.04432422071779363
39.5 0.04190000000000001 0.04885319687460315
40.5 0.030199999999999998 0.0575435337648436
41.5 0.0234 0.06537204504606134
42.5 0.0171 0.07647191129018725
43.5 0.0125 0.08944271909999159
44.5 0.0087 0.10721125348377948
45.5 0.0079 0.11250879009260237
46.5 0.0065 0.12403473458920847
47.5 0.0041 0.15617376188860607
48.5 0.0036 0.16666666666666666
49.5 0.0021 0.2182178902359924
50.5 0.0012000000000000001 0.28867513459481287
51.5 0.0017 0.24253562503633297
52.5 0.0002 0.7071067811865475
53.5 0.0005 0.4472135954999579
54.5 0.0007999999999999999 0.3535533905932738
55.5 0.00039999999999999996 0.5000000000000001
56.5 0.0 inf
57.5 0.0001 1.0
58.5 0.0001 1.0
59.5 0.0001 1.0
60.5 0.0002 0.7071067811865475
61.5 0.0 inf
62.5 0.0 inf
63.5 0.0001 1.0
64.5 0.0 inf
65.5 0.0 inf
66.5 0.0 inf
67.5 0.0 inf
68.5 0.0 inf
69.5 0.0 inf
70.5 0.0 inf
71.5 0.0 inf
72.5 0.0 inf
73.5 0.0 inf
74.5 0.0 inf
75.5 0.0 inf
76.5 0.0 inf
77.5 0.0 inf
78.5 0.0 inf
79.5 0.0 inf
80.5 0.0 inf
81.5 0.0 inf
82.5 0.0 inf
83.5 0.0 inf
84.5 0.0 inf
85.5 0.0 inf
86.5 0.0 inf
87.5 0.0 inf
88.5 0.0 inf
89.5 0.0 inf
90.5 0.0 inf
91.5 0.0 inf
92.5 0.0 inf
93.5 0.0 inf
94.5 0.0 inf
95.5 0.0 inf
96.5 0.0 inf
97.5 0.0 inf
