0.5 38.5156 0.0016113195119650588
1.5 20.3454 0.0022170060774804393
2.5 20.619 0.002202247880517056
3.5 18.8641 0.0023024062473435887
4.5 16.7059 0.0024466117734152793
5.5 14.9946 0.0025824537809954738
6.5 13.117799999999999 0.0027610196495040516
7.5 11.678 0.0029262792282344083
8.5 10.4401 0.003094907480632524
9.5 9.1557 0.003304868799436872
10.5 8.203 0.003491512845879855
11.5 7.1465 0.0037407036289371864
12.5 6.3988 0.003953217706744649
13.5 5.6189 0.0042186582843172305
14.5 4.92 0.004508348173337161
15.5 4.2557 0.0048474629383032965
16.5 3.7824999999999998 0.005141744967290608
17.5 3.2969999999999997 0.005507322723339465
18.5 2.7968 0.005979560915436748
19.5 2.3754999999999997 0.006488173915496965
20.5 2.0917 0.006914333160884873
21.5 1.7633999999999999 0.007530513332678348
22.5 1.4624000000000001 0.00826926502069528
23.5 1.2549000000000001 0.008926792509737934
24.5 1.0545 0.009738155563505966
25.5 0.8553999999999999 0.010812232527259167
26.5 0.7143999999999999 0.011831213107007526
27.5 0.5723 0.013218681150730162
28.5 0.4969 0.0141861811620665
29.5 0.3849 0.016118552734992048
30.5 0.3174 0.01774992567234187
31.5 0.2555 0.019783564706223267
32.5 0.1995 0.022388683141982252
33.5 0.1654 0.02458851198024517
34.5 0.1298 0.027756369082668444
35.5 0.1071 0.030556616567607043
36.5 0.077 0.036037498507822355
37.5 0.061399999999999996 0.04035671561356309
38.5 0.0482 0.04554875186742769
39.5 0.0357 0.05292561240249631
40.5 0.0287 0.059028133610095526
41.5 0.0219 0.06757373783994859
42.5 0.0158 0.079555728417573
43.5 0.012 0.09128709291752768
44.5 0.0098 0.10101525445522107
45.5 0.0093 0.10369516947304253
46.5 0.0064 0.125
47.5 0.0037 0.1643989873053573
48.5 0.0029 0.18569533817705186
49.5 0.0029 0.18569533817705186
50.5 0.0021 0.2182178902359924
51.5 0.0014 0.2672612419124244
52.5 0.0008 0.35355339059327373
53.5 0.0007 0.3779644730092272
54.5 0.0006000000000000001 0.40824829046386296
55.5 0.0004 0.5
56.5 0.0002 0.7071067811865475
57.5 0.0003 0.5773502691896258
58.5 0.0002 0.7071067811865475
59.5 0.0 inf
60.5 0.0001 1.0
61.5 0.0 inf
62.5 0.0 inf
63.5 0.0 inf
64.5 0.0 inf
65.5 0.0 inf
66.5 0.0 inf
67.5 0.0 inf
68.5 0.0 inf
69.5 0.0 inf
70.5 0.0 inf
71.5 0.0 inf
72.5 0.0 inf
73.5 0.0 inf
74.5 0.0 inf
75.5 0.0 inf
76.5 0.0 inf
77.5 0.0 inf
78.5 0.0 inf
79.5 0.0 inf
80.5 0.0 inf
81.5 0.0 inf
82.5 0.0 inf
83.5 0.0 inf
84.5 0.0 inf
85.5 0.0 inf
86.5 0.0 inf
87.5 0.0 inf
88.5 0.0 inf
89.5 0.0 inf
90.5 0.0 inf
91.5 0.0 inf
92.5 0.0 inf
93.5 0.0 inf
94.5 0.0 inf
95.5 0.0 inf
96.5 0.0 inf
97.5 0.0 inf
