0.5 131.0751 0.0008734537246911691
1.5 51.4732 0.0013938287418965721
2.5 44.4872 0.0014992790201452835
3.5 35.830799999999996 0.0016705971938811388
4.5 28.466700000000003 0.001874266909653592
5.5 23.6303 0.0020571472636409806
6.5 19.605800000000002 0.002258435625688661
7.5 16.5809 0.0024558167093173783
8.5 14.3141 0.002643126667864561
9.5 12.0711 0.0028782371613676394
10.5 10.5942 0.0030723162385289395
11.5 9.0978 0.0033153685037137144
12.5 7.9542 0.003545698034847793
13.5 6.8301 0.003826365647607886
14.5 5.9914 0.004085411833027993
15.5 5.0952 0.004430159699503227
16.5 4.4478 0.004741626863839721
17.5 3.8227 0.005114637891149257
18.5 3.2496 0.005547343347732029
19.5 2.7515 0.0060285829567094515
20.5 2.3464 0.006528283034049304
21.5 2.0021 0.007067358422153178
22.5 1.6451 0.007796574781499
23.5 1.4239 0.008380313297164654
24.5 1.1703 0.009243818241476258
25.5 0.9388000000000001 0.010320802312560141
26.5 0.7899 0.011251591157819945
27.5 0.6514 0.012390137411102899
28.5 0.5383 0.01362974749286653
29.5 0.4345 0.015170682161267662
30.5 0.3578 0.01671782719814218
31.5 0.2832 0.018791150700070723
32.5 0.2104 0.02180103600984737
33.5 0.1802 0.023557142371577276
34.5 0.1437 0.026379807127383248
35.5 0.114 0.029617443887954616
36.5 0.0882 0.033671751485073696
37.5 0.06559999999999999 0.03904344047215152
38.5 0.0529 0.043478260869565216
39.5 0.0395 0.05031546054266276
40.5 0.030699999999999998 0.05707301455353496
41.5 0.026500000000000003 0.06142951168339512
42.5 0.0173 0.07602859212697055
43.5 0.011099999999999999 0.0949157995752499
44.5 0.0116 0.09284766908852593
45.5 0.0083 0.10976425998969035
46.5 0.006 0.12909944487358055
47.5 0.005 0.1414213562373095
48.5 0.0041 0.15617376188860607
49.5 0.002 0.22360679774997896
50.5 0.0022 0.21320071635561041
51.5 0.002 0.22360679774997896
52.5 0.0006000000000000001 0.40824829046386296
53.5 0.0006 0.4082482904638631
54.5 0.0006 0.4082482904638631
55.5 0.0004 0.5
56.5 0.00030000000000000003 0.5773502691896257
57.5 0.00030000000000000003 0.5773502691896257
58.5 0.0001 1.0
59.5 0.0002 0.7071067811865475
60.5 0.0002 0.7071067811865475
61.5 0.0001 1.0
62.5 0.0001 1.0
63.5 0.0001 1.0
64.5 0.0 inf
65.5 0.0 inf
66.5 0.0001 1.0
67.5 0.0 inf
68.5 0.0 inf
69.5 0.0 inf
70.5 0.0 inf
71.5 0.0 inf
72.5 0.0 inf
73.5 0.0 inf
74.5 0.0 inf
75.5 0.0 inf
76.5 0.0 inf
77.5 0.0 inf
78.5 0.0 inf
79.5 0.0 inf
80.5 0.0 inf
81.5 0.0 inf
82.5 0.0 inf
83.5 0.0 inf
84.5 0.0 inf
85.5 0.0 inf
86.5 0.0 inf
87.5 0.0 inf
88.5 0.0 inf
89.5 0.0 inf
90.5 0.0 inf
91.5 0.0 inf
92.5 0.0 inf
93.5 0.0 inf
94.5 0.0 inf
95.5 0.0 inf
96.5 0.0 inf
97.5 0.0 inf
