0.5 44.9802 0.001491040049901948
1.5 23.936799999999998 0.002043934406651682
2.5 24.3368 0.0020270677464740146
3.5 22.1801 0.002123333687587996
4.5 19.565399999999997 0.002260766110824523
5.5 17.505 0.002390115797940249
6.5 15.3414 0.0025530981047740165
7.5 13.502099999999999 0.002721443610153628
8.5 12.0765 0.0028775935883741085
9.5 10.5136 0.003084070342870728
10.5 9.465399999999999 0.003250352885591253
11.5 8.1762 0.003497230415870295
12.5 7.3447 0.00368988617485545
13.5 6.4294 0.003943799040983822
14.5 5.6272 0.004215545920722985
15.5 4.8876 0.0045232664567300546
16.5 4.3169 0.004812979432351493
17.5 3.6772 0.005214844637230266
18.5 3.1562 0.005628824942770932
19.5 2.6893 0.006097901067321419
20.5 2.2997 0.006594234806774187
21.5 1.9787000000000001 0.007109024699115808
22.5 1.6747 0.007727366126787267
23.5 1.4058000000000002 0.008434089989487624
24.5 1.1811 0.009201458362691138
25.5 0.9550000000000001 0.010232890201933019
26.5 0.8057 0.011140721512085956
27.5 0.6424000000000001 0.01247662821264874
28.5 0.5553 0.013419494703807908
29.5 0.4325 0.015205718425394109
30.5 0.3513 0.016871780828622195
31.5 0.28400000000000003 0.018764665626020038
32.5 0.2232 0.021166687833365085
33.5 0.1785 0.023669053416557544
34.5 0.1347 0.027246843806239894
35.5 0.11649999999999999 0.029297936765452382
36.5 0.093 0.032791291789197645
37.5 0.0718 0.0373196685431038
38.5 0.0532 0.043355498476206
39.5 0.0432 0.048112522432468816
40.5 0.032100000000000004 0.05581455721859475
41.5 0.0248 0.06350006350009525
42.5 0.0187 0.07312724241271307
43.5 0.0144 0.08333333333333333
44.5 0.0103 0.09853292781642932
45.5 0.0089 0.105999788000636
46.5 0.0059 0.13018891098082389
47.5 0.0056 0.1336306209562122
48.5 0.004 0.15811388300841897
49.5 0.0028 0.1889822365046136
50.5 0.0019 0.22941573387056174
51.5 0.0018 0.23570226039551587
52.5 0.0007999999999999999 0.3535533905932738
53.5 0.0005 0.4472135954999579
54.5 0.0005 0.4472135954999579
55.5 0.0006000000000000001 0.40824829046386296
56.5 0.0001 1.0
57.5 0.0002 0.7071067811865475
58.5 0.0001 1.0
59.5 0.0 inf
60.5 0.0 inf
61.5 0.0001 1.0
62.5 0.0 inf
63.5 0.0 inf
64.5 0.0001 1.0
65.5 0.0 inf
66.5 0.0001 1.0
67.5 0.0 inf
68.5 0.0 inf
69.5 0.0 inf
70.5 0.0 inf
71.5 0.0 inf
72.5 0.0 inf
73.5 0.0 inf
74.5 0.0 inf
75.5 0.0 inf
76.5 0.0 inf
77.5 0.0 inf
78.5 0.0 inf
79.5 0.0 inf
80.5 0.0 inf
81.5 0.0 inf
82.5 0.0 inf
83.5 0.0 inf
84.5 0.0 inf
85.5 0.0 inf
86.5 0.0 inf
87.5 0.0 inf
88.5 0.0 inf
89.5 0.0 inf
90.5 0.0 inf
91.5 0.0 inf
92.5 0.0 inf
93.5 0.0 inf
94.5 0.0 inf
95.5 0.0 inf
96.5 0.0 inf
97.5 0.0 inf
