0.5 38.5426 0.0016107550294356982
1.5 20.3372 0.0022174529830944617
2.5 20.6366 0.0022013085826123185
3.5 18.8583 0.0023027602805707928
4.5 16.6798 0.0024485252138237187
5.5 14.9998 0.0025820061109030623
6.5 13.1371 0.0027589907669824934
7.5 11.706700000000001 0.002922690012199719
8.5 10.4617 0.0030917108422699995
9.5 9.1065 0.003313784437479871
10.5 8.1817 0.003496054743275941
11.5 7.1433 0.003741541400788272
12.5 6.4001 0.003952816193954588
13.5 5.6267 0.004215733217552139
14.5 4.9144000000000005 0.004510916092273839
15.5 4.2809 0.0048331743110891084
16.5 3.7577 0.005158684261721435
17.5 3.2973 0.005507072179803938
18.5 2.8104 0.005965075317305972
19.5 2.4029 0.0064510758953254905
20.5 2.0739 0.0069439421519809875
21.5 1.754 0.007550665054113251
22.5 1.4887000000000001 0.008195895375998146
23.5 1.2511 0.008940339025872015
24.5 1.0354 0.009827564880753332
25.5 0.8565 0.010805287240093267
26.5 0.7108000000000001 0.011861136133009561
27.5 0.5769 0.013165875092222739
28.5 0.49760000000000004 0.014176199428093568
29.5 0.3986 0.01583913107643211
30.5 0.3112 0.01792586848455187
31.5 0.2671 0.019349201886068965
32.5 0.2089 0.021879166839686815
33.5 0.1623 0.02482222683731816
34.5 0.1292 0.027820744203732862
35.5 0.1049 0.03087537605472192
36.5 0.07919999999999999 0.035533452725935076
37.5 0.060899999999999996 0.04052204492365539
38.5 0.052199999999999996 0.04376881095324085
39.5 0.0372 0.05184758473652126
40.5 0.0269 0.06097107608496923
41.5 0.0231 0.0657951694959769
42.5 0.0192 0.07216878364870323
43.5 0.011300000000000001 0.09407208683835973
44.5 0.0091 0.10482848367219183
45.5 0.0066 0.12309149097933272
46.5 0.0054 0.13608276348795434
47.5 0.004200000000000001 0.1543033499620919
48.5 0.0045000000000000005 0.14907119849998599
49.5 0.0021999999999999997 0.21320071635561047
50.5 0.0015999999999999999 0.25000000000000006
51.5 0.0021999999999999997 0.21320071635561047
52.5 0.0005 0.4472135954999579
53.5 0.0009 0.3333333333333333
54.5 0.0 inf
55.5 0.0002 0.7071067811865475
56.5 0.0 inf
57.5 0.0 inf
58.5 0.0 inf
59.5 0.0002 0.7071067811865475
60.5 0.0001 1.0
61.5 0.0001 1.0
62.5 0.0 inf
63.5 0.0 inf
64.5 0.0 inf
65.5 0.0 inf
66.5 0.0 inf
67.5 0.0 inf
68.5 0.0 inf
69.5 0.0001 1.0
70.5 0.0 inf
71.5 0.0 inf
72.5 0.0 inf
73.5 0.0 inf
74.5 0.0 inf
75.5 0.0 inf
76.5 0.0 inf
77.5 0.0 inf
78.5 0.0 inf
79.5 0.0 inf
80.5 0.0 inf
81.5 0.0 inf
82.5 0.0 inf
83.5 0.0 inf
84.5 0.0 inf
85.5 0.0 inf
86.5 0.0 inf
87.5 0.0 inf
88.5 0.0 inf
89.5 0.0 inf
90.5 0.0 inf
91.5 0.0 inf
92.5 0.0 inf
93.5 0.0 inf
94.5 0.0 inf
95.5 0.0 inf
96.5 0.0 inf
97.5 0.0 inf
