0.5 38.994099999999996 0.0016014026743732365
1.5 20.6463 0.0022007914148435247
2.5 20.838900000000002 0.0021905975857305434
3.5 19.2349 0.0022801059799648533
4.5 16.8964 0.0024327804035586755
5.5 15.215 0.002563681217856337
6.5 13.368 0.002735059518277773
7.5 11.807 0.002910249467090627
8.5 10.6045 0.003070823827522256
9.5 9.218399999999999 0.003293610401737649
10.5 8.3183 0.003467230468770561
11.5 7.247999999999999 0.0037144191325527236
12.5 6.501799999999999 0.003921779724697679
13.5 5.6551 0.0042051341548028295
14.5 5.0204 0.004463040619933152
15.5 4.3386 0.004800928013058215
16.5 3.8263 0.005112231254271081
17.5 3.3681 0.005448883358961242
18.5 2.8709 0.005901888050401848
19.5 2.4482999999999997 0.006390983314688597
20.5 2.0793999999999997 0.006934752729676545
21.5 1.7808000000000002 0.007493633116627259
22.5 1.4833 0.008210800529263622
23.5 1.268 0.00888056041656735
24.5 1.0559 0.00973169759406428
25.5 0.8641 0.010757664540779643
26.5 0.7262 0.011734696932189313
27.5 0.593 0.01298591791445427
28.5 0.5085 0.014023438730389044
29.5 0.4069 0.01567675442007084
30.5 0.3256 0.01752499093081954
31.5 0.2549 0.019806834933486603
32.5 0.2057 0.022048693185121176
33.5 0.1594 0.02504700724928122
34.5 0.1274 0.02801659073402629
35.5 0.1033 0.031113569564352756
36.5 0.0789 0.03560094272544522
37.5 0.0677 0.03843312210120439
38.5 0.0523 0.04372694694466261
39.5 0.0407 0.04956815970966096
40.5 0.027999999999999997 0.059761430466719695
41.5 0.0233 0.06551217820804184
42.5 0.016399999999999998 0.07808688094430304
43.5 0.0125 0.08944271909999159
44.5 0.0111 0.0949157995752499
45.5 0.0076 0.11470786693528087
46.5 0.0055 0.13483997249264842
47.5 0.0036 0.16666666666666666
48.5 0.0027 0.19245008972987526
49.5 0.001 0.31622776601683794
50.5 0.0015999999999999999 0.25000000000000006
51.5 0.0017000000000000001 0.24253562503633297
52.5 0.0007999999999999999 0.3535533905932738
53.5 0.0007999999999999999 0.3535533905932738
54.5 0.0006000000000000001 0.40824829046386296
55.5 0.00039999999999999996 0.5000000000000001
56.5 0.00039999999999999996 0.5000000000000001
57.5 0.0002 0.7071067811865475
58.5 0.0001 1.0
59.5 0.0 inf
60.5 0.0 inf
61.5 0.0 inf
62.5 0.0001 1.0
63.5 0.0 inf
64.5 0.0 inf
65.5 0.0 inf
66.5 0.0 inf
67.5 0.0 inf
68.5 0.0 inf
69.5 0.0 inf
70.5 0.0 inf
71.5 0.0 inf
72.5 0.0 inf
73.5 0.0 inf
74.5 0.0 inf
75.5 0.0 inf
76.5 0.0 inf
77.5 0.0 inf
78.5 0.0 inf
79.5 0.0 inf
80.5 0.0 inf
81.5 0.0 inf
82.5 0.0 inf
83.5 0.0 inf
84.5 0.0 inf
85.5 0.0 inf
86.5 0.0 inf
87.5 0.0 inf
88.5 0.0 inf
89.5 0.0 inf
90.5 0.0 inf
91.5 0.0 inf
92.5 0.0 inf
93.5 0.0 inf
94.5 0.0 inf
95.5 0.0 inf
96.5 0.0 inf
97.5 0.0 inf
