0.5 41.1012 0.0015598137668581388
1.5 21.7952 0.002142000513943097
2.5 22.210900000000002 0.0021218609565076606
3.5 20.302599999999998 0.0022193416873131666
4.5 17.977899999999998 0.0023584708877070755
5.5 16.0563 0.002495613136318619
6.5 14.0643 0.0026664960163822523
7.5 12.533000000000001 0.0028247009770929078
8.5 11.1737 0.002991586030279095
9.5 9.784600000000001 0.003196895659162018
10.5 8.825 0.0033662211393797052
11.5 7.6423000000000005 0.003617328574260022
12.5 6.8313 0.00382602955927631
13.5 5.9918 0.004085275463989684
14.5 5.2836 0.004350458540743126
15.5 4.6006 0.004662219993290202
16.5 4.0615 0.004962000128863145
17.5 3.4642 0.0053727733628838314
18.5 2.9712 0.005801416646853862
19.5 2.5597000000000003 0.0062503662431271515
20.5 2.2138 0.006720952227446443
21.5 1.8926 0.0072689315986360315
22.5 1.5817999999999999 0.007951045054652895
23.5 1.3479 0.008613331523385458
24.5 1.1063999999999998 0.009507009249678023
25.5 0.9069 0.010500749517746199
26.5 0.7523 0.01152934059418638
27.5 0.6266 0.012632950799338205
28.5 0.5262 0.013785565247679312
29.5 0.42110000000000003 0.015410168209838634
30.5 0.3379 0.017203067924632873
31.5 0.2708 0.019216561050602196
32.5 0.2143 0.02160174894839516
33.5 0.16970000000000002 0.024274991071356486
34.5 0.1353 0.027186362391351842
35.5 0.10450000000000001 0.030934411244487297
36.5 0.08360000000000001 0.03458572319330373
37.5 0.0643 0.03943615033625495
38.5 0.0528 0.04351941398892446
39.5 0.0361 0.05263157894736842
40.5 0.0311 0.05670479771237427
41.5 0.0263 0.061662641597820735
42.5 0.0165 0.0778498944161523
43.5 0.0127 0.08873565094161139
44.5 0.0097 0.10153461651336192
45.5 0.0083 0.10976425998969035
46.5 0.006500000000000001 0.12403473458920847
47.5 0.0048 0.14433756729740646
48.5 0.0045 0.14907119849998599
49.5 0.0027 0.19245008972987526
50.5 0.0009 0.3333333333333333
51.5 0.0010999999999999998 0.3015113445777637
52.5 0.0012000000000000001 0.28867513459481287
53.5 0.0006 0.4082482904638631
54.5 0.00030000000000000003 0.5773502691896257
55.5 0.0003 0.5773502691896258
56.5 0.0001 1.0
57.5 0.0001 1.0
58.5 0.00030000000000000003 0.5773502691896257
59.5 0.0002 0.7071067811865475
60.5 0.0 inf
61.5 0.0 inf
62.5 0.0 inf
63.5 0.0 inf
64.5 0.0 inf
65.5 0.0 inf
66.5 0.0 inf
67.5 0.0 inf
68.5 0.0 inf
69.5 0.0 inf
70.5 0.0 inf
71.5 0.0 inf
72.5 0.0 inf
73.5 0.0 inf
74.5 0.0 inf
75.5 0.0 inf
76.5 0.0 inf
77.5 0.0 inf
78.5 0.0 inf
79.5 0.0 inf
80.5 0.0 inf
81.5 0.0 inf
82.5 0.0 inf
83.5 0.0 inf
84.5 0.0 inf
85.5 0.0 inf
86.5 0.0 inf
87.5 0.0 inf
88.5 0.0 inf
89.5 0.0 inf
90.5 0.0 inf
91.5 0.0 inf
92.5 0.0 inf
93.5 0.0 inf
94.5 0.0 inf
95.5 0.0 inf
96.5 0.0 inf
97.5 0.0 inf
