0.5 38.7208 0.0016070442647218646
1.5 20.485500000000002 0.0022094120371439867
2.5 20.8095 0.0021921444954946657
3.5 19.054000000000002 0.0022909041531639727
4.5 16.7382 0.0024442499985122155
5.5 15.066400000000002 0.0025762929988016915
6.5 13.2179 0.0027505450917128466
7.5 11.736799999999999 0.0029189398654259516
8.5 10.5698 0.0030758603596507746
9.5 9.161200000000001 0.003303876598231797
10.5 8.24 0.003483665071458088
11.5 7.179 0.003732226767731617
12.5 6.4679 0.003932043843130952
13.5 5.6264 0.004215845607633449
14.5 5.0013000000000005 0.004471554690669518
15.5 4.287599999999999 0.004829396564997873
16.5 3.814 0.0051204679911969544
17.5 3.2949 0.0055090774860806135
18.5 2.8352 0.005938929226819749
19.5 2.4108 0.006440497390481659
20.5 2.074 0.006943774745378858
21.5 1.7952 0.007463517925331652
22.5 1.4941 0.008181071101584772
23.5 1.2656 0.008888976681684724
24.5 1.0541 0.009740003060309442
25.5 0.8646 0.010754553500909857
26.5 0.7113 0.011856966576817519
27.5 0.5888 0.013032150878567173
28.5 0.5062 0.014055261482651724
29.5 0.4057 0.01569992205008053
30.5 0.3328 0.01733438113203841
31.5 0.25529999999999997 0.01979131233319198
32.5 0.2032 0.022183912735402846
33.5 0.1665 0.02450715406979359
34.5 0.13140000000000002 0.027586862953412266
35.5 0.1022 0.031280562354492725
36.5 0.0807 0.03520166719043815
37.5 0.0675 0.03849001794597505
38.5 0.051000000000000004 0.044280744277004756
39.5 0.0373 0.05177803730784977
40.5 0.0264 0.06154574548966636
41.5 0.0218 0.06772854614785964
42.5 0.0186 0.07332355751067665
43.5 0.0117 0.09245003270420485
44.5 0.009899999999999999 0.10050378152592121
45.5 0.0074 0.11624763874381928
46.5 0.0062 0.1270001270001905
47.5 0.005 0.1414213562373095
48.5 0.0034000000000000002 0.17149858514250882
49.5 0.003 0.18257418583505536
50.5 0.0012000000000000001 0.28867513459481287
51.5 0.002 0.22360679774997896
52.5 0.0006000000000000001 0.40824829046386296
53.5 0.0005 0.4472135954999579
54.5 0.0001 1.0
55.5 0.0002 0.7071067811865475
56.5 0.0002 0.7071067811865475
57.5 0.0001 1.0
58.5 0.0 inf
59.5 0.0001 1.0
60.5 0.0001 1.0
61.5 0.0001 1.0
62.5 0.0 inf
63.5 0.0 inf
64.5 0.0 inf
65.5 0.0 inf
66.5 0.0 inf
67.5 0.0 inf
68.5 0.0 inf
69.5 0.0 inf
70.5 0.0 inf
71.5 0.0 inf
72.5 0.0 inf
73.5 0.0 inf
74.5 0.0 inf
75.5 0.0 inf
76.5 0.0 inf
77.5 0.0 inf
78.5 0.0 inf
79.5 0.0 inf
80.5 0.0 inf
81.5 0.0 inf
82.5 0.0 inf
83.5 0.0 inf
84.5 0.0 inf
85.5 0.0 inf
86.5 0.0 inf
87.5 0.0 inf
88.5 0.0 inf
89.5 0.0 inf
90.5 0.0 inf
91.5 0.0 inf
92.5 0.0 inf
93.5 0.0 inf
94.5 0.0 inf
95.5 0.0 inf
96.5 0.0 inf
97.5 0.0 inf
