0.5 38.5393 0.001610823989922977
1.5 20.436799999999998 0.002212042936842578
2.5 20.5684 0.002204955074387788
3.5 18.9572 0.0022967456580589756
4.5 16.7168 0.002445814000608851
5.5 14.939 0.0025872550086564576
6.5 13.1349 0.0027592218127288513
7.5 11.7035 0.0029230895494673356
8.5 10.443999999999999 0.003094329576276282
9.5 9.0918 0.0033164622876845217
10.5 8.2082 0.0034904067115749285
11.5 7.1465 0.0037407036289371864
12.5 6.4029 0.003951951812532936
13.5 5.6139 0.004220536532669158
14.5 4.952999999999999 0.004493304348618234
15.5 4.304 0.0048201867954981185
16.5 3.7775 0.0051451467175583875
17.5 3.3026 0.0055026515412238955
18.5 2.8181000000000003 0.005956920443866127
19.5 2.4295 0.006415663072593617
20.5 2.0698 0.006950816264905735
21.5 1.7652 0.007526672866640549
22.5 1.4773 0.008227457566662785
23.5 1.2395 0.008982076186383142
24.5 1.0491000000000001 0.009763185848995623
25.5 0.8494 0.010850353103361392
26.5 0.7081999999999999 0.011882888957904122
27.5 0.5802 0.013128379967281655
28.5 0.5014 0.014122378114958499
29.5 0.4098 0.015621186699150046
30.5 0.30920000000000003 0.01798375003164016
31.5 0.2635 0.019480930197663147
32.5 0.2061 0.022027286681836327
33.5 0.1634 0.02473853479976467
34.5 0.12209999999999999 0.028618190351607124
35.5 0.10450000000000001 0.030934411244487297
36.5 0.07869999999999999 0.035646150289975954
37.5 0.0629 0.039872611141445
38.5 0.0456 0.0468292905790847
39.5 0.0359 0.05277798139692595
40.5 0.031100000000000003 0.05670479771237427
41.5 0.0242 0.0642824346533225
42.5 0.0183 0.07392212709545729
43.5 0.0123 0.09016696346674323
44.5 0.0126 0.0890870806374748
45.5 0.0066 0.12309149097933272
46.5 0.005 0.1414213562373095
47.5 0.0034000000000000002 0.17149858514250882
48.5 0.0034000000000000002 0.17149858514250882
49.5 0.002 0.22360679774997896
50.5 0.0013 0.2773500981126146
51.5 0.0009 0.3333333333333333
52.5 0.0007999999999999999 0.3535533905932738
53.5 0.0008 0.35355339059327373
54.5 0.00030000000000000003 0.5773502691896257
55.5 0.00039999999999999996 0.5000000000000001
56.5 0.0003 0.5773502691896258
57.5 0.0 inf
58.5 0.0 inf
59.5 0.0 inf
60.5 0.0 inf
61.5 0.0001 1.0
62.5 0.0 inf
63.5 0.0001 1.0
64.5 0.0 inf
65.5 0.0001 1.0
66.5 0.0 inf
67.5 0.0 inf
68.5 0.0 inf
69.5 0.0 inf
70.5 0.0 inf
71.5 0.0 inf
72.5 0.0 inf
73.5 0.0 inf
74.5 0.0 inf
75.5 0.0 inf
76.5 0.0 inf
77.5 0.0 inf
78.5 0.0 inf
79.5 0.0 inf
80.5 0.0 inf
81.5 0.0 inf
82.5 0.0 inf
83.5 0.0 inf
84.5 0.0 inf
85.5 0.0 inf
86.5 0.0 inf
87.5 0.0 inf
88.5 0.0 inf
89.5 0.0 inf
90.5 0.0 inf
91.5 0.0 inf
92.5 0.0 inf
93.5 0.0 inf
94.5 0.0 inf
95.5 0.0 inf
96.5 0.0 inf
97.5 0.0 inf
