0.5 38.9266 0.00160279051535055
1.5 20.6024 0.002203134911977902
2.5 20.7846 0.0021934571996040423
3.5 19.1359 0.002285996460406969
4.5 16.884 0.0024336735846857047
5.5 15.1762 0.0025669563240999995
6.5 13.3493 0.002736974514346655
7.5 11.7759 0.002914089898781234
8.5 10.5833 0.0030738979582593576
9.5 9.2451 0.003288850962565504
10.5 8.2641 0.0034785817818933436
11.5 7.2322 0.003718474316578226
12.5 6.4543 0.003936184311957514
13.5 5.6676 0.004200494343263184
14.5 4.9935 0.004475045680660388
15.5 4.3606 0.004788801932721007
16.5 3.8467 0.005098657521758994
17.5 3.3413 0.005470691999593738
18.5 2.8139 0.0059613644072303035
19.5 2.4225 0.006424925662032355
20.5 2.0816 0.006931087162517846
21.5 1.792 0.00747017880833996
22.5 1.5106000000000002 0.008136268271116942
23.5 1.2723 0.008865540873558902
24.5 1.0682 0.009675506592551376
25.5 0.8678 0.010734706557120274
26.5 0.7363999999999999 0.011653143917938586
27.5 0.5851 0.013073291681601871
28.5 0.49650000000000005 0.01419189448535977
29.5 0.39890000000000003 0.01583317390287102
30.5 0.3241 0.017565498707177146
31.5 0.2508 0.01996807659577179
32.5 0.1989 0.02242242646654375
33.5 0.16670000000000001 0.02449244830545123
34.5 0.129 0.027842302319485226
35.5 0.10819999999999999 0.030400895015524083
36.5 0.0765 0.036155076303109365
37.5 0.06520000000000001 0.03916302249939786
38.5 0.0487 0.04531432544294438
39.5 0.040400000000000005 0.04975185951049945
40.5 0.0291 0.05862103817605492
41.5 0.0218 0.06772854614785964
42.5 0.0161 0.07881104062391006
43.5 0.0125 0.08944271909999159
44.5 0.01 0.1
45.5 0.0085 0.10846522890932808
46.5 0.0056 0.1336306209562122
47.5 0.0042 0.1543033499620919
48.5 0.0035 0.1690308509457033
49.5 0.0026 0.19611613513818404
50.5 0.0015 0.2581988897471611
51.5 0.0012 0.2886751345948129
52.5 0.0011 0.30151134457776363
53.5 0.0007 0.3779644730092272
54.5 0.0007 0.3779644730092272
55.5 0.0001 1.0
56.5 0.00030000000000000003 0.5773502691896257
57.5 0.00030000000000000003 0.5773502691896257
58.5 0.0001 1.0
59.5 0.0001 1.0
60.5 0.0 inf
61.5 0.0 inf
62.5 0.0 inf
63.5 0.0 inf
64.5 0.0 inf
65.5 0.0 inf
66.5 0.0 inf
67.5 0.0 inf
68.5 0.0 inf
69.5 0.0 inf
70.5 0.0 inf
71.5 0.0 inf
72.5 0.0 inf
73.5 0.0 inf
74.5 0.0 inf
75.5 0.0 inf
76.5 0.0 inf
77.5 0.0 inf
78.5 0.0 inf
79.5 0.0 inf
80.5 0.0 inf
81.5 0.0 inf
82.5 0.0 inf
83.5 0.0 inf
84.5 0.0 inf
85.5 0.0 inf
86.5 0.0 inf
87.5 0.0 inf
88.5 0.0 inf
89.5 0.0 inf
90.5 0.0 inf
91.5 0.0 inf
92.5 0.0 inf
93.5 0.0 inf
94.5 0.0 inf
95.5 0.0 inf
96.5 0.0 inf
97.5 0.0 inf
