0.5 42.2263 0.0015388932175783633
1.5 22.455099999999998 0.0021102917605131774
2.5 22.787599999999998 0.002094839268206548
3.5 20.8962 0.002187592077346526
4.5 18.3848 0.0023322255301726404
5.5 16.5534 0.0024578557748262853
6.5 14.4725 0.00262862249944754
7.5 12.8229 0.002792588030909516
8.5 11.457699999999999 0.0029542774301175505
9.5 10.0288 0.0031577337927392287
10.5 8.9545 0.0033417913427568704
11.5 7.8617 0.0035664962060913017
12.5 6.9854 0.0037835925361676386
13.5 6.1506 0.004032192505207372
14.5 5.3982 0.004304032227612145
15.5 4.688000000000001 0.004618555837107289
16.5 4.123 0.004924853687848357
17.5 3.5705999999999998 0.00529211654325769
18.5 3.0484 0.005727485831577855
19.5 2.5833 0.006221750308836611
20.5 2.2329 0.006692145320656871
21.5 1.9339 0.00719089576131843
22.5 1.615 0.007868894753646338
23.5 1.3509 0.00860376221532779
24.5 1.1193 0.00945206605754461
25.5 0.9238999999999999 0.010403692717823858
26.5 0.776 0.011351915229662496
27.5 0.619 0.01271026705187137
28.5 0.5398000000000001 0.013610797100201475
29.5 0.4336 0.015186418480769674
30.5 0.3447 0.017032537676919864
31.5 0.2762 0.01902778181530907
32.5 0.2096 0.02184260141652595
33.5 0.1684 0.024368508941428967
34.5 0.1336 0.027358782758229137
35.5 0.1021 0.03129587719622029
36.5 0.0912 0.033113308926626096
37.5 0.069 0.03806934938134405
38.5 0.0524 0.0436852028330519
39.5 0.0419 0.04885319687460315
40.5 0.0353 0.05322462954123495
41.5 0.0236 0.06509445549041194
42.5 0.019700000000000002 0.07124704998790964
43.5 0.0148 0.08219949365267865
44.5 0.0102 0.09901475429766741
45.5 0.0074 0.11624763874381928
46.5 0.0068000000000000005 0.12126781251816648
47.5 0.0055 0.13483997249264842
48.5 0.0031999999999999997 0.1767766952966369
49.5 0.0022 0.21320071635561041
50.5 0.002 0.22360679774997896
51.5 0.0017000000000000001 0.24253562503633297
52.5 0.0006000000000000001 0.40824829046386296
53.5 0.0005 0.4472135954999579
54.5 0.0006 0.4082482904638631
55.5 0.0002 0.7071067811865475
56.5 0.0002 0.7071067811865475
57.5 0.0002 0.7071067811865475
58.5 0.0001 1.0
59.5 0.0 inf
60.5 0.0001 1.0
61.5 0.0002 0.7071067811865475
62.5 0.0 inf
63.5 0.0 inf
64.5 0.0 inf
65.5 0.0 inf
66.5 0.0 inf
67.5 0.0 inf
68.5 0.0 inf
69.5 0.0 inf
70.5 0.0 inf
71.5 0.0 inf
72.5 0.0 inf
73.5 0.0 inf
74.5 0.0 inf
75.5 0.0 inf
76.5 0.0 inf
77.5 0.0 inf
78.5 0.0 inf
79.5 0.0 inf
80.5 0.0 inf
81.5 0.0 inf
82.5 0.0 inf
83.5 0.0 inf
84.5 0.0 inf
85.5 0.0 inf
86.5 0.0 inf
87.5 0.0 inf
88.5 0.0 inf
89.5 0.0 inf
90.5 0.0 inf
91.5 0.0 inf
92.5 0.0 inf
93.5 0.0 inf
94.5 0.0 inf
95.5 0.0 inf
96.5 0.0 inf
97.5 0.0 inf
