0.5 38.4337 0.001613035412844786
1.5 20.2893 0.002220068977282641
2.5 20.542499999999997 0.002206344641071651
3.5 18.926000000000002 0.0022986380007658748
4.5 16.629199999999997 0.002452247619906937
5.5 14.8886 0.002591630419549217
6.5 13.160599999999999 0.0027565263940685023
7.5 11.6022 0.0029358227137906423
8.5 10.416 0.003098485830098972
9.5 9.0917 0.0033164805265901622
10.5 8.1668 0.0034992424959905525
11.5 7.164899999999999 0.0037358973376367052
12.5 6.378 0.003959658597115049
13.5 5.622199999999999 0.004217420013196896
14.5 4.9495000000000005 0.004494892770274311
15.5 4.2386 0.004857231279382406
16.5 3.7673 0.005152107275739083
17.5 3.2564 0.00554154835202409
18.5 2.8058 0.005969963069325685
19.5 2.4149000000000003 0.006435027752645347
20.5 2.0696 0.006951152109916678
21.5 1.7561 0.007546149041401722
22.5 1.4808 0.008217728657577665
23.5 1.214 0.009075919947834807
24.5 1.0448 0.009783256002435403
25.5 0.8507 0.01084205943227777
26.5 0.7071000000000001 0.011892128173191942
27.5 0.5896 0.013023306526765581
28.5 0.48719999999999997 0.01432670637653132
29.5 0.3963 0.015885027237483865
30.5 0.3186 0.017716466781757798
31.5 0.2606 0.019589023819033338
32.5 0.2031 0.022189373390928115
33.5 0.15689999999999998 0.02524576458934144
34.5 0.125 0.0282842712474619
35.5 0.0992 0.031750031750047626
36.5 0.08549999999999999 0.03419927840283847
37.5 0.0618 0.040225899335456484
38.5 0.0487 0.04531432544294438
39.5 0.0385 0.050964719143762556
40.5 0.0312 0.05661385170722978
41.5 0.020499999999999997 0.06984302957695783
42.5 0.014100000000000001 0.0842151921066519
43.5 0.0127 0.08873565094161139
44.5 0.0094 0.10314212462587934
45.5 0.0084 0.1091089451179962
46.5 0.0054 0.13608276348795434
47.5 0.004 0.15811388300841897
48.5 0.0034000000000000002 0.17149858514250882
49.5 0.0021 0.2182178902359924
50.5 0.0015 0.2581988897471611
51.5 0.0017 0.24253562503633297
52.5 0.0005 0.4472135954999579
53.5 0.001 0.31622776601683794
54.5 0.0007 0.3779644730092272
55.5 0.00039999999999999996 0.5000000000000001
56.5 0.0007 0.3779644730092272
57.5 0.0004 0.5
58.5 0.0002 0.7071067811865475
59.5 0.0002 0.7071067811865475
60.5 0.0 inf
61.5 0.0 inf
62.5 0.0 inf
63.5 0.0 inf
64.5 0.0 inf
65.5 0.0 inf
66.5 0.0 inf
67.5 0.0 inf
68.5 0.0 inf
69.5 0.0 inf
70.5 0.0 inf
71.5 0.0 inf
72.5 0.0 inf
73.5 0.0 inf
74.5 0.0 inf
75.5 0.0 inf
76.5 0.0 inf
77.5 0.0 inf
78.5 0.0 inf
79.5 0.0 inf
80.5 0.0 inf
81.5 0.0 inf
82.5 0.0 inf
83.5 0.0 inf
84.5 0.0 inf
85.5 0.0 inf
86.5 0.0 inf
87.5 0.0 inf
88.5 0.0 inf
89.5 0.0 inf
90.5 0.0 inf
91.5 0.0 inf
92.5 0.0 inf
93.5 0.0 inf
94.5 0.0 inf
95.5 0.0 inf
96.5 0.0 inf
97.5 0.0 inf
