0.5 38.4608 0.0016124670294174956
1.5 20.2873 0.0022201784060515875
2.5 20.5706 0.002204837162638251
3.5 18.8824 0.0023012902809438148
4.5 16.6415 0.0024513412045835126
5.5 14.9086 0.002589891490222515
6.5 13.138300000000001 0.0027588647664907096
7.5 11.628599999999999 0.002932488272874549
8.5 10.379 0.003104003798309692
9.5 9.082 0.0033182511319614235
10.5 8.1764 0.0034971876433566914
11.5 7.1843 0.003730849845039962
12.5 6.3936 0.003954824982302079
13.5 5.6068999999999996 0.004223170300028865
14.5 4.9251 0.004506013344497171
15.5 4.2695 0.00483962254351957
16.5 3.7306 0.0051773873356793605
17.5 3.2483 0.005548453286001945
18.5 2.7904 0.005986414282632196
19.5 2.3826 0.0064784995252280386
20.5 2.0758 0.006940763495438018
21.5 1.7697 0.007517097349172122
22.5 1.4691 0.008250387003792058
23.5 1.2522000000000002 0.008936411325169862
24.5 1.0329000000000002 0.0098394508637635
25.5 0.878 0.010672170182343942
26.5 0.7133 0.01184033221596584
27.5 0.5884 0.01303657981697152
28.5 0.4998 0.014144964899666776
29.5 0.40459999999999996 0.01572124952426026
30.5 0.3117 0.017911485212971267
31.5 0.2549 0.019806834933486603
32.5 0.1972 0.02251886745555225
33.5 0.16110000000000002 0.024914503091731193
34.5 0.1246 0.028329634983503674
35.5 0.10250000000000001 0.031234752377721213
36.5 0.0824 0.034836650714580884
37.5 0.062400000000000004 0.04003203845127178
38.5 0.049 0.045175395145262566
39.5 0.0403 0.04981354813867179
40.5 0.029699999999999997 0.058025885318565944
41.5 0.0212 0.06868028197434452
42.5 0.0178 0.07495316889958614
43.5 0.0121 0.09090909090909091
44.5 0.009999999999999998 0.1
45.5 0.008799999999999999 0.10660035817780524
46.5 0.0051 0.14002800840280097
47.5 0.0045 0.14907119849998599
48.5 0.0032 0.17677669529663687
49.5 0.0024999999999999996 0.2
50.5 0.0016 0.25
51.5 0.001 0.31622776601683794
52.5 0.0006000000000000001 0.40824829046386296
53.5 0.0009 0.3333333333333333
54.5 0.00039999999999999996 0.5000000000000001
55.5 0.0005 0.4472135954999579
56.5 0.0005 0.4472135954999579
57.5 0.0002 0.7071067811865475
58.5 0.0001 1.0
59.5 0.0 inf
60.5 0.0 inf
61.5 0.0 inf
62.5 0.0001 1.0
63.5 0.0 inf
64.5 0.0 inf
65.5 0.0 inf
66.5 0.0001 1.0
67.5 0.0 inf
68.5 0.0 inf
69.5 0.0 inf
70.5 0.0 inf
71.5 0.0 inf
72.5 0.0 inf
73.5 0.0 inf
74.5 0.0 inf
75.5 0.0 inf
76.5 0.0 inf
77.5 0.0 inf
78.5 0.0 inf
79.5 0.0 inf
80.5 0.0 inf
81.5 0.0 inf
82.5 0.0 inf
83.5 0.0 inf
84.5 0.0 inf
85.5 0.0 inf
86.5 0.0 inf
87.5 0.0 inf
88.5 0.0 inf
89.5 0.0 inf
90.5 0.0 inf
91.5 0.0 inf
92.5 0.0 inf
93.5 0.0 inf
94.5 0.0 inf
95.5 0.0 inf
96.5 0.0 inf
97.5 0.0 inf
