0.5 44.7318 0.0014951742630343091
1.5 23.6977 0.0020542197547927256
2.5 23.913800000000002 0.002044917085967742
3.5 21.8056 0.0021414896483360284
4.5 19.078200000000002 0.002289450727984141
5.5 17.066200000000002 0.00242064768639846
6.5 14.843399999999999 0.0025955733387161566
7.5 13.1418 0.002758497363635677
8.5 11.7195 0.0029210934998644424
9.5 10.1537 0.0031382521582911994
10.5 9.105 0.0033140573903601566
11.5 7.960800000000001 0.003544227927610467
12.5 7.043200000000001 0.003768035532802901
13.5 6.1437 0.0040344561509664065
14.5 5.4334 0.004290067849246589
15.5 4.6598 0.004632509957272369
16.5 4.1064 0.00493479793551153
17.5 3.5732 0.005290190817450069
18.5 3.0242 0.0057503561737161065
19.5 2.6095 0.006190437588094583
20.5 2.2373000000000003 0.006685561507371082
21.5 1.9066 0.007242194856683973
22.5 1.6120999999999999 0.007875969234571019
23.5 1.33 0.0086710996952412
24.5 1.1374 0.00937655678417085
25.5 0.9072 0.0104990131391452
26.5 0.7724 0.011378338965675729
27.5 0.6116999999999999 0.012785883993356926
28.5 0.5187999999999999 0.013883533620176646
29.5 0.4169 0.015487597464483503
30.5 0.34430000000000005 0.01704242881461586
31.5 0.27890000000000004 0.01893545489639425
32.5 0.2187 0.021383343303319473
33.5 0.1849 0.023255813953488372
34.5 0.1345 0.027267094157460592
35.5 0.1119 0.029894063777797554
36.5 0.08460000000000001 0.034380708208626445
37.5 0.0693 0.037986858819879316
38.5 0.052500000000000005 0.04364357804719848
39.5 0.0383 0.0510976130307596
40.5 0.0319 0.05598925109558543
41.5 0.025 0.06324555320336758
42.5 0.0187 0.07312724241271307
43.5 0.0132 0.08703882797784893
44.5 0.0104 0.09805806756909202
45.5 0.0057 0.13245323570650439
46.5 0.0049 0.14285714285714285
47.5 0.0057 0.13245323570650439
48.5 0.0031999999999999997 0.1767766952966369
49.5 0.0024 0.20412414523193154
50.5 0.0017000000000000001 0.24253562503633297
51.5 0.0017000000000000001 0.24253562503633297
52.5 0.0012 0.2886751345948129
53.5 0.0009 0.3333333333333333
54.5 0.0007 0.3779644730092272
55.5 0.0002 0.7071067811865475
56.5 0.0003 0.5773502691896258
57.5 0.0001 1.0
58.5 0.0 inf
59.5 0.0001 1.0
60.5 0.0001 1.0
61.5 0.0 inf
62.5 0.0002 0.7071067811865475
63.5 0.0 inf
64.5 0.0 inf
65.5 0.0 inf
66.5 0.0 inf
67.5 0.0 inf
68.5 0.0 inf
69.5 0.0 inf
70.5 0.0 inf
71.5 0.0 inf
72.5 0.0 inf
73.5 0.0 inf
74.5 0.0 inf
75.5 0.0 inf
76.5 0.0 inf
77.5 0.0 inf
78.5 0.0 inf
79.5 0.0 inf
80.5 0.0 inf
81.5 0.0 inf
82.5 0.0 inf
83.5 0.0 inf
84.5 0.0 inf
85.5 0.0 inf
86.5 0.0 inf
87.5 0.0 inf
88.5 0.0 inf
89.5 0.0 inf
90.5 0.0 inf
91.5 0.0 inf
92.5 0.0 inf
93.5 0.0 inf
94.5 0.0 inf
95.5 0.0 inf
96.5 0.0 inf
97.5 0.0 inf
