0.5 38.4579 0.001612527824029718
1.5 20.3221 0.002218276650985745
2.5 20.5552 0.002205662942367741
3.5 18.8085 0.002305806819457503
4.5 16.662300000000002 0.0024498106890067928
5.5 14.9674 0.002584799240429766
6.5 13.162099999999999 0.0027563693177888177
7.5 11.6596 0.0029285872967762
8.5 10.4057 0.0031000189566738803
9.5 9.0811 0.003318415558739487
10.5 8.1613 0.0035004213885885035
11.5 7.1407 0.003742222505041854
12.5 6.347799999999999 0.00396906656506308
13.5 5.6097 0.0042221162015242935
14.5 4.9409 0.004498802915340043
15.5 4.295299999999999 0.004825065897279648
16.5 3.7704 0.005149988824536376
17.5 3.3002000000000002 0.00550465202052213
18.5 2.7997 0.005976463222921004
19.5 2.4055 0.006447588609516912
20.5 2.0723000000000003 0.006946622305369531
21.5 1.7567 0.007544860239643199
22.5 1.4657 0.008259950716325083
23.5 1.2429000000000001 0.008969782368362078
24.5 1.0308000000000002 0.009849468487774198
25.5 0.8357 0.010938928884083116
26.5 0.7008 0.011945462064187415
27.5 0.5833 0.013093447518004474
28.5 0.4831 0.014387372277793537
29.5 0.40659999999999996 0.01568253671119514
30.5 0.3288 0.017439502660378896
31.5 0.2637 0.019473541261232866
32.5 0.2021 0.022244202665006454
33.5 0.15739999999999998 0.02520563459323682
34.5 0.1215 0.02868876552746235
35.5 0.1048 0.03089010316076077
36.5 0.07730000000000001 0.03596750006328032
37.5 0.0653 0.03913302400974161
38.5 0.04820000000000001 0.04554875186742769
39.5 0.037500000000000006 0.051639777949432225
40.5 0.0279 0.05986843400892496
41.5 0.023100000000000002 0.0657951694959769
42.5 0.0186 0.07332355751067665
43.5 0.0129 0.08804509063256238
44.5 0.010499999999999999 0.09759000729485333
45.5 0.0079 0.11250879009260237
46.5 0.006 0.12909944487358055
47.5 0.004200000000000001 0.1543033499620919
48.5 0.0037 0.1643989873053573
49.5 0.0015 0.2581988897471611
50.5 0.0015 0.2581988897471611
51.5 0.0015 0.2581988897471611
52.5 0.0007999999999999999 0.3535533905932738
53.5 0.0012 0.2886751345948129
54.5 0.00039999999999999996 0.5000000000000001
55.5 0.00030000000000000003 0.5773502691896257
56.5 0.0002 0.7071067811865475
57.5 0.0001 1.0
58.5 0.0001 1.0
59.5 0.0001 1.0
60.5 0.0001 1.0
61.5 0.0001 1.0
62.5 0.0001 1.0
63.5 0.0 inf
64.5 0.0 inf
65.5 0.0 inf
66.5 0.0001 1.0
67.5 0.0 inf
68.5 0.0 inf
69.5 0.0 inf
70.5 0.0 inf
71.5 0.0 inf
72.5 0.0 inf
73.5 0.0 inf
74.5 0.0 inf
75.5 0.0 inf
76.5 0.0 inf
77.5 0.0 inf
78.5 0.0 inf
79.5 0.0 inf
80.5 0.0 inf
81.5 0.0 inf
82.5 0.0 inf
83.5 0.0 inf
84.5 0.0 inf
85.5 0.0 inf
86.5 0.0 inf
87.5 0.0 inf
88.5 0.0 inf
89.5 0.0 inf
90.5 0.0 inf
91.5 0.0 inf
92.5 0.0 inf
93.5 0.0 inf
94.5 0.0 inf
95.5 0.0 inf
96.5 0.0 inf
97.5 0.0 inf
