0.5 81.3243 0.0011088934880875599
1.5 38.3369 0.0016150705720303121
2.5 35.7852 0.0016716612507994583
3.5 30.613999999999997 0.0018073404185473911
4.5 25.518700000000003 0.001979569376870778
5.5 21.7908 0.002142216759481241
6.5 18.4529 0.0023279180401789288
7.5 15.7909 0.002516497819172164
8.5 13.7294 0.002698821870553863
9.5 11.8005 0.002911050874544567
10.5 10.3713 0.0031051558426387176
11.5 8.8901 0.0033538734914002424
12.5 7.8384 0.00357179305870527
13.5 6.799799999999999 0.003834881339965353
14.5 5.9047 0.004115296030938339
15.5 5.104699999999999 0.004426035449649656
16.5 4.449400000000001 0.00474077424493171
17.5 3.8262 0.005112298059428312
18.5 3.2132 0.005578675766153785
19.5 2.7755 0.006002461513934557
20.5 2.3323 0.006547986778999433
21.5 1.9783 0.007109743363159205
22.5 1.6688 0.007741014027782906
23.5 1.4082 0.008426899800636323
24.5 1.1784 0.009211993716980253
25.5 0.9521999999999999 0.010247924365022427
26.5 0.7943 0.011220383961376505
27.5 0.6403 0.012497071342066094
28.5 0.5428 0.013573132244947578
29.5 0.4367 0.015132420606875913
30.5 0.34809999999999997 0.016949152542372885
31.5 0.2824 0.018817748237374535
32.5 0.2213 0.021257358312406823
33.5 0.1785 0.023669053416557544
34.5 0.13219999999999998 0.027503266206804607
35.5 0.1105 0.030082841879809342
36.5 0.0883 0.03365267940680323
37.5 0.0727 0.0370879470776142
38.5 0.052000000000000005 0.043852900965351466
39.5 0.0427 0.048393391849582724
40.5 0.0292 0.058520573598065284
41.5 0.0252 0.0629940788348712
42.5 0.0173 0.07602859212697055
43.5 0.0138 0.08512565307587486
44.5 0.0112 0.0944911182523068
45.5 0.0077 0.11396057645963795
46.5 0.0058 0.13130643285972257
47.5 0.0045 0.14907119849998599
48.5 0.0031000000000000003 0.17960530202677488
49.5 0.0026 0.19611613513818404
50.5 0.0017000000000000001 0.24253562503633297
51.5 0.0014 0.2672612419124244
52.5 0.0007 0.3779644730092272
53.5 0.00039999999999999996 0.5000000000000001
54.5 0.0001 1.0
55.5 0.0009 0.3333333333333333
56.5 0.00039999999999999996 0.5000000000000001
57.5 0.0001 1.0
58.5 0.0 inf
59.5 0.0 inf
60.5 0.0 inf
61.5 0.0 inf
62.5 0.0 inf
63.5 0.0 inf
64.5 0.0002 0.7071067811865475
65.5 0.0 inf
66.5 0.0 inf
67.5 0.0 inf
68.5 0.0 inf
69.5 0.0 inf
70.5 0.0 inf
71.5 0.0 inf
72.5 0.0 inf
73.5 0.0 inf
74.5 0.0 inf
75.5 0.0 inf
76.5 0.0 inf
77.5 0.0 inf
78.5 0.0 inf
79.5 0.0 inf
80.5 0.0 inf
81.5 0.0 inf
82.5 0.0 inf
83.5 0.0 inf
84.5 0.0 inf
85.5 0.0 inf
86.5 0.0 inf
87.5 0.0 inf
88.5 0.0 inf
89.5 0.0 inf
90.5 0.0 inf
91.5 0.0 inf
92.5 0.0 inf
93.5 0.0 inf
94.5 0.0 inf
95.5 0.0 inf
96.5 0.0 inf
97.5 0.0 inf
