0.5 39.683499999999995 0.0015874315788328571
1.5 20.9101 0.002186864854977651
2.5 21.2354 0.0021700501823396843
3.5 19.5366 0.002262431858346123
4.5 17.227400000000003 0.0024092958423561272
5.5 15.441500000000001 0.002544809381353248
6.5 13.5458 0.0027170502499153193
7.5 12.0734 0.00287796299415797
8.5 10.723500000000001 0.0030537376383161304
9.5 9.3951 0.003262490806160933
10.5 8.4209 0.0034460434179325416
11.5 7.3315 0.003693206409037894
12.5 6.6044 0.0038911978709562593
13.5 5.7755 0.0041610717638044204
14.5 5.1078 0.0044246921323357665
15.5 4.3868 0.004774480045658574
16.5 3.8712999999999997 0.005082432110961186
17.5 3.4051 0.0054191985695468
18.5 2.9089 0.005863212089582423
19.5 2.4577999999999998 0.006378619997066017
20.5 2.1146000000000003 0.006876791960130462
21.5 1.8166 0.007419426639960072
22.5 1.5168 0.008119622530770386
23.5 1.2843 0.00882402558632287
24.5 1.0716 0.00966014505009894
25.5 0.8782000000000001 0.010670954880833158
26.5 0.7294 0.011708927596817204
27.5 0.5949 0.012965164026406899
28.5 0.4939 0.014229200105943795
29.5 0.4095 0.01562690769794985
30.5 0.3231 0.017592660465641983
31.5 0.26039999999999996 0.019596545041740514
32.5 0.21100000000000002 0.021770017209205406
33.5 0.1716 0.02414022747926338
34.5 0.1305 0.027681826617913324
35.5 0.0992 0.031750031750047626
36.5 0.081 0.03513641844631533
37.5 0.0691 0.03804179284542668
38.5 0.0525 0.04364357804719848
39.5 0.038400000000000004 0.05103103630798287
40.5 0.0316 0.056254395046301184
41.5 0.024300000000000002 0.06415002990995841
42.5 0.018799999999999997 0.07293249574894728
43.5 0.0126 0.0890870806374748
44.5 0.0126 0.0890870806374748
45.5 0.0068000000000000005 0.12126781251816648
46.5 0.0047 0.14586499149789456
47.5 0.0037999999999999996 0.16222142113076254
48.5 0.0034999999999999996 0.16903085094570333
49.5 0.0027 0.19245008972987526
50.5 0.0018 0.23570226039551587
51.5 0.0012000000000000001 0.28867513459481287
52.5 0.001 0.31622776601683794
53.5 0.0004 0.5
54.5 0.0002 0.7071067811865475
55.5 0.0001 1.0
56.5 0.0002 0.7071067811865475
57.5 0.0 inf
58.5 0.0001 1.0
59.5 0.0 inf
60.5 0.0001 1.0
61.5 0.0001 1.0
62.5 0.0 inf
63.5 0.0 inf
64.5 0.0 inf
65.5 0.0 inf
66.5 0.0 inf
67.5 0.0 inf
68.5 0.0 inf
69.5 0.0 inf
70.5 0.0 inf
71.5 0.0 inf
72.5 0.0 inf
73.5 0.0 inf
74.5 0.0 inf
75.5 0.0 inf
76.5 0.0 inf
77.5 0.0 inf
78.5 0.0 inf
79.5 0.0 inf
80.5 0.0 inf
81.5 0.0 inf
82.5 0.0 inf
83.5 0.0 inf
84.5 0.0 inf
85.5 0.0 inf
86.5 0.0 inf
87.5 0.0 inf
88.5 0.0 inf
89.5 0.0 inf
90.5 0.0 inf
91.5 0.0 inf
92.5 0.0 inf
93.5 0.0 inf
94.5 0.0 inf
95.5 0.0 inf
96.5 0.0 inf
97.5 0.0 inf
