0.5 38.7607 0.0016062169115508944
1.5 20.4777 0.0022098327819820565
2.5 20.6837 0.002198800793233712
3.5 19.0871 0.0022889168991863094
4.5 16.8307 0.0024375240563863977
5.5 15.061 0.002576754811941915
6.5 13.207 0.002751679897425124
7.5 11.7463 0.0029177592580116552
8.5 10.5252 0.003082370371443593
9.5 9.175699999999999 0.0033012650725868222
10.5 8.2364 0.0034844263157011624
11.5 7.2089 0.0037244787386461475
12.5 6.4347 0.003942174533178507
13.5 5.67 0.00419960525565808
14.5 4.965 0.0044878710886520025
15.5 4.3271 0.004807303418975622
16.5 3.8045 0.005126857019578205
17.5 3.3095 0.005496912289617344
18.5 2.8194 0.005955546944282051
19.5 2.4246 0.006422142673774303
20.5 2.0925000000000002 0.006913011298202835
21.5 1.7649 0.007527312536285748
22.5 1.4886 0.008196170660081723
23.5 1.249 0.008947851766820503
24.5 1.0469 0.009773438851423783
25.5 0.8665 0.010742756117576677
26.5 0.7155 0.011822115035531811
27.5 0.5797 0.013134040459920514
28.5 0.5054000000000001 0.014066381153285493
29.5 0.3951 0.015909131996778254
30.5 0.3247 0.01754926191550154
31.5 0.2675 0.019334729780913273
32.5 0.2027 0.02221125640747988
33.5 0.1615 0.024883630089671975
34.5 0.13 0.027735009811261455
35.5 0.098 0.031943828249996996
36.5 0.07769999999999999 0.03587480016670876
37.5 0.0632 0.0397778642087865
38.5 0.052199999999999996 0.04376881095324085
39.5 0.036199999999999996 0.052558833122763673
40.5 0.031200000000000002 0.05661385170722978
41.5 0.0229 0.06608186004550898
42.5 0.018500000000000003 0.07352146220938077
43.5 0.0125 0.08944271909999159
44.5 0.008799999999999999 0.10660035817780524
45.5 0.0081 0.1111111111111111
46.5 0.0055 0.13483997249264842
47.5 0.0045000000000000005 0.14907119849998599
48.5 0.0031 0.1796053020267749
49.5 0.0025 0.2
50.5 0.0015 0.2581988897471611
51.5 0.0011 0.30151134457776363
52.5 0.0009 0.3333333333333333
53.5 0.0006 0.4082482904638631
54.5 0.0002 0.7071067811865475
55.5 0.00030000000000000003 0.5773502691896257
56.5 0.0001 1.0
57.5 0.0 inf
58.5 0.0001 1.0
59.5 0.0 inf
60.5 0.0 inf
61.5 0.0 inf
62.5 0.0 inf
63.5 0.0 inf
64.5 0.0 inf
65.5 0.0 inf
66.5 0.0 inf
67.5 0.0 inf
68.5 0.0 inf
69.5 0.0 inf
70.5 0.0 inf
71.5 0.0 inf
72.5 0.0 inf
73.5 0.0 inf
74.5 0.0 inf
75.5 0.0 inf
76.5 0.0 inf
77.5 0.0 inf
78.5 0.0 inf
79.5 0.0 inf
80.5 0.0 inf
81.5 0.0 inf
82.5 0.0 inf
83.5 0.0 inf
84.5 0.0 inf
85.5 0.0 inf
86.5 0.0 inf
87.5 0.0 inf
88.5 0.0 inf
89.5 0.0 inf
90.5 0.0 inf
91.5 0.0 inf
92.5 0.0 inf
93.5 0.0 inf
94.5 0.0 inf
95.5 0.0 inf
96.5 0.0 inf
97.5 0.0 inf
