0.5 38.509 0.001611457586871591
1.5 20.35 0.0022167554926073633
2.5 20.6268 0.0022018314524309946
3.5 18.8891 0.00230088210870743
4.5 16.688899999999997 0.002447857565936264
5.5 14.9312 0.002587930706329473
6.5 13.209900000000001 0.0027513778395098273
7.5 11.6656 0.0029278340657480327
8.5 10.3975 0.0031012411324618855
9.5 9.0813 0.0033183790173431063
10.5 8.1829 0.003495798390423695
11.5 7.1805 0.0037318369179611135
12.5 6.3774999999999995 0.0039598138139316005
13.5 5.640499999999999 0.004210572970596101
14.5 4.9608 0.004489770487003044
15.5 4.2682 0.004840359508787788
16.5 3.7743 0.0051473273843268726
17.5 3.2984999999999998 0.0055060703474907905
18.5 2.8089 0.0059666678301670065
19.5 2.3895999999999997 0.006469003635399933
20.5 2.0683 0.006953336289738034
21.5 1.7736 0.0075088280625108215
22.5 1.4882 0.008197272073868875
23.5 1.2372 0.00899042131360125
24.5 1.0586 0.009719279136136015
25.5 0.861 0.010777013435226059
26.5 0.6938 0.012005571878327355
27.5 0.5696 0.0132499735000795
28.5 0.4757 0.014498845575379761
29.5 0.38939999999999997 0.016025147161605236
30.5 0.3291 0.01743155212307927
31.5 0.2617 0.019547811329657872
32.5 0.2002 0.02234950781338371
33.5 0.1697 0.02427499107135649
34.5 0.12719999999999998 0.028038607704602217
35.5 0.1026 0.031219527052723135
36.5 0.0743 0.03668644191235265
37.5 0.0562 0.04218245406095978
38.5 0.048799999999999996 0.04526787302125927
39.5 0.0349 0.05352877275721892
40.5 0.028900000000000002 0.058823529411764705
41.5 0.0235 0.06523280730534423
42.5 0.0171 0.07647191129018725
43.5 0.013 0.08770580193070293
44.5 0.0111 0.0949157995752499
45.5 0.0076 0.11470786693528087
46.5 0.0062 0.1270001270001905
47.5 0.0034999999999999996 0.16903085094570333
48.5 0.0031000000000000003 0.17960530202677488
49.5 0.0029 0.18569533817705186
50.5 0.0012 0.2886751345948129
51.5 0.0009 0.3333333333333333
52.5 0.0009 0.3333333333333333
53.5 0.0005 0.4472135954999579
54.5 0.0007 0.3779644730092272
55.5 0.0002 0.7071067811865475
56.5 0.0006000000000000001 0.40824829046386296
57.5 0.0 inf
58.5 0.0001 1.0
59.5 0.0 inf
60.5 0.0 inf
61.5 0.0 inf
62.5 0.0001 1.0
63.5 0.0001 1.0
64.5 0.0 inf
65.5 0.0 inf
66.5 0.0 inf
67.5 0.0 inf
68.5 0.0 inf
69.5 0.0 inf
70.5 0.0 inf
71.5 0.0 inf
72.5 0.0 inf
73.5 0.0 inf
74.5 0.0 inf
75.5 0.0 inf
76.5 0.0 inf
77.5 0.0 inf
78.5 0.0 inf
79.5 0.0 inf
80.5 0.0 inf
81.5 0.0 inf
82.5 0.0 inf
83.5 0.0 inf
84.5 0.0 inf
85.5 0.0 inf
86.5 0.0 inf
87.5 0.0 inf
88.5 0.0 inf
89.5 0.0 inf
90.5 0.0 inf
91.5 0.0 inf
92.5 0.0 inf
93.5 0.0 inf
94.5 0.0 inf
95.5 0.0 inf
96.5 0.0 inf
97.5 0.0 inf
