0.5 5900.0 0.013018891098082387
1.5 3016.0 0.018208926018230744
2.5 2979.0 0.018321656997643758
3.5 2660.0 0.019389168358237032
4.5 2207.0 0.021286234067143354
5.5 1788.0 0.023649188492020107
6.5 1546.0 0.02543286319707309
7.5 1224.0 0.028583097523751475
8.5 1109.0 0.03002854067691021
9.5 940.0 0.03261640365267211
10.5 745.0 0.03663716527236558
11.5 656.0 0.03904344047215152
12.5 548.0 0.04271788288583805
13.5 463.0 0.04647394123401731
14.5 400.0 0.05
15.5 321.0 0.05581455721859476
16.5 271.0 0.0607456739230787
17.5 189.0 0.07273929674533079
18.5 171.0 0.07647191129018725
19.5 123.0 0.09016696346674323
20.5 133.0 0.086710996952412
21.5 108.0 0.09622504486493763
22.5 73.0 0.11704114719613057
23.5 62.0 0.1270001270001905
24.5 46.0 0.14744195615489714
25.5 41.0 0.15617376188860607
26.5 37.0 0.1643989873053573
27.5 14.0 0.2672612419124244
28.5 19.0 0.22941573387056174
29.5 16.0 0.25
30.5 7.0 0.3779644730092272
31.5 6.0 0.4082482904638631
32.5 4.0 0.5
33.5 5.0 0.4472135954999579
34.5 2.0 0.7071067811865475
35.5 1.0 1.0
36.5 0.0 inf
37.5 2.0 0.7071067811865475
38.5 0.0 inf
39.5 1.0 1.0
40.5 0.0 inf
41.5 0.0 inf
42.5 0.0 inf
43.5 0.0 inf
44.5 0.0 inf
45.5 0.0 inf
46.5 0.0 inf
47.5 0.0 inf
48.5 0.0 inf
49.5 0.0 inf
50.5 0.0 inf
51.5 0.0 inf
52.5 0.0 inf
53.5 0.0 inf
54.5 0.0 inf
55.5 0.0 inf
56.5 0.0 inf
57.5 0.0 inf
58.5 0.0 inf
59.5 0.0 inf
60.5 0.0 inf
61.5 0.0 inf
62.5 0.0 inf
63.5 0.0 inf
64.5 0.0 inf
65.5 0.0 inf
66.5 0.0 inf
67.5 0.0 inf
68.5 0.0 inf
69.5 0.0 inf
70.5 0.0 inf
71.5 0.0 inf
72.5 0.0 inf
73.5 0.0 inf
74.5 0.0 inf
75.5 0.0 inf
76.5 0.0 inf
77.5 0.0 inf
78.5 0.0 inf
79.5 0.0 inf
80.5 0.0 inf
81.5 0.0 inf
82.5 0.0 inf
83.5 0.0 inf
84.5 0.0 inf
85.5 0.0 inf
86.5 0.0 inf
87.5 0.0 inf
88.5 0.0 inf
89.5 0.0 inf
90.5 0.0 inf
91.5 0.0 inf
92.5 0.0 inf
93.5 0.0 inf
94.5 0.0 inf
95.5 0.0 inf
96.5 0.0 inf
97.5 0.0 inf
