0.5 1947.0 0.022662980454966827
1.5 1048.0 0.03089010316076077
2.5 1041.0 0.030993786368687184
3.5 1000.0 0.03162277660168379
4.5 777.0 0.03587480016670876
5.5 720.0 0.037267799624996496
6.5 576.0 0.041666666666666664
7.5 543.0 0.04291410754228745
8.5 441.0 0.047619047619047616
9.5 382.0 0.05116445100966508
10.5 346.0 0.053760333057047034
11.5 300.0 0.05773502691896257
12.5 222.0 0.06711560552140243
13.5 203.0 0.07018624063435965
14.5 179.0 0.07474350927519359
15.5 137.0 0.0854357657716761
16.5 109.0 0.09578262852211514
17.5 88.0 0.10660035817780521
18.5 72.0 0.11785113019775793
19.5 75.0 0.11547005383792514
20.5 58.0 0.13130643285972254
21.5 50.0 0.1414213562373095
22.5 35.0 0.1690308509457033
23.5 25.0 0.2
24.5 17.0 0.24253562503633297
25.5 16.0 0.25
26.5 11.0 0.30151134457776363
27.5 9.0 0.3333333333333333
28.5 15.0 0.2581988897471611
29.5 4.0 0.5
30.5 5.0 0.4472135954999579
31.5 2.0 0.7071067811865475
32.5 2.0 0.7071067811865475
33.5 3.0 0.5773502691896258
34.5 1.0 1.0
35.5 1.0 1.0
36.5 0.0 inf
37.5 0.0 inf
38.5 0.0 inf
39.5 0.0 inf
40.5 0.0 inf
41.5 0.0 inf
42.5 0.0 inf
43.5 0.0 inf
44.5 0.0 inf
45.5 0.0 inf
46.5 0.0 inf
47.5 0.0 inf
48.5 0.0 inf
49.5 0.0 inf
50.5 0.0 inf
51.5 0.0 inf
52.5 0.0 inf
53.5 0.0 inf
54.5 0.0 inf
55.5 0.0 inf
56.5 0.0 inf
57.5 0.0 inf
58.5 0.0 inf
59.5 0.0 inf
60.5 0.0 inf
61.5 0.0 inf
62.5 0.0 inf
63.5 0.0 inf
64.5 0.0 inf
65.5 0.0 inf
66.5 0.0 inf
67.5 0.0 inf
68.5 0.0 inf
69.5 0.0 inf
70.5 0.0 inf
71.5 0.0 inf
72.5 0.0 inf
73.5 0.0 inf
74.5 0.0 inf
75.5 0.0 inf
76.5 0.0 inf
77.5 0.0 inf
78.5 0.0 inf
79.5 0.0 inf
80.5 0.0 inf
81.5 0.0 inf
82.5 0.0 inf
83.5 0.0 inf
84.5 0.0 inf
85.5 0.0 inf
86.5 0.0 inf
87.5 0.0 inf
88.5 0.0 inf
89.5 0.0 inf
90.5 0.0 inf
91.5 0.0 inf
92.5 0.0 inf
93.5 0.0 inf
94.5 0.0 inf
95.5 0.0 inf
96.5 0.0 inf
97.5 0.0 inf
