0.5 833478.0 0.001095350042752578
1.5 214044.0 0.0021614663104392953
2.5 144657.0 0.00262924025499598
3.5 90556.0 0.0033230844989316872
4.5 57597.0 0.004166775177849848
5.5 38381.0 0.005104366586067752
6.5 26402.0 0.006154341434387875
7.5 19109.0 0.007234041898230731
8.5 13882.0 0.008487386507161205
9.5 10184.0 0.009909250441117725
10.5 7691.0 0.011402723523686733
11.5 5695.0 0.013251136747832066
12.5 4567.0 0.014797368669912813
13.5 3445.0 0.017037481092399637
14.5 2625.0 0.019518001458970664
15.5 2056.0 0.022054054569561544
16.5 1616.0 0.02487592975524973
17.5 1256.0 0.028216632399155017
18.5 975.0 0.03202563076101743
19.5 764.0 0.03617873026462108
20.5 619.0 0.04019339355290704
21.5 496.0 0.04490132550669373
22.5 359.0 0.05277798139692595
23.5 270.0 0.06085806194501846
24.5 234.0 0.06537204504606134
25.5 187.0 0.07312724241271307
26.5 145.0 0.08304547985373997
27.5 82.0 0.11043152607484653
28.5 75.0 0.11547005383792514
29.5 64.0 0.125
30.5 39.0 0.16012815380508713
31.5 32.0 0.17677669529663687
32.5 24.0 0.20412414523193154
33.5 16.0 0.25
34.5 14.0 0.2672612419124244
35.5 7.0 0.3779644730092272
36.5 6.0 0.4082482904638631
37.5 3.0 0.5773502691896258
38.5 3.0 0.5773502691896258
39.5 2.0 0.7071067811865475
40.5 1.0 1.0
41.5 4.0 0.5
42.5 0.0 inf
43.5 1.0 1.0
44.5 0.0 inf
45.5 0.0 inf
46.5 0.0 inf
47.5 0.0 inf
48.5 1.0 1.0
49.5 0.0 inf
50.5 0.0 inf
51.5 0.0 inf
52.5 0.0 inf
53.5 0.0 inf
54.5 0.0 inf
55.5 0.0 inf
56.5 0.0 inf
57.5 0.0 inf
58.5 0.0 inf
59.5 0.0 inf
60.5 0.0 inf
61.5 0.0 inf
62.5 0.0 inf
63.5 0.0 inf
64.5 0.0 inf
65.5 0.0 inf
66.5 0.0 inf
67.5 0.0 inf
68.5 0.0 inf
69.5 0.0 inf
70.5 0.0 inf
71.5 0.0 inf
72.5 0.0 inf
73.5 0.0 inf
74.5 0.0 inf
75.5 0.0 inf
76.5 0.0 inf
77.5 0.0 inf
78.5 0.0 inf
79.5 0.0 inf
80.5 0.0 inf
81.5 0.0 inf
82.5 0.0 inf
83.5 0.0 inf
84.5 0.0 inf
85.5 0.0 inf
86.5 0.0 inf
87.5 0.0 inf
88.5 0.0 inf
89.5 0.0 inf
90.5 0.0 inf
91.5 0.0 inf
92.5 0.0 inf
93.5 0.0 inf
94.5 0.0 inf
95.5 0.0 inf
96.5 0.0 inf
97.5 0.0 inf
