0.5 50.462599999999995 0.0014077164592328198
1.5 27.2933 0.0019141324046698827
2.5 27.7176 0.0018994251689716218
3.5 25.4874 0.001980784516712277
4.5 22.4807 0.0021090898660503605
5.5 20.2442 0.002222540534772202
6.5 17.7958 0.00237050699875505
7.5 15.9331 0.00250524300999258
8.5 14.1534 0.002658089559488961
9.5 12.35 0.002845551966122361
10.5 11.1534 0.002994307244825482
11.5 9.706399999999999 0.003209747784076756
12.5 8.7675 0.0033772414643839016
13.5 7.661099999999999 0.0036128874659820762
14.5 6.7557 0.0038473776890342905
15.5 5.8535 0.004133254894084748
16.5 5.1139 0.004422052397925673
17.5 4.4772 0.004726033028772305
18.5 3.8121 0.005121743886010076
19.5 3.2809 0.005520818926267152
20.5 2.8354 0.005938719766639218
21.5 2.4101 0.006441432625713552
22.5 2.0046 0.007062950084281071
23.5 1.7067999999999999 0.00765435645373804
24.5 1.4285999999999999 0.008366516600593073
25.5 1.1752 0.009224527047561371
26.5 0.9805999999999999 0.010098434561025603
27.5 0.7964 0.011205580872588201
28.5 0.6720999999999999 0.012197843367986657
29.5 0.5405 0.013601980592571917
30.5 0.4374 0.01512030705421715
31.5 0.357 0.01673654817511446
32.5 0.279 0.018932061141568826
33.5 0.2296 0.020869596778242055
34.5 0.166 0.0245440346836908
35.5 0.1376 0.026958193300859603
36.5 0.1029 0.03117398431942748
37.5 0.0885 0.033614632272640714
38.5 0.0677 0.03843312210120439
39.5 0.0519 0.04389512813061471
40.5 0.0374 0.051708768999501914
41.5 0.0302 0.0575435337648436
42.5 0.026000000000000002 0.062017367294604234
43.5 0.0182 0.07412493166611012
44.5 0.0137 0.0854357657716761
45.5 0.011 0.09534625892455924
46.5 0.0074 0.11624763874381928
47.5 0.0059 0.13018891098082389
48.5 0.004200000000000001 0.1543033499620919
49.5 0.0033 0.17407765595569785
50.5 0.0026 0.19611613513818404
51.5 0.0024000000000000002 0.20412414523193148
52.5 0.001 0.31622776601683794
53.5 0.0013 0.2773500981126146
54.5 0.0003 0.5773502691896258
55.5 0.00039999999999999996 0.5000000000000001
56.5 0.0002 0.7071067811865475
57.5 0.0001 1.0
58.5 0.00030000000000000003 0.5773502691896257
59.5 0.0001 1.0
60.5 0.0001 1.0
61.5 0.0002 0.7071067811865475
62.5 0.0 inf
63.5 0.0 inf
64.5 0.0 inf
65.5 0.0 inf
66.5 0.0 inf
67.5 0.0 inf
68.5 0.0 inf
69.5 0.0 inf
70.5 0.0 inf
71.5 0.0 inf
72.5 0.0 inf
73.5 0.0 inf
74.5 0.0 inf
75.5 0.0 inf
76.5 0.0 inf
77.5 0.0 inf
78.5 0.0 inf
79.5 0.0 inf
80.5 0.0 inf
81.5 0.0 inf
82.5 0.0 inf
83.5 0.0 inf
84.5 0.0 inf
85.5 0.0 inf
86.5 0.0 inf
87.5 0.0 inf
88.5 0.0 inf
89.5 0.0 inf
90.5 0.0 inf
91.5 0.0 inf
92.5 0.0 inf
93.5 0.0 inf
94.5 0.0 inf
95.5 0.0 inf
96.5 0.0 inf
97.5 0.0 inf
