0.5 53.295899999999996 0.0013697871878332886
1.5 28.852800000000002 0.001861684218832336
2.5 29.2956 0.0018475610647729892
3.5 27.1055 0.0019207519756207726
4.5 23.8427 0.002047963833474651
5.5 21.4262 0.0021603664430532663
6.5 18.8353 0.00230416581506554
7.5 16.7862 0.0024407528403760574
8.5 15.064900000000002 0.002576421255322087
9.5 13.1247 0.0027602937837643547
10.5 11.820599999999999 0.0029085748150567367
11.5 10.3092 0.003114494135579689
12.5 9.2471 0.0032884952803718137
13.5 8.092600000000001 0.0035152479420815226
14.5 7.0965 0.0037538584860689643
15.5 6.2293 0.004006640499561085
16.5 5.4597999999999995 0.004279683308305105
17.5 4.7549 0.004585949902430541
18.5 4.0333000000000006 0.004979316553050439
19.5 3.4731 0.0053658849410028
20.5 2.982 0.0057909015340268126
21.5 2.5487 0.006263839779441726
22.5 2.1383 0.00683857606675348
23.5 1.8169 0.0074188140801384654
24.5 1.5163 0.008120961143393156
25.5 1.2318 0.009010105996411433
26.5 1.0419 0.009796861784051935
27.5 0.8318 0.010964543174292237
28.5 0.7156 0.011821288978511235
29.5 0.5964 0.012948849481091767
30.5 0.4586 0.014766683779622342
31.5 0.3775 0.01627576917542319
32.5 0.2946 0.018423987433960506
33.5 0.23620000000000002 0.020575957460157265
34.5 0.18059999999999998 0.023531040266750586
35.5 0.1451 0.026252235637134264
36.5 0.11199999999999999 0.029880715233359847
37.5 0.0968 0.03214121732666125
38.5 0.0679 0.038376477822666816
39.5 0.0562 0.04218245406095978
40.5 0.043899999999999995 0.04772739599033477
41.5 0.030400000000000003 0.057353933467640436
42.5 0.025300000000000003 0.06286946134619315
43.5 0.0182 0.07412493166611012
44.5 0.0142 0.08391813582966891
45.5 0.0108 0.09622504486493763
46.5 0.0063 0.1259881576697424
47.5 0.0071 0.11867816581938533
48.5 0.0055 0.13483997249264842
49.5 0.0036 0.16666666666666666
50.5 0.0029 0.18569533817705186
51.5 0.0018 0.23570226039551587
52.5 0.0012000000000000001 0.28867513459481287
53.5 0.001 0.31622776601683794
54.5 0.0006 0.4082482904638631
55.5 0.0006000000000000001 0.40824829046386296
56.5 0.0004 0.5
57.5 0.0 inf
58.5 0.00030000000000000003 0.5773502691896257
59.5 0.00030000000000000003 0.5773502691896257
60.5 0.0001 1.0
61.5 0.0 inf
62.5 0.0 inf
63.5 0.0001 1.0
64.5 0.0 inf
65.5 0.0 inf
66.5 0.0 inf
67.5 0.0 inf
68.5 0.0 inf
69.5 0.0 inf
70.5 0.0 inf
71.5 0.0 inf
72.5 0.0 inf
73.5 0.0 inf
74.5 0.0 inf
75.5 0.0 inf
76.5 0.0 inf
77.5 0.0 inf
78.5 0.0 inf
79.5 0.0 inf
80.5 0.0 inf
81.5 0.0 inf
82.5 0.0 inf
83.5 0.0 inf
84.5 0.0 inf
85.5 0.0 inf
86.5 0.0 inf
87.5 0.0 inf
88.5 0.0 inf
89.5 0.0 inf
90.5 0.0 inf
91.5 0.0 inf
92.5 0.0 inf
93.5 0.0 inf
94.5 0.0 inf
95.5 0.0 inf
96.5 0.0 inf
97.5 0.0 inf
