0.5 203194.0 0.002218424026105282
1.5 74495.0 0.0036638394769329618
2.5 58743.0 0.0041259307924896346
3.5 41869.0 0.004887127909391306
4.5 29391.0 0.005833011311389419
5.5 21534.0 0.00681455726867767
6.5 15727.0 0.007974015152828067
7.5 11546.0 0.009306453750676277
8.5 8960.0 0.010564428184106456
9.5 6719.0 0.012199658658326043
10.5 5190.0 0.013880858307767148
11.5 4066.0 0.01568253671119514
12.5 3343.0 0.017295447831856135
13.5 2514.0 0.01994423410775127
14.5 1976.0 0.022496063533292376
15.5 1558.0 0.025334729596906996
16.5 1283.0 0.027918152281484514
17.5 988.0 0.031814238148788886
18.5 773.0 0.03596750006328032
19.5 592.0 0.04109974682633932
20.5 478.0 0.045738935374634825
21.5 375.0 0.051639777949432225
22.5 298.0 0.057928444636349226
23.5 245.0 0.06388765649999399
24.5 183.0 0.07392212709545729
25.5 136.0 0.08574929257125441
26.5 107.0 0.09667364890456635
27.5 80.0 0.11180339887498948
28.5 61.0 0.12803687993289598
29.5 54.0 0.13608276348795434
30.5 30.0 0.18257418583505536
31.5 16.0 0.25
32.5 21.0 0.2182178902359924
33.5 15.0 0.2581988897471611
34.5 12.0 0.2886751345948129
35.5 9.0 0.3333333333333333
36.5 6.0 0.4082482904638631
37.5 6.0 0.4082482904638631
38.5 4.0 0.5
39.5 3.0 0.5773502691896258
40.5 3.0 0.5773502691896258
41.5 1.0 1.0
42.5 0.0 inf
43.5 0.0 inf
44.5 0.0 inf
45.5 0.0 inf
46.5 0.0 inf
47.5 0.0 inf
48.5 0.0 inf
49.5 0.0 inf
50.5 0.0 inf
51.5 0.0 inf
52.5 0.0 inf
53.5 0.0 inf
54.5 0.0 inf
55.5 0.0 inf
56.5 0.0 inf
57.5 0.0 inf
58.5 0.0 inf
59.5 0.0 inf
60.5 0.0 inf
61.5 0.0 inf
62.5 0.0 inf
63.5 0.0 inf
64.5 0.0 inf
65.5 0.0 inf
66.5 0.0 inf
67.5 0.0 inf
68.5 0.0 inf
69.5 0.0 inf
70.5 0.0 inf
71.5 0.0 inf
72.5 0.0 inf
73.5 0.0 inf
74.5 0.0 inf
75.5 0.0 inf
76.5 0.0 inf
77.5 0.0 inf
78.5 0.0 inf
79.5 0.0 inf
80.5 0.0 inf
81.5 0.0 inf
82.5 0.0 inf
83.5 0.0 inf
84.5 0.0 inf
85.5 0.0 inf
86.5 0.0 inf
87.5 0.0 inf
88.5 0.0 inf
89.5 0.0 inf
90.5 0.0 inf
91.5 0.0 inf
92.5 0.0 inf
93.5 0.0 inf
94.5 0.0 inf
95.5 0.0 inf
96.5 0.0 inf
97.5 0.0 inf
