0.5 161892.0 0.0024853485626416113
1.5 61830.0 0.0040216139320916255
2.5 49807.0 0.004480792245430075
3.5 35946.0 0.005274420066541466
4.5 25956.0 0.006206991022698822
5.5 19068.0 0.0072418150378896025
6.5 14046.0 0.008437691992636883
7.5 10303.0 0.009851858149475123
8.5 8265.0 0.010999642517427181
9.5 6166.0 0.012734979195199857
10.5 4808.0 0.014421743613444026
11.5 3776.0 0.016273613872602986
12.5 3011.0 0.018224038416896644
13.5 2411.0 0.020365796262448638
14.5 1968.0 0.022541740866685808
15.5 1482.0 0.025976216673306556
16.5 1156.0 0.029411764705882353
17.5 971.0 0.032091527190284
18.5 746.0 0.03661260129691062
19.5 584.0 0.0413802944301184
20.5 451.0 0.04708816093480111
21.5 351.0 0.05337605126836238
22.5 277.0 0.06008417681261097
23.5 246.0 0.06375767130633382
24.5 173.0 0.07602859212697055
25.5 157.0 0.07980868844676221
26.5 121.0 0.09090909090909091
27.5 82.0 0.11043152607484653
28.5 65.0 0.12403473458920847
29.5 30.0 0.18257418583505536
30.5 40.0 0.15811388300841897
31.5 20.0 0.22360679774997896
32.5 22.0 0.21320071635561041
33.5 13.0 0.2773500981126146
34.5 16.0 0.25
35.5 7.0 0.3779644730092272
36.5 8.0 0.35355339059327373
37.5 3.0 0.5773502691896258
38.5 1.0 1.0
39.5 1.0 1.0
40.5 1.0 1.0
41.5 2.0 0.7071067811865475
42.5 0.0 inf
43.5 0.0 inf
44.5 0.0 inf
45.5 1.0 1.0
46.5 0.0 inf
47.5 0.0 inf
48.5 0.0 inf
49.5 0.0 inf
50.5 0.0 inf
51.5 0.0 inf
52.5 0.0 inf
53.5 0.0 inf
54.5 0.0 inf
55.5 0.0 inf
56.5 0.0 inf
57.5 0.0 inf
58.5 0.0 inf
59.5 0.0 inf
60.5 0.0 inf
61.5 0.0 inf
62.5 0.0 inf
63.5 0.0 inf
64.5 0.0 inf
65.5 0.0 inf
66.5 0.0 inf
67.5 0.0 inf
68.5 0.0 inf
69.5 0.0 inf
70.5 0.0 inf
71.5 0.0 inf
72.5 0.0 inf
73.5 0.0 inf
74.5 0.0 inf
75.5 0.0 inf
76.5 0.0 inf
77.5 0.0 inf
78.5 0.0 inf
79.5 0.0 inf
80.5 0.0 inf
81.5 0.0 inf
82.5 0.0 inf
83.5 0.0 inf
84.5 0.0 inf
85.5 0.0 inf
86.5 0.0 inf
87.5 0.0 inf
88.5 0.0 inf
89.5 0.0 inf
90.5 0.0 inf
91.5 0.0 inf
92.5 0.0 inf
93.5 0.0 inf
94.5 0.0 inf
95.5 0.0 inf
96.5 0.0 inf
97.5 0.0 inf
