0.5 4515468.0 0.0004705964162524083
1.5 547250.0 0.001351783418389567
2.5 303261.0 0.0018158991219644931
3.5 162812.0 0.0024783166487147004
4.5 92695.0 0.0032845195076835264
5.5 58252.0 0.00414328282361689
6.5 37817.0 0.005142288793936651
7.5 25821.0 0.006223195882812631
8.5 18648.0 0.007322912919395779
9.5 13230.0 0.008694008849288351
10.5 9665.0 0.01017182947396325
11.5 7019.0 0.011936098080371271
12.5 5396.0 0.013613319252933253
13.5 4118.0 0.015583206612078142
14.5 3248.0 0.01754656015858991
15.5 2391.0 0.020450795781510083
16.5 1894.0 0.022977882942966148
17.5 1428.0 0.026462806201248155
18.5 1136.0 0.02966954145484633
19.5 913.0 0.03309516961607476
20.5 683.0 0.03826393658966905
21.5 518.0 0.04393747751637468
22.5 409.0 0.049446817643414874
23.5 338.0 0.05439282932204212
24.5 262.0 0.06178020632152154
25.5 179.0 0.07474350927519359
26.5 151.0 0.08137884587711594
27.5 116.0 0.09284766908852593
28.5 99.0 0.10050378152592121
29.5 61.0 0.12803687993289598
30.5 50.0 0.1414213562373095
31.5 36.0 0.16666666666666666
32.5 23.0 0.20851441405707477
33.5 21.0 0.2182178902359924
34.5 11.0 0.30151134457776363
35.5 9.0 0.3333333333333333
36.5 6.0 0.4082482904638631
37.5 10.0 0.31622776601683794
38.5 5.0 0.4472135954999579
39.5 4.0 0.5
40.5 1.0 1.0
41.5 0.0 inf
42.5 0.0 inf
43.5 1.0 1.0
44.5 0.0 inf
45.5 0.0 inf
46.5 1.0 1.0
47.5 0.0 inf
48.5 0.0 inf
49.5 1.0 1.0
50.5 0.0 inf
51.5 0.0 inf
52.5 0.0 inf
53.5 0.0 inf
54.5 0.0 inf
55.5 0.0 inf
56.5 0.0 inf
57.5 0.0 inf
58.5 0.0 inf
59.5 0.0 inf
60.5 0.0 inf
61.5 0.0 inf
62.5 0.0 inf
63.5 0.0 inf
64.5 0.0 inf
65.5 0.0 inf
66.5 0.0 inf
67.5 0.0 inf
68.5 0.0 inf
69.5 0.0 inf
70.5 0.0 inf
71.5 0.0 inf
72.5 0.0 inf
73.5 0.0 inf
74.5 0.0 inf
75.5 0.0 inf
76.5 0.0 inf
77.5 0.0 inf
78.5 0.0 inf
79.5 0.0 inf
80.5 0.0 inf
81.5 0.0 inf
82.5 0.0 inf
83.5 0.0 inf
84.5 0.0 inf
85.5 0.0 inf
86.5 0.0 inf
87.5 0.0 inf
88.5 0.0 inf
89.5 0.0 inf
90.5 0.0 inf
91.5 0.0 inf
92.5 0.0 inf
93.5 0.0 inf
94.5 0.0 inf
95.5 0.0 inf
96.5 0.0 inf
97.5 0.0 inf
