0.5 1573289.0 0.0007972522377314937
1.5 319867.0 0.001768134431590228
2.5 200267.0 0.002234576894905277
3.5 116962.0 0.0029240016074527815
4.5 71686.0 0.0037349330904868625
5.5 46808.0 0.0046221066002451825
6.5 31166.0 0.005664472423286945
7.5 21989.0 0.0067436847566144245
8.5 15899.0 0.007930765256236715
9.5 11518.0 0.00931775877458474
10.5 8404.0 0.010908297607202133
11.5 6484.0 0.012418767513385191
12.5 4891.0 0.0142988519197758
13.5 3754.0 0.01632122928294128
14.5 2914.0 0.018524872445114315
15.5 2331.0 0.020712325533373335
16.5 1726.0 0.024070194759954793
17.5 1321.0 0.027513674254937545
18.5 1118.0 0.02990743022772896
19.5 843.0 0.034441829515914534
20.5 606.0 0.04062222318511938
21.5 505.0 0.04449941594899848
22.5 418.0 0.04891159880445185
23.5 294.0 0.05832118435198043
24.5 214.0 0.06835859270246633
25.5 185.0 0.07352146220938077
26.5 120.0 0.09128709291752768
27.5 98.0 0.10101525445522107
28.5 77.0 0.11396057645963795
29.5 53.0 0.13736056394868904
30.5 54.0 0.13608276348795434
31.5 31.0 0.1796053020267749
32.5 17.0 0.24253562503633297
33.5 15.0 0.2581988897471611
34.5 18.0 0.23570226039551587
35.5 10.0 0.31622776601683794
36.5 9.0 0.3333333333333333
37.5 5.0 0.4472135954999579
38.5 2.0 0.7071067811865475
39.5 5.0 0.4472135954999579
40.5 2.0 0.7071067811865475
41.5 2.0 0.7071067811865475
42.5 2.0 0.7071067811865475
43.5 2.0 0.7071067811865475
44.5 1.0 1.0
45.5 0.0 inf
46.5 0.0 inf
47.5 0.0 inf
48.5 0.0 inf
49.5 0.0 inf
50.5 0.0 inf
51.5 0.0 inf
52.5 0.0 inf
53.5 0.0 inf
54.5 0.0 inf
55.5 0.0 inf
56.5 0.0 inf
57.5 0.0 inf
58.5 0.0 inf
59.5 0.0 inf
60.5 0.0 inf
61.5 0.0 inf
62.5 0.0 inf
63.5 0.0 inf
64.5 0.0 inf
65.5 0.0 inf
66.5 0.0 inf
67.5 0.0 inf
68.5 0.0 inf
69.5 0.0 inf
70.5 0.0 inf
71.5 0.0 inf
72.5 0.0 inf
73.5 0.0 inf
74.5 0.0 inf
75.5 0.0 inf
76.5 0.0 inf
77.5 0.0 inf
78.5 0.0 inf
79.5 0.0 inf
80.5 0.0 inf
81.5 0.0 inf
82.5 0.0 inf
83.5 0.0 inf
84.5 0.0 inf
85.5 0.0 inf
86.5 0.0 inf
87.5 0.0 inf
88.5 0.0 inf
89.5 0.0 inf
90.5 0.0 inf
91.5 0.0 inf
92.5 0.0 inf
93.5 0.0 inf
94.5 0.0 inf
95.5 0.0 inf
96.5 0.0 inf
97.5 0.0 inf
