0.5 67.1598 0.0012202401283248243
1.5 36.7108 0.0016504526739670813
2.5 37.31229999999999 0.001637095405671371
3.5 34.3369 0.00170655173298836
4.5 30.3797 0.0018142964866105175
5.5 27.3643 0.0019116475673133435
6.5 23.9655 0.0020427101782731615
7.5 21.291400000000003 0.0021671945030072295
8.5 19.060200000000002 0.0022905315243092646
9.5 16.6876 0.002447952910769037
10.5 15.049700000000001 0.002577722002841791
11.5 13.1521 0.002757417000507153
12.5 11.7318 0.002919561813661609
13.5 10.331600000000002 0.0031111160274464957
14.5 9.0297 0.00332784690850673
15.5 7.812200000000001 0.0035777774579863254
16.5 6.9107 0.0038039866128208454
17.5 6.0248 0.0040740718386443235
18.5 5.0905000000000005 0.0044322043853577105
19.5 4.4102 0.004761796785877586
20.5 3.7662 0.005152859612875732
21.5 3.2123 0.0055794572088218065
22.5 2.716 0.006067853924728325
23.5 2.2648 0.006644848319114133
24.5 1.9301 0.007197971033968851
25.5 1.5710000000000002 0.007978328380233476
26.5 1.3111000000000002 0.008733374651996929
27.5 1.0386 0.00981241349015773
28.5 0.9015 0.010532152394185807
29.5 0.7263999999999999 0.011733081361598303
30.5 0.5769 0.013165875092222739
31.5 0.4784 0.014457873299156005
32.5 0.3704 0.016431019497519374
33.5 0.29610000000000003 0.018377261547332376
34.5 0.23670000000000002 0.020554213865940245
35.5 0.19019999999999998 0.022929508398902763
36.5 0.13729999999999998 0.02698762900750023
37.5 0.1128 0.029774566708770683
38.5 0.088 0.033709993123162106
39.5 0.07500000000000001 0.03651483716701107
40.5 0.051500000000000004 0.044065264923923174
41.5 0.038 0.051298917604257706
42.5 0.036699999999999997 0.052199575097188054
43.5 0.0246 0.06375767130633382
44.5 0.0165 0.0778498944161523
45.5 0.0124 0.08980265101338746
46.5 0.0095 0.10259783520851541
47.5 0.008 0.11180339887498948
48.5 0.0058 0.13130643285972257
49.5 0.004399999999999999 0.15075567228888184
50.5 0.0031 0.1796053020267749
51.5 0.0019000000000000002 0.22941573387056174
52.5 0.0015999999999999999 0.25000000000000006
53.5 0.0014 0.2672612419124244
54.5 0.0007 0.3779644730092272
55.5 0.0004 0.5
56.5 0.0005 0.4472135954999579
57.5 0.00030000000000000003 0.5773502691896257
58.5 0.0002 0.7071067811865475
59.5 0.0001 1.0
60.5 0.0 inf
61.5 0.0 inf
62.5 0.0 inf
63.5 0.0001 1.0
64.5 0.0 inf
65.5 0.0 inf
66.5 0.0 inf
67.5 0.0 inf
68.5 0.0 inf
69.5 0.0 inf
70.5 0.0 inf
71.5 0.0 inf
72.5 0.0 inf
73.5 0.0 inf
74.5 0.0 inf
75.5 0.0 inf
76.5 0.0 inf
77.5 0.0 inf
78.5 0.0 inf
79.5 0.0 inf
80.5 0.0 inf
81.5 0.0 inf
82.5 0.0 inf
83.5 0.0 inf
84.5 0.0 inf
85.5 0.0 inf
86.5 0.0 inf
87.5 0.0 inf
88.5 0.0 inf
89.5 0.0 inf
90.5 0.0 inf
91.5 0.0 inf
92.5 0.0 inf
93.5 0.0 inf
94.5 0.0 inf
95.5 0.0 inf
96.5 0.0 inf
97.5 0.0 inf
