0.5 38.5917 0.0016097300260828184
1.5 20.3726 0.002215525591272372
2.5 20.7123 0.0021972821925428663
3.5 18.9707 0.0022959283032826516
4.5 16.6738 0.002448965720183479
5.5 14.973199999999999 0.0025842985696419452
6.5 13.1828 0.002754204403637705
7.5 11.6616 0.0029283361551770233
8.5 10.466000000000001 0.0030910756558371268
9.5 9.0982 0.0033152956232550667
10.5 8.2106 0.0034898965425035197
11.5 7.1789000000000005 0.0037322527620606274
12.5 6.464 0.003933229847047204
13.5 5.6221 0.0042174575205452145
14.5 4.8922 0.004521139405600797
15.5 4.2926 0.004826583116447373
16.5 3.8212 0.005115641660133327
17.5 3.2984999999999998 0.0055060703474907905
18.5 2.7938 0.005982770499097453
19.5 2.4043 0.006449197423134943
20.5 2.0887000000000002 0.006919296907840835
21.5 1.7627 0.007532008435673403
22.5 1.5003 0.008164149435150411
23.5 1.2484000000000002 0.00895000174525051
24.5 1.045 0.00978231976089037
25.5 0.8643000000000001 0.01075641980088068
26.5 0.7116 0.011854466952761744
27.5 0.5851999999999999 0.013072174640400055
28.5 0.4889 0.014301776319421837
29.5 0.3946 0.01591920808366894
30.5 0.3231 0.017592660465641983
31.5 0.2619 0.01954034605868497
32.5 0.1943 0.02268629628464662
33.5 0.1678 0.0244120371254637
34.5 0.1225 0.02857142857142857
35.5 0.1084 0.03037283696153935
36.5 0.0814 0.03504998186163908
37.5 0.0648 0.039283710065919304
38.5 0.051199999999999996 0.04419417382415922
39.5 0.0412 0.04926646390821466
40.5 0.027 0.06085806194501846
41.5 0.0237 0.06495698024616309
42.5 0.0164 0.07808688094430304
43.5 0.0139 0.08481889296799709
44.5 0.0095 0.10259783520851541
45.5 0.0069 0.1203858530857692
46.5 0.0039 0.16012815380508713
47.5 0.0037 0.1643989873053573
48.5 0.0031999999999999997 0.1767766952966369
49.5 0.0015999999999999999 0.25000000000000006
50.5 0.0021999999999999997 0.21320071635561047
51.5 0.0010999999999999998 0.3015113445777637
52.5 0.0007999999999999999 0.3535533905932738
53.5 0.0006 0.4082482904638631
54.5 0.0006 0.4082482904638631
55.5 0.0003 0.5773502691896258
56.5 0.0006000000000000001 0.40824829046386296
57.5 0.00030000000000000003 0.5773502691896257
58.5 0.0001 1.0
59.5 0.0001 1.0
60.5 0.0002 0.7071067811865475
61.5 0.0 inf
62.5 0.0 inf
63.5 0.0 inf
64.5 0.0 inf
65.5 0.0 inf
66.5 0.0 inf
67.5 0.0 inf
68.5 0.0 inf
69.5 0.0 inf
70.5 0.0 inf
71.5 0.0 inf
72.5 0.0 inf
73.5 0.0 inf
74.5 0.0 inf
75.5 0.0 inf
76.5 0.0 inf
77.5 0.0 inf
78.5 0.0 inf
79.5 0.0 inf
80.5 0.0 inf
81.5 0.0 inf
82.5 0.0 inf
83.5 0.0 inf
84.5 0.0 inf
85.5 0.0 inf
86.5 0.0 inf
87.5 0.0 inf
88.5 0.0 inf
89.5 0.0 inf
90.5 0.0 inf
91.5 0.0 inf
92.5 0.0 inf
93.5 0.0 inf
94.5 0.0 inf
95.5 0.0 inf
96.5 0.0 inf
97.5 0.0 inf
