0.5 39.4374 0.0015923768761786786
1.5 20.9071 0.0021870217480721914
2.5 21.160600000000002 0.0021738822230603074
3.5 19.4917 0.0022650361657531185
4.5 17.0491 0.002421861319419431
5.5 15.4473 0.0025443315865235063
6.5 13.468499999999999 0.0027248361017801403
7.5 12.008299999999998 0.00288575352869553
8.5 10.8026 0.0030425368879978946
9.5 9.3289 0.003274046031832712
10.5 8.4464 0.0034408376183448983
11.5 7.402100000000001 0.0036755516164916876
12.5 6.613899999999999 0.0038884022689925726
13.5 5.7547 0.004168584946599714
14.5 5.0628 0.004444312763054124
15.5 4.4203 0.004756353529571243
16.5 3.8698 0.005083417033895939
17.5 3.3902 0.005431094259028405
18.5 2.8849 0.005887550132242848
19.5 2.4596999999999998 0.006376155932483343
20.5 2.1447000000000003 0.006828364944724534
21.5 1.8221 0.00740822042545479
22.5 1.5245 0.008099091130493959
23.5 1.2886 0.008809290596130738
24.5 1.0657 0.009686848713755695
25.5 0.882 0.010647942749999
26.5 0.7384999999999999 0.011636563671574176
27.5 0.6067 0.012838462075170039
28.5 0.5122 0.01397269608362584
29.5 0.4042 0.015729026546513935
30.5 0.3326 0.017339592129039343
31.5 0.2702 0.019237885149322023
32.5 0.2112 0.02175970699446223
33.5 0.16799999999999998 0.024397501823713332
34.5 0.1325 0.027472112789737803
35.5 0.1032 0.031128640318234518
36.5 0.0809 0.035158127696731496
37.5 0.0723 0.037190400165280094
38.5 0.054900000000000004 0.04267895997763199
39.5 0.0412 0.04926646390821466
40.5 0.0267 0.06119900613621046
41.5 0.021900000000000003 0.06757373783994859
42.5 0.0176 0.07537783614444091
43.5 0.010700000000000001 0.09667364890456635
44.5 0.0097 0.10153461651336192
45.5 0.0081 0.1111111111111111
46.5 0.0051 0.14002800840280097
47.5 0.0044 0.15075567228888181
48.5 0.004 0.15811388300841897
49.5 0.0014 0.2672612419124244
50.5 0.0021 0.2182178902359924
51.5 0.0012000000000000001 0.28867513459481287
52.5 0.0009 0.3333333333333333
53.5 0.0005 0.4472135954999579
54.5 0.0009 0.3333333333333333
55.5 0.00030000000000000003 0.5773502691896257
56.5 0.0002 0.7071067811865475
57.5 0.0004 0.5
58.5 0.0001 1.0
59.5 0.0 inf
60.5 0.0001 1.0
61.5 0.0001 1.0
62.5 0.0001 1.0
63.5 0.0 inf
64.5 0.0 inf
65.5 0.0 inf
66.5 0.0 inf
67.5 0.0 inf
68.5 0.0 inf
69.5 0.0 inf
70.5 0.0 inf
71.5 0.0 inf
72.5 0.0 inf
73.5 0.0 inf
74.5 0.0 inf
75.5 0.0 inf
76.5 0.0 inf
77.5 0.0 inf
78.5 0.0 inf
79.5 0.0 inf
80.5 0.0 inf
81.5 0.0 inf
82.5 0.0 inf
83.5 0.0 inf
84.5 0.0 inf
85.5 0.0 inf
86.5 0.0 inf
87.5 0.0 inf
88.5 0.0 inf
89.5 0.0 inf
90.5 0.0 inf
91.5 0.0 inf
92.5 0.0 inf
93.5 0.0 inf
94.5 0.0 inf
95.5 0.0 inf
96.5 0.0 inf
97.5 0.0 inf
