0.5 7769.0 0.011345338009741439
1.5 3982.0 0.01584708444428277
2.5 3772.0 0.0162822402256459
3.5 3284.0 0.0174501203189944
4.5 2774.0 0.018986581228931064
5.5 2285.0 0.0209197696327652
6.5 1842.0 0.02329996062309982
7.5 1623.0 0.02482222683731816
8.5 1324.0 0.027482485496465633
9.5 1110.0 0.030015011259383207
10.5 968.0 0.03214121732666125
11.5 775.0 0.03592106040535498
12.5 661.0 0.038895492079220696
13.5 570.0 0.04188539082916955
14.5 446.0 0.04735137238103784
15.5 344.0 0.053916386601719206
16.5 315.0 0.0563436169819011
17.5 248.0 0.06350006350009525
18.5 214.0 0.06835859270246633
19.5 165.0 0.0778498944161523
20.5 158.0 0.079555728417573
21.5 128.0 0.08838834764831843
22.5 90.0 0.10540925533894598
23.5 67.0 0.12216944435630522
24.5 54.0 0.13608276348795434
25.5 48.0 0.14433756729740646
26.5 32.0 0.17677669529663687
27.5 27.0 0.19245008972987526
28.5 22.0 0.21320071635561041
29.5 13.0 0.2773500981126146
30.5 11.0 0.30151134457776363
31.5 8.0 0.35355339059327373
32.5 4.0 0.5
33.5 6.0 0.4082482904638631
34.5 3.0 0.5773502691896258
35.5 2.0 0.7071067811865475
36.5 0.0 inf
37.5 2.0 0.7071067811865475
38.5 0.0 inf
39.5 1.0 1.0
40.5 0.0 inf
41.5 1.0 1.0
42.5 0.0 inf
43.5 0.0 inf
44.5 0.0 inf
45.5 0.0 inf
46.5 0.0 inf
47.5 0.0 inf
48.5 0.0 inf
49.5 0.0 inf
50.5 0.0 inf
51.5 0.0 inf
52.5 0.0 inf
53.5 0.0 inf
54.5 0.0 inf
55.5 0.0 inf
56.5 0.0 inf
57.5 0.0 inf
58.5 0.0 inf
59.5 0.0 inf
60.5 0.0 inf
61.5 0.0 inf
62.5 0.0 inf
63.5 0.0 inf
64.5 0.0 inf
65.5 0.0 inf
66.5 0.0 inf
67.5 0.0 inf
68.5 0.0 inf
69.5 0.0 inf
70.5 0.0 inf
71.5 0.0 inf
72.5 0.0 inf
73.5 0.0 inf
74.5 0.0 inf
75.5 0.0 inf
76.5 0.0 inf
77.5 0.0 inf
78.5 0.0 inf
79.5 0.0 inf
80.5 0.0 inf
81.5 0.0 inf
82.5 0.0 inf
83.5 0.0 inf
84.5 0.0 inf
85.5 0.0 inf
86.5 0.0 inf
87.5 0.0 inf
88.5 0.0 inf
89.5 0.0 inf
90.5 0.0 inf
91.5 0.0 inf
92.5 0.0 inf
93.5 0.0 inf
94.5 0.0 inf
95.5 0.0 inf
96.5 0.0 inf
97.5 0.0 inf
