0.5 53.329699999999995 0.0013693530381452027
1.5 28.7281 0.001865720347952147
2.5 29.0381 0.0018557347561324134
3.5 26.6263 0.0019379590213478978
4.5 23.461 0.0020645563463800648
5.5 21.0152 0.0021813895898819126
6.5 18.3062 0.0023372270208867722
7.5 16.3126 0.0024759302533140745
8.5 14.4891 0.0026271162761925876
9.5 12.645700000000001 0.002812085769631519
10.5 11.3431 0.002969163544263966
11.5 9.8662 0.0031836479896980587
12.5 8.768999999999998 0.003376952601409043
13.5 7.7053 0.003602510239102926
14.5 6.7135 0.0038594507504734793
15.5 5.8479 0.004135233440982028
16.5 5.119400000000001 0.004419676355414693
17.5 4.4488 0.004741093923119844
18.5 3.7603999999999997 0.005156831939017556
19.5 3.2313 0.005563029458274383
20.5 2.7721 0.006006141416396629
21.5 2.3624 0.006506138183826905
22.5 1.9869999999999999 0.0070941614247976535
23.5 1.6363 0.007817511608353754
24.5 1.4035 0.008440997886226676
25.5 1.1155 0.009468151810154634
26.5 0.9450000000000001 0.010286889997472794
27.5 0.766 0.011425773622475752
28.5 0.653 0.012374948760083871
29.5 0.5227999999999999 0.013830319420447759
30.5 0.4215 0.015402854413408714
31.5 0.3336 0.01731358402661109
32.5 0.2584 0.019672236884115842
33.5 0.2167 0.021481793839053773
34.5 0.1623 0.02482222683731816
35.5 0.1397 0.026754805427388343
36.5 0.10550000000000001 0.030787453590353963
37.5 0.0847 0.034360406637202474
38.5 0.0624 0.04003203845127178
39.5 0.0452 0.04703604341917987
40.5 0.0383 0.0510976130307596
41.5 0.025500000000000002 0.06262242910851494
42.5 0.0232 0.06565321642986129
43.5 0.0143 0.08362420100070908
44.5 0.0114 0.0936585811581694
45.5 0.010499999999999999 0.09759000729485333
46.5 0.0071 0.11867816581938533
47.5 0.0055 0.13483997249264842
48.5 0.0040999999999999995 0.15617376188860607
49.5 0.0026 0.19611613513818404
50.5 0.0023 0.20851441405707477
51.5 0.0018999999999999998 0.2294157338705618
52.5 0.0010999999999999998 0.3015113445777637
53.5 0.0006000000000000001 0.40824829046386296
54.5 0.00039999999999999996 0.5000000000000001
55.5 0.0005 0.4472135954999579
56.5 0.0005 0.4472135954999579
57.5 0.0002 0.7071067811865475
58.5 0.00030000000000000003 0.5773502691896257
59.5 0.0 inf
60.5 0.0001 1.0
61.5 0.0 inf
62.5 0.0 inf
63.5 0.0 inf
64.5 0.0 inf
65.5 0.0 inf
66.5 0.0001 1.0
67.5 0.0 inf
68.5 0.0 inf
69.5 0.0001 1.0
70.5 0.0 inf
71.5 0.0 inf
72.5 0.0 inf
73.5 0.0 inf
74.5 0.0 inf
75.5 0.0 inf
76.5 0.0 inf
77.5 0.0 inf
78.5 0.0 inf
79.5 0.0 inf
80.5 0.0 inf
81.5 0.0 inf
82.5 0.0 inf
83.5 0.0 inf
84.5 0.0 inf
85.5 0.0 inf
86.5 0.0 inf
87.5 0.0 inf
88.5 0.0 inf
89.5 0.0 inf
90.5 0.0 inf
91.5 0.0 inf
92.5 0.0 inf
93.5 0.0 inf
94.5 0.0 inf
95.5 0.0 inf
96.5 0.0 inf
97.5 0.0 inf
