0.5 27304.0 0.006051831985272443
1.5 4783.0 0.014459384601444056
2.5 2846.0 0.018744875148768995
3.5 1554.0 0.02536731447159205
4.5 990.0 0.03178208630818641
5.5 600.0 0.040824829046386304
6.5 402.0 0.049875466805381644
7.5 299.0 0.05783149319662402
8.5 199.0 0.07088812050083358
9.5 165.0 0.0778498944161523
10.5 109.0 0.09578262852211514
11.5 69.0 0.1203858530857692
12.5 41.0 0.15617376188860607
13.5 42.0 0.1543033499620919
14.5 31.0 0.1796053020267749
15.5 18.0 0.23570226039551587
16.5 12.0 0.2886751345948129
17.5 9.0 0.3333333333333333
18.5 8.0 0.35355339059327373
19.5 4.0 0.5
20.5 3.0 0.5773502691896258
21.5 1.0 1.0
22.5 1.0 1.0
23.5 1.0 1.0
24.5 0.0 inf
25.5 0.0 inf
26.5 0.0 inf
27.5 0.0 inf
28.5 0.0 inf
29.5 0.0 inf
30.5 0.0 inf
31.5 0.0 inf
32.5 0.0 inf
33.5 0.0 inf
34.5 0.0 inf
35.5 0.0 inf
36.5 0.0 inf
37.5 0.0 inf
38.5 0.0 inf
39.5 0.0 inf
40.5 0.0 inf
41.5 0.0 inf
42.5 0.0 inf
43.5 0.0 inf
44.5 0.0 inf
45.5 0.0 inf
46.5 0.0 inf
47.5 0.0 inf
48.5 0.0 inf
49.5 0.0 inf
50.5 0.0 inf
51.5 0.0 inf
52.5 0.0 inf
53.5 0.0 inf
54.5 0.0 inf
55.5 0.0 inf
56.5 0.0 inf
57.5 0.0 inf
58.5 0.0 inf
59.5 0.0 inf
60.5 0.0 inf
61.5 0.0 inf
62.5 0.0 inf
63.5 0.0 inf
64.5 0.0 inf
65.5 0.0 inf
66.5 0.0 inf
67.5 0.0 inf
68.5 0.0 inf
69.5 0.0 inf
70.5 0.0 inf
71.5 0.0 inf
72.5 0.0 inf
73.5 0.0 inf
74.5 0.0 inf
75.5 0.0 inf
76.5 0.0 inf
77.5 0.0 inf
78.5 0.0 inf
79.5 0.0 inf
80.5 0.0 inf
81.5 0.0 inf
82.5 0.0 inf
83.5 0.0 inf
84.5 0.0 inf
85.5 0.0 inf
86.5 0.0 inf
87.5 0.0 inf
88.5 0.0 inf
89.5 0.0 inf
90.5 0.0 inf
91.5 0.0 inf
92.5 0.0 inf
93.5 0.0 inf
94.5 0.0 inf
95.5 0.0 inf
96.5 0.0 inf
97.5 0.0 inf
