0.5 8152.0 0.011075616624431513
1.5 2215.0 0.02124775914356676
2.5 1586.0 0.02511009804759127
3.5 995.0 0.031702131247412065
4.5 632.0 0.0397778642087865
5.5 479.0 0.04569116623849538
6.5 277.0 0.06008417681261097
7.5 215.0 0.06819943394704735
8.5 149.0 0.08192319205190406
9.5 123.0 0.09016696346674323
10.5 88.0 0.10660035817780521
11.5 57.0 0.13245323570650439
12.5 41.0 0.15617376188860607
13.5 36.0 0.16666666666666666
14.5 31.0 0.1796053020267749
15.5 17.0 0.24253562503633297
16.5 13.0 0.2773500981126146
17.5 11.0 0.30151134457776363
18.5 2.0 0.7071067811865475
19.5 1.0 1.0
20.5 0.0 inf
21.5 1.0 1.0
22.5 1.0 1.0
23.5 0.0 inf
24.5 0.0 inf
25.5 0.0 inf
26.5 0.0 inf
27.5 0.0 inf
28.5 0.0 inf
29.5 0.0 inf
30.5 0.0 inf
31.5 0.0 inf
32.5 0.0 inf
33.5 0.0 inf
34.5 0.0 inf
35.5 0.0 inf
36.5 0.0 inf
37.5 0.0 inf
38.5 0.0 inf
39.5 0.0 inf
40.5 0.0 inf
41.5 0.0 inf
42.5 0.0 inf
43.5 0.0 inf
44.5 0.0 inf
45.5 0.0 inf
46.5 0.0 inf
47.5 0.0 inf
48.5 0.0 inf
49.5 0.0 inf
50.5 0.0 inf
51.5 0.0 inf
52.5 0.0 inf
53.5 0.0 inf
54.5 0.0 inf
55.5 0.0 inf
56.5 0.0 inf
57.5 0.0 inf
58.5 0.0 inf
59.5 0.0 inf
60.5 0.0 inf
61.5 0.0 inf
62.5 0.0 inf
63.5 0.0 inf
64.5 0.0 inf
65.5 0.0 inf
66.5 0.0 inf
67.5 0.0 inf
68.5 0.0 inf
69.5 0.0 inf
70.5 0.0 inf
71.5 0.0 inf
72.5 0.0 inf
73.5 0.0 inf
74.5 0.0 inf
75.5 0.0 inf
76.5 0.0 inf
77.5 0.0 inf
78.5 0.0 inf
79.5 0.0 inf
80.5 0.0 inf
81.5 0.0 inf
82.5 0.0 inf
83.5 0.0 inf
84.5 0.0 inf
85.5 0.0 inf
86.5 0.0 inf
87.5 0.0 inf
88.5 0.0 inf
89.5 0.0 inf
90.5 0.0 inf
91.5 0.0 inf
92.5 0.0 inf
93.5 0.0 inf
94.5 0.0 inf
95.5 0.0 inf
96.5 0.0 inf
97.5 0.0 inf
