0.5 38.4891 0.0016118741185912687
1.5 20.2927 0.0022198829855042666
2.5 20.581899999999997 0.002204231822981163
3.5 18.9243 0.002298741243603043
4.5 16.664099999999998 0.0024496783752807057
5.5 14.9836 0.0025834015432106665
6.5 13.1391 0.0027587807757527595
7.5 11.6372 0.0029314045044331574
8.5 10.4402 0.003094892658527144
9.5 9.079699999999999 0.003318671382319156
10.5 8.1874 0.0034948375692288266
11.5 7.1396999999999995 0.0037424845672768578
12.5 6.382 0.003958417519323362
13.5 5.6283 0.004215133955555465
14.5 4.9459 0.004496528334124529
15.5 4.2908 0.00482759539139117
16.5 3.7828999999999997 0.005141473118661503
17.5 3.2786 0.005522755066290293
18.5 2.7687999999999997 0.006009719566585234
19.5 2.3974 0.006458471530404966
20.5 2.0575 0.006971561743757498
21.5 1.7721 0.0075120053266747215
22.5 1.4666000000000001 0.008257415909123739
23.5 1.2563 0.00892181718807527
24.5 1.0426 0.009793572433047237
25.5 0.85 0.010846522890932807
26.5 0.7041999999999999 0.011916589788359699
27.5 0.5690999999999999 0.013255792804457775
28.5 0.5033 0.01409569632468742
29.5 0.41200000000000003 0.015579423821243894
30.5 0.3236 0.017579063848365748
31.5 0.25870000000000004 0.01966082717592504
32.5 0.20650000000000002 0.022005942406783077
33.5 0.1594 0.02504700724928122
34.5 0.1223 0.028594780785029784
35.5 0.10300000000000001 0.03115884764248779
36.5 0.07669999999999999 0.036107907233705945
37.5 0.0632 0.0397778642087865
38.5 0.052199999999999996 0.04376881095324085
39.5 0.0392 0.050507627227610534
40.5 0.027 0.06085806194501846
41.5 0.0218 0.06772854614785964
42.5 0.016300000000000002 0.07832604499879572
43.5 0.0131 0.0873704056661038
44.5 0.0098 0.10101525445522107
45.5 0.007599999999999999 0.1147078669352809
46.5 0.0068 0.12126781251816648
47.5 0.0039 0.16012815380508713
48.5 0.0031 0.1796053020267749
49.5 0.0027 0.19245008972987526
50.5 0.001 0.31622776601683794
51.5 0.0011 0.30151134457776363
52.5 0.0007 0.3779644730092272
53.5 0.0007 0.3779644730092272
54.5 0.0004 0.5
55.5 0.00030000000000000003 0.5773502691896257
56.5 0.0002 0.7071067811865475
57.5 0.0004 0.5
58.5 0.0002 0.7071067811865475
59.5 0.0 inf
60.5 0.0001 1.0
61.5 0.0001 1.0
62.5 0.0 inf
63.5 0.0 inf
64.5 0.0 inf
65.5 0.0 inf
66.5 0.0 inf
67.5 0.0 inf
68.5 0.0 inf
69.5 0.0 inf
70.5 0.0 inf
71.5 0.0 inf
72.5 0.0 inf
73.5 0.0 inf
74.5 0.0 inf
75.5 0.0 inf
76.5 0.0 inf
77.5 0.0 inf
78.5 0.0 inf
79.5 0.0 inf
80.5 0.0 inf
81.5 0.0 inf
82.5 0.0 inf
83.5 0.0 inf
84.5 0.0 inf
85.5 0.0 inf
86.5 0.0 inf
87.5 0.0 inf
88.5 0.0 inf
89.5 0.0 inf
90.5 0.0 inf
91.5 0.0 inf
92.5 0.0 inf
93.5 0.0 inf
94.5 0.0 inf
95.5 0.0 inf
96.5 0.0 inf
97.5 0.0 inf
