0.5 5492.0 0.013493814503750113
1.5 1701.0 0.024246432248443597
2.5 1309.0 0.027639499641139105
3.5 773.0 0.03596750006328032
4.5 562.0 0.04218245406095978
5.5 343.0 0.05399492471560388
6.5 292.0 0.058520573598065284
7.5 176.0 0.07537783614444091
8.5 158.0 0.079555728417573
9.5 96.0 0.10206207261596577
10.5 85.0 0.10846522890932808
11.5 52.0 0.1386750490563073
12.5 42.0 0.1543033499620919
13.5 28.0 0.1889822365046136
14.5 15.0 0.2581988897471611
15.5 21.0 0.2182178902359924
16.5 12.0 0.2886751345948129
17.5 5.0 0.4472135954999579
18.5 4.0 0.5
19.5 2.0 0.7071067811865475
20.5 1.0 1.0
21.5 0.0 inf
22.5 1.0 1.0
23.5 0.0 inf
24.5 0.0 inf
25.5 0.0 inf
26.5 0.0 inf
27.5 0.0 inf
28.5 0.0 inf
29.5 0.0 inf
30.5 0.0 inf
31.5 0.0 inf
32.5 0.0 inf
33.5 0.0 inf
34.5 0.0 inf
35.5 0.0 inf
36.5 0.0 inf
37.5 0.0 inf
38.5 0.0 inf
39.5 0.0 inf
40.5 0.0 inf
41.5 0.0 inf
42.5 0.0 inf
43.5 0.0 inf
44.5 0.0 inf
45.5 0.0 inf
46.5 0.0 inf
47.5 0.0 inf
48.5 0.0 inf
49.5 0.0 inf
50.5 0.0 inf
51.5 0.0 inf
52.5 0.0 inf
53.5 0.0 inf
54.5 0.0 inf
55.5 0.0 inf
56.5 0.0 inf
57.5 0.0 inf
58.5 0.0 inf
59.5 0.0 inf
60.5 0.0 inf
61.5 0.0 inf
62.5 0.0 inf
63.5 0.0 inf
64.5 0.0 inf
65.5 0.0 inf
66.5 0.0 inf
67.5 0.0 inf
68.5 0.0 inf
69.5 0.0 inf
70.5 0.0 inf
71.5 0.0 inf
72.5 0.0 inf
73.5 0.0 inf
74.5 0.0 inf
75.5 0.0 inf
76.5 0.0 inf
77.5 0.0 inf
78.5 0.0 inf
79.5 0.0 inf
80.5 0.0 inf
81.5 0.0 inf
82.5 0.0 inf
83.5 0.0 inf
84.5 0.0 inf
85.5 0.0 inf
86.5 0.0 inf
87.5 0.0 inf
88.5 0.0 inf
89.5 0.0 inf
90.5 0.0 inf
91.5 0.0 inf
92.5 0.0 inf
93.5 0.0 inf
94.5 0.0 inf
95.5 0.0 inf
96.5 0.0 inf
97.5 0.0 inf
