0.5 61.3023 0.0012772079567517193
1.5 33.0727 0.0017388622302153438
2.5 33.3704 0.0017310885897352196
3.5 30.4666 0.0018117071765045302
4.5 26.7544 0.0019333139831053255
5.5 23.952399999999997 0.002043268699455208
6.5 20.804000000000002 0.0021924342474164134
7.5 18.378700000000002 0.0023326125378352767
8.5 16.3997 0.002469346577214249
9.5 14.208400000000001 0.0026529399058136545
10.5 12.6155 0.0028154496563548405
11.5 11.0871 0.003003246763140017
12.5 9.7583 0.003201200803566295
13.5 8.5648 0.0034169717399290768
14.5 7.4838000000000005 0.0036554337192723765
15.5 6.4415 0.003940093196126565
16.5 5.6678 0.004200420231060925
17.5 4.8614 0.00453543891078529
18.5 4.1672 0.0048986659809754
19.5 3.5439 0.005312014730194775
20.5 3.0339 0.005741156280824596
21.5 2.5659 0.006242810276727461
22.5 2.1737 0.006782662341722998
23.5 1.7943 0.007465389497541117
24.5 1.5105 0.0081365375903362
25.5 1.2433999999999998 0.008967978708178483
26.5 1.0128 0.009936607918964554
27.5 0.8137000000000001 0.011085820492908188
28.5 0.6892 0.012045570273080244
29.5 0.5666 0.013285004776956452
30.5 0.43920000000000003 0.015089291007086421
31.5 0.3576 0.01672250155226628
32.5 0.2893 0.01859198597837567
33.5 0.2266 0.021007290795078383
34.5 0.1801 0.02356368148131365
35.5 0.1441 0.02634316848869161
36.5 0.10830000000000001 0.0303868562731382
37.5 0.0885 0.033614632272640714
38.5 0.0654 0.039103094350288754
39.5 0.0539 0.0430730492253948
40.5 0.0397 0.05018856132284956
41.5 0.0288 0.05892556509887897
42.5 0.020900000000000002 0.06917144638660747
43.5 0.0152 0.08111071056538127
44.5 0.014100000000000001 0.0842151921066519
45.5 0.0109 0.09578262852211514
46.5 0.0087 0.10721125348377948
47.5 0.0062 0.1270001270001905
48.5 0.004399999999999999 0.15075567228888184
49.5 0.0034000000000000002 0.17149858514250882
50.5 0.0026 0.19611613513818404
51.5 0.0019000000000000002 0.22941573387056174
52.5 0.0012000000000000001 0.28867513459481287
53.5 0.0008 0.35355339059327373
54.5 0.0004 0.5
55.5 0.00039999999999999996 0.5000000000000001
56.5 0.0 inf
57.5 0.0001 1.0
58.5 0.0002 0.7071067811865475
59.5 0.0001 1.0
60.5 0.0001 1.0
61.5 0.0001 1.0
62.5 0.0 inf
63.5 0.0 inf
64.5 0.0 inf
65.5 0.0 inf
66.5 0.0 inf
67.5 0.0001 1.0
68.5 0.0 inf
69.5 0.0 inf
70.5 0.0 inf
71.5 0.0 inf
72.5 0.0 inf
73.5 0.0 inf
74.5 0.0 inf
75.5 0.0 inf
76.5 0.0 inf
77.5 0.0 inf
78.5 0.0 inf
79.5 0.0 inf
80.5 0.0 inf
81.5 0.0 inf
82.5 0.0 inf
83.5 0.0 inf
84.5 0.0 inf
85.5 0.0 inf
86.5 0.0 inf
87.5 0.0 inf
88.5 0.0 inf
89.5 0.0 inf
90.5 0.0 inf
91.5 0.0 inf
92.5 0.0 inf
93.5 0.0 inf
94.5 0.0 inf
95.5 0.0 inf
96.5 0.0 inf
97.5 0.0 inf
