0.5 38.538399999999996 0.0016108427988658362
1.5 20.3449 0.0022170333200873856
2.5 20.5638 0.002205201678278726
3.5 18.8998 0.0023002307017061913
4.5 16.7365 0.002444374131977597
5.5 14.9748 0.002584160504754057
6.5 13.188400000000001 0.0027536196025140895
7.5 11.6302 0.0029322865505215356
8.5 10.4282 0.003096672833146234
9.5 9.0709 0.0033202807721573056
10.5 8.2183 0.003488261259008508
11.5 7.192 0.0037288521227723543
12.5 6.3873999999999995 0.0039567439139209775
13.5 5.5855999999999995 0.0042312149088291175
14.5 4.9338999999999995 0.0045019931359153425
15.5 4.3103 0.004816662878229006
16.5 3.7695 0.0051506035895336364
17.5 3.3001 0.005504735421181511
18.5 2.8026999999999997 0.005973263774152521
19.5 2.3706 0.006494875940448666
20.5 2.0884 0.00691979387071447
21.5 1.7748 0.007506289151850749
22.5 1.4768 0.008228850233457916
23.5 1.2546 0.008927859733426337
24.5 1.0392 0.009809580398286881
25.5 0.8509 0.010840785170131715
26.5 0.7004 0.011948872617308781
27.5 0.5733 0.013207147529172122
28.5 0.5114000000000001 0.013983620789034902
29.5 0.40449999999999997 0.015723192698301948
30.5 0.3226 0.017606288680921175
31.5 0.26180000000000003 0.019544077624852607
32.5 0.2012 0.02229389810338549
33.5 0.1609 0.024929982747211414
34.5 0.1305 0.027681826617913324
35.5 0.10289999999999999 0.03117398431942748
36.5 0.0838 0.03454442679267334
37.5 0.0659 0.03895446935658099
38.5 0.0466 0.04632410546120795
39.5 0.0391 0.05057217374241736
40.5 0.0281 0.05965499862718936
41.5 0.0223 0.06696495301824251
42.5 0.0172 0.07624928516630233
43.5 0.0131 0.0873704056661038
44.5 0.0088 0.10660035817780521
45.5 0.0088 0.10660035817780521
46.5 0.0053 0.13736056394868904
47.5 0.0046 0.14744195615489714
48.5 0.0033 0.17407765595569785
49.5 0.0021 0.2182178902359924
50.5 0.0012000000000000001 0.28867513459481287
51.5 0.0014 0.2672612419124244
52.5 0.0007999999999999999 0.3535533905932738
53.5 0.0007999999999999999 0.3535533905932738
54.5 0.00030000000000000003 0.5773502691896257
55.5 0.0001 1.0
56.5 0.00039999999999999996 0.5000000000000001
57.5 0.0002 0.7071067811865475
58.5 0.0001 1.0
59.5 0.0002 0.7071067811865475
60.5 0.0 inf
61.5 0.0 inf
62.5 0.0 inf
63.5 0.0 inf
64.5 0.0 inf
65.5 0.0001 1.0
66.5 0.0 inf
67.5 0.0 inf
68.5 0.0 inf
69.5 0.0 inf
70.5 0.0 inf
71.5 0.0 inf
72.5 0.0 inf
73.5 0.0 inf
74.5 0.0 inf
75.5 0.0 inf
76.5 0.0 inf
77.5 0.0 inf
78.5 0.0 inf
79.5 0.0 inf
80.5 0.0 inf
81.5 0.0 inf
82.5 0.0 inf
83.5 0.0 inf
84.5 0.0 inf
85.5 0.0 inf
86.5 0.0 inf
87.5 0.0 inf
88.5 0.0 inf
89.5 0.0 inf
90.5 0.0 inf
91.5 0.0 inf
92.5 0.0 inf
93.5 0.0 inf
94.5 0.0 inf
95.5 0.0 inf
96.5 0.0 inf
97.5 0.0 inf
