0.5 30525.0 0.0057236380703214245
1.5 4961.0 0.014197614717146007
2.5 3057.0 0.018086406211029225
3.5 1603.0 0.02497659540757031
4.5 977.0 0.031992834407549194
5.5 671.0 0.038604571824109146
6.5 444.0 0.04745789978762495
7.5 300.0 0.05773502691896257
8.5 183.0 0.07392212709545729
9.5 157.0 0.07980868844676221
10.5 92.0 0.10425720702853739
11.5 91.0 0.10482848367219183
12.5 62.0 0.1270001270001905
13.5 35.0 0.1690308509457033
14.5 27.0 0.19245008972987526
15.5 19.0 0.22941573387056174
16.5 10.0 0.31622776601683794
17.5 9.0 0.3333333333333333
18.5 6.0 0.4082482904638631
19.5 8.0 0.35355339059327373
20.5 2.0 0.7071067811865475
21.5 1.0 1.0
22.5 1.0 1.0
23.5 1.0 1.0
24.5 0.0 inf
25.5 0.0 inf
26.5 0.0 inf
27.5 0.0 inf
28.5 0.0 inf
29.5 0.0 inf
30.5 0.0 inf
31.5 0.0 inf
32.5 0.0 inf
33.5 0.0 inf
34.5 0.0 inf
35.5 0.0 inf
36.5 0.0 inf
37.5 0.0 inf
38.5 0.0 inf
39.5 0.0 inf
40.5 0.0 inf
41.5 0.0 inf
42.5 0.0 inf
43.5 0.0 inf
44.5 0.0 inf
45.5 0.0 inf
46.5 0.0 inf
47.5 0.0 inf
48.5 0.0 inf
49.5 0.0 inf
50.5 0.0 inf
51.5 0.0 inf
52.5 0.0 inf
53.5 0.0 inf
54.5 0.0 inf
55.5 0.0 inf
56.5 0.0 inf
57.5 0.0 inf
58.5 0.0 inf
59.5 0.0 inf
60.5 0.0 inf
61.5 0.0 inf
62.5 0.0 inf
63.5 0.0 inf
64.5 0.0 inf
65.5 0.0 inf
66.5 0.0 inf
67.5 0.0 inf
68.5 0.0 inf
69.5 0.0 inf
70.5 0.0 inf
71.5 0.0 inf
72.5 0.0 inf
73.5 0.0 inf
74.5 0.0 inf
75.5 0.0 inf
76.5 0.0 inf
77.5 0.0 inf
78.5 0.0 inf
79.5 0.0 inf
80.5 0.0 inf
81.5 0.0 inf
82.5 0.0 inf
83.5 0.0 inf
84.5 0.0 inf
85.5 0.0 inf
86.5 0.0 inf
87.5 0.0 inf
88.5 0.0 inf
89.5 0.0 inf
90.5 0.0 inf
91.5 0.0 inf
92.5 0.0 inf
93.5 0.0 inf
94.5 0.0 inf
95.5 0.0 inf
96.5 0.0 inf
97.5 0.0 inf
