0.5 46.5295 0.0014660062004716774
1.5 24.9339 0.002002649254630981
2.5 25.2883 0.0019885667913364775
3.5 23.2735 0.0020728560816079796
4.5 20.5424 0.002206350011286319
5.5 18.4491 0.002328157770926979
6.5 16.198999999999998 0.0024845966612653527
7.5 14.284600000000001 0.002645854501402396
8.5 12.9025 0.0027839604814046594
9.5 11.1951 0.002988725378535775
10.5 10.052800000000001 0.003153962162067216
11.5 8.7388 0.0033827826930752734
12.5 7.908899999999999 0.003555837926638094
13.5 6.8809000000000005 0.003812214921016367
14.5 6.0389 0.0040693128607405555
15.5 5.2217 0.0043761685588352625
16.5 4.6577 0.004633554160915799
17.5 3.9922 0.0050048821412930445
18.5 3.4107000000000003 0.005414747873346853
19.5 2.9323 0.00583977076780147
20.5 2.5154 0.006305165226339933
21.5 2.15 0.006819943394704734
22.5 1.8102 0.007432530836751798
23.5 1.5028000000000001 0.008157355826841604
24.5 1.2799 0.00883918005204665
25.5 1.035 0.00982946374365981
26.5 0.8585 0.01079269366094211
27.5 0.702 0.011935247900657215
28.5 0.6047 0.01285967567535344
29.5 0.49150000000000005 0.01426389847107313
30.5 0.38939999999999997 0.016025147161605236
31.5 0.2996 0.01826960238104674
32.5 0.2476 0.02009669677645352
33.5 0.19790000000000002 0.022479005982349896
34.5 0.1538 0.02549892269327383
35.5 0.13240000000000002 0.027482485496465633
36.5 0.08929999999999999 0.033463724070512735
37.5 0.07930000000000001 0.03551104121142175
38.5 0.0601 0.04079085082240021
39.5 0.048100000000000004 0.04559607525875532
40.5 0.034600000000000006 0.053760333057047034
41.5 0.024599999999999997 0.06375767130633384
42.5 0.021900000000000003 0.06757373783994859
43.5 0.0135 0.08606629658238704
44.5 0.0116 0.09284766908852593
45.5 0.0079 0.11250879009260237
46.5 0.0075 0.11547005383792514
47.5 0.0053 0.13736056394868904
48.5 0.0031000000000000003 0.17960530202677488
49.5 0.0029 0.18569533817705186
50.5 0.0021 0.2182178902359924
51.5 0.0016 0.25
52.5 0.0010999999999999998 0.3015113445777637
53.5 0.0009 0.3333333333333333
54.5 0.0007 0.3779644730092272
55.5 0.00039999999999999996 0.5000000000000001
56.5 0.0004 0.5
57.5 0.0002 0.7071067811865475
58.5 0.0002 0.7071067811865475
59.5 0.0002 0.7071067811865475
60.5 0.0001 1.0
61.5 0.0 inf
62.5 0.0 inf
63.5 0.0 inf
64.5 0.0 inf
65.5 0.0 inf
66.5 0.0 inf
67.5 0.0 inf
68.5 0.0 inf
69.5 0.0 inf
70.5 0.0 inf
71.5 0.0 inf
72.5 0.0 inf
73.5 0.0 inf
74.5 0.0 inf
75.5 0.0 inf
76.5 0.0 inf
77.5 0.0 inf
78.5 0.0 inf
79.5 0.0 inf
80.5 0.0 inf
81.5 0.0 inf
82.5 0.0 inf
83.5 0.0 inf
84.5 0.0 inf
85.5 0.0 inf
86.5 0.0 inf
87.5 0.0 inf
88.5 0.0 inf
89.5 0.0 inf
90.5 0.0 inf
91.5 0.0 inf
92.5 0.0 inf
93.5 0.0 inf
94.5 0.0 inf
95.5 0.0 inf
96.5 0.0 inf
97.5 0.0 inf
