0.5 38.467299999999994 0.001612330790605751
1.5 20.2873 0.0022201784060515875
2.5 20.5678 0.0022049872354209655
3.5 18.9545 0.0022969092337918463
4.5 16.6083 0.0024537900975064794
5.5 14.8731 0.0025929805016131993
6.5 13.0994 0.0027629580945517083
7.5 11.667100000000001 0.0029276458487846966
8.5 10.4052 0.0031000934382243634
9.5 9.0882 0.0033171190779251783
10.5 8.1548 0.0035018161626426242
11.5 7.1416 0.0037419866960934456
12.5 6.414 0.003948530728938076
13.5 5.6212 0.004217795131718055
14.5 4.922499999999999 0.0045072031960048334
15.5 4.3079 0.004818004411376494
16.5 3.8014 0.005128947041397411
17.5 3.2526 0.005544784491860962
18.5 2.798 0.005978278527550084
19.5 2.3743 0.006489813309252303
20.5 2.0549 0.006975970797866053
21.5 1.7492 0.007561017890402671
22.5 1.4745 0.008235265621967563
23.5 1.248 0.008951435925492912
24.5 1.0293 0.009856642695505057
25.5 0.8512 0.0108388746190515
26.5 0.7061999999999999 0.011899703582075611
27.5 0.5852999999999999 0.01307105788548448
28.5 0.4925 0.014249409997581928
29.5 0.4091 0.01563454548320448
30.5 0.3188 0.017710908674395363
31.5 0.2562 0.01975651949233999
32.5 0.2 0.022360679774997897
33.5 0.163 0.024768870230903496
34.5 0.1258 0.028194193721730047
35.5 0.1004 0.031559720154890156
36.5 0.0816 0.03500700210070024
37.5 0.0648 0.039283710065919304
38.5 0.048100000000000004 0.04559607525875532
39.5 0.0417 0.048970210687439175
40.5 0.0298 0.057928444636349226
41.5 0.023899999999999998 0.0646846227353151
42.5 0.0201 0.07053456158585983
43.5 0.0138 0.08512565307587486
44.5 0.0095 0.10259783520851541
45.5 0.0076 0.11470786693528087
46.5 0.0052 0.1386750490563073
47.5 0.0046 0.14744195615489714
48.5 0.0031999999999999997 0.1767766952966369
49.5 0.0024000000000000002 0.20412414523193148
50.5 0.002 0.22360679774997896
51.5 0.0007999999999999999 0.3535533905932738
52.5 0.0007 0.3779644730092272
53.5 0.0005 0.4472135954999579
54.5 0.0002 0.7071067811865475
55.5 0.00039999999999999996 0.5000000000000001
56.5 0.0001 1.0
57.5 0.0 inf
58.5 0.0002 0.7071067811865475
59.5 0.0002 0.7071067811865475
60.5 0.0 inf
61.5 0.0 inf
62.5 0.0 inf
63.5 0.0001 1.0
64.5 0.0 inf
65.5 0.0 inf
66.5 0.0 inf
67.5 0.0 inf
68.5 0.0 inf
69.5 0.0 inf
70.5 0.0 inf
71.5 0.0 inf
72.5 0.0 inf
73.5 0.0 inf
74.5 0.0 inf
75.5 0.0 inf
76.5 0.0 inf
77.5 0.0 inf
78.5 0.0 inf
79.5 0.0 inf
80.5 0.0 inf
81.5 0.0 inf
82.5 0.0 inf
83.5 0.0 inf
84.5 0.0 inf
85.5 0.0 inf
86.5 0.0 inf
87.5 0.0 inf
88.5 0.0 inf
89.5 0.0 inf
90.5 0.0 inf
91.5 0.0 inf
92.5 0.0 inf
93.5 0.0 inf
94.5 0.0 inf
95.5 0.0 inf
96.5 0.0 inf
97.5 0.0 inf
