0.5 1185.0 0.029049644688706338
1.5 528.0 0.04351941398892446
2.5 425.0 0.048507125007266595
3.5 318.0 0.056077215409204434
4.5 276.0 0.0601929265428846
5.5 232.0 0.06565321642986127
6.5 169.0 0.07692307692307693
7.5 132.0 0.08703882797784893
8.5 110.0 0.09534625892455924
9.5 80.0 0.11180339887498948
10.5 59.0 0.13018891098082389
11.5 36.0 0.16666666666666666
12.5 43.0 0.15249857033260467
13.5 30.0 0.18257418583505536
14.5 23.0 0.20851441405707477
15.5 10.0 0.31622776601683794
16.5 12.0 0.2886751345948129
17.5 7.0 0.3779644730092272
18.5 4.0 0.5
19.5 2.0 0.7071067811865475
20.5 2.0 0.7071067811865475
21.5 1.0 1.0
22.5 0.0 inf
23.5 0.0 inf
24.5 0.0 inf
25.5 0.0 inf
26.5 0.0 inf
27.5 0.0 inf
28.5 0.0 inf
29.5 0.0 inf
30.5 0.0 inf
31.5 0.0 inf
32.5 0.0 inf
33.5 0.0 inf
34.5 0.0 inf
35.5 0.0 inf
36.5 0.0 inf
37.5 0.0 inf
38.5 0.0 inf
39.5 0.0 inf
40.5 0.0 inf
41.5 0.0 inf
42.5 0.0 inf
43.5 0.0 inf
44.5 0.0 inf
45.5 0.0 inf
46.5 0.0 inf
47.5 0.0 inf
48.5 0.0 inf
49.5 0.0 inf
50.5 0.0 inf
51.5 0.0 inf
52.5 0.0 inf
53.5 0.0 inf
54.5 0.0 inf
55.5 0.0 inf
56.5 0.0 inf
57.5 0.0 inf
58.5 0.0 inf
59.5 0.0 inf
60.5 0.0 inf
61.5 0.0 inf
62.5 0.0 inf
63.5 0.0 inf
64.5 0.0 inf
65.5 0.0 inf
66.5 0.0 inf
67.5 0.0 inf
68.5 0.0 inf
69.5 0.0 inf
70.5 0.0 inf
71.5 0.0 inf
72.5 0.0 inf
73.5 0.0 inf
74.5 0.0 inf
75.5 0.0 inf
76.5 0.0 inf
77.5 0.0 inf
78.5 0.0 inf
79.5 0.0 inf
80.5 0.0 inf
81.5 0.0 inf
82.5 0.0 inf
83.5 0.0 inf
84.5 0.0 inf
85.5 0.0 inf
86.5 0.0 inf
87.5 0.0 inf
88.5 0.0 inf
89.5 0.0 inf
90.5 0.0 inf
91.5 0.0 inf
92.5 0.0 inf
93.5 0.0 inf
94.5 0.0 inf
95.5 0.0 inf
96.5 0.0 inf
97.5 0.0 inf
