0.5 37148.0 0.005188386033104416
1.5 7215.0 0.011772856008638626
2.5 4389.0 0.015094447095057539
3.5 2623.0 0.019525441139613995
4.5 1544.0 0.025449329927964382
5.5 1035.0 0.03108349360801046
6.5 700.0 0.03779644730092272
7.5 453.0 0.046984098573493956
8.5 322.0 0.05572782125753528
9.5 249.0 0.06337242505244779
10.5 183.0 0.07392212709545729
11.5 128.0 0.08838834764831843
12.5 105.0 0.09759000729485333
13.5 72.0 0.11785113019775793
14.5 59.0 0.13018891098082389
15.5 43.0 0.15249857033260467
16.5 32.0 0.17677669529663687
17.5 18.0 0.23570226039551587
18.5 21.0 0.2182178902359924
19.5 13.0 0.2773500981126146
20.5 6.0 0.4082482904638631
21.5 5.0 0.4472135954999579
22.5 2.0 0.7071067811865475
23.5 1.0 1.0
24.5 0.0 inf
25.5 0.0 inf
26.5 0.0 inf
27.5 0.0 inf
28.5 0.0 inf
29.5 0.0 inf
30.5 0.0 inf
31.5 0.0 inf
32.5 0.0 inf
33.5 0.0 inf
34.5 0.0 inf
35.5 0.0 inf
36.5 0.0 inf
37.5 0.0 inf
38.5 0.0 inf
39.5 0.0 inf
40.5 0.0 inf
41.5 0.0 inf
42.5 0.0 inf
43.5 0.0 inf
44.5 0.0 inf
45.5 0.0 inf
46.5 0.0 inf
47.5 0.0 inf
48.5 0.0 inf
49.5 0.0 inf
50.5 0.0 inf
51.5 0.0 inf
52.5 0.0 inf
53.5 0.0 inf
54.5 0.0 inf
55.5 0.0 inf
56.5 0.0 inf
57.5 0.0 inf
58.5 0.0 inf
59.5 0.0 inf
60.5 0.0 inf
61.5 0.0 inf
62.5 0.0 inf
63.5 0.0 inf
64.5 0.0 inf
65.5 0.0 inf
66.5 0.0 inf
67.5 0.0 inf
68.5 0.0 inf
69.5 0.0 inf
70.5 0.0 inf
71.5 0.0 inf
72.5 0.0 inf
73.5 0.0 inf
74.5 0.0 inf
75.5 0.0 inf
76.5 0.0 inf
77.5 0.0 inf
78.5 0.0 inf
79.5 0.0 inf
80.5 0.0 inf
81.5 0.0 inf
82.5 0.0 inf
83.5 0.0 inf
84.5 0.0 inf
85.5 0.0 inf
86.5 0.0 inf
87.5 0.0 inf
88.5 0.0 inf
89.5 0.0 inf
90.5 0.0 inf
91.5 0.0 inf
92.5 0.0 inf
93.5 0.0 inf
94.5 0.0 inf
95.5 0.0 inf
96.5 0.0 inf
97.5 0.0 inf
