0.5 39.1723 0.0015977560255506207
1.5 20.7562 0.002194957302953469
2.5 21.0539 0.0021793838188216776
3.5 19.2776 0.00227757935583441
4.5 17.0218 0.002423802663028698
5.5 15.236 0.002561913829120591
6.5 13.4016 0.0027316287460954036
7.5 11.8869 0.0029004520851923523
8.5 10.6247 0.0030679032672707527
9.5 9.3188 0.0032758198068779617
10.5 8.4085 0.0034485834188945448
11.5 7.3264 0.0036944916293332975
12.5 6.5342 0.003912044518443628
13.5 5.7146 0.004183185096661943
14.5 5.0309 0.004458380777413854
15.5 4.375 0.004780914437337575
16.5 3.8402 0.005102970742665489
17.5 3.3465 0.0054664399963210205
18.5 2.8761 0.005896550318361239
19.5 2.4687 0.006364522724595211
20.5 2.1121999999999996 0.006880697749139113
21.5 1.8259 0.007400507544211669
22.5 1.5209 0.008108670818449541
23.5 1.266 0.008887572309026986
24.5 1.0758 0.009641269661416076
25.5 0.8675 0.010736562541900379
26.5 0.7363999999999999 0.011653143917938586
27.5 0.5907 0.013011174892528659
28.5 0.5144 0.013942784663329011
29.5 0.4032 0.0157485197087178
30.5 0.3256 0.01752499093081954
31.5 0.2576 0.019702760155977515
32.5 0.20729999999999998 0.02196343933976307
33.5 0.1663 0.024521886354905213
34.5 0.1245 0.028341010063256785
35.5 0.1048 0.03089010316076077
36.5 0.0818 0.034964180063753285
37.5 0.06470000000000001 0.03931405669853757
38.5 0.052000000000000005 0.043852900965351466
39.5 0.036 0.05270462766947299
40.5 0.0245 0.06388765649999399
41.5 0.0223 0.06696495301824251
42.5 0.0189 0.07273929674533079
43.5 0.0114 0.0936585811581694
44.5 0.0104 0.09805806756909202
45.5 0.0092 0.10425720702853739
46.5 0.0066 0.12309149097933272
47.5 0.0033 0.17407765595569785
48.5 0.004 0.15811388300841897
49.5 0.0021000000000000003 0.21821789023599233
50.5 0.0014 0.2672612419124244
51.5 0.0015 0.2581988897471611
52.5 0.0011 0.30151134457776363
53.5 0.0001 1.0
54.5 0.0005 0.4472135954999579
55.5 0.00030000000000000003 0.5773502691896257
56.5 0.00030000000000000003 0.5773502691896257
57.5 0.0001 1.0
58.5 0.0 inf
59.5 0.0 inf
60.5 0.0002 0.7071067811865475
61.5 0.0 inf
62.5 0.0001 1.0
63.5 0.0 inf
64.5 0.0 inf
65.5 0.0 inf
66.5 0.0 inf
67.5 0.0 inf
68.5 0.0001 1.0
69.5 0.0 inf
70.5 0.0 inf
71.5 0.0 inf
72.5 0.0 inf
73.5 0.0 inf
74.5 0.0 inf
75.5 0.0 inf
76.5 0.0 inf
77.5 0.0 inf
78.5 0.0 inf
79.5 0.0 inf
80.5 0.0 inf
81.5 0.0 inf
82.5 0.0 inf
83.5 0.0 inf
84.5 0.0 inf
85.5 0.0 inf
86.5 0.0 inf
87.5 0.0 inf
88.5 0.0 inf
89.5 0.0 inf
90.5 0.0 inf
91.5 0.0 inf
92.5 0.0 inf
93.5 0.0 inf
94.5 0.0 inf
95.5 0.0 inf
96.5 0.0 inf
97.5 0.0 inf
