0.5 53.348800000000004 0.0013691078875098866
1.5 28.8019 0.0018633285183019786
2.5 29.1134 0.0018533333310269632
3.5 26.7556 0.0019332706276434168
4.5 23.6459 0.0020564685668685795
5.5 21.1447 0.002174699407318128
6.5 18.456200000000003 0.0023277099130195526
7.5 16.4028 0.002469113222661794
8.5 14.6711 0.002610770286821391
9.5 12.7974 0.002795368890946221
10.5 11.4101 0.0029604332591385133
11.5 10.0251 0.003158316457111828
12.5 8.8935 0.003353232334378716
13.5 7.7933 0.003582113172399083
14.5 6.8278 0.003827010064548366
15.5 5.9272 0.0041074776511722125
16.5 5.1927 0.004388371477571406
17.5 4.4796 0.004724766844415014
18.5 3.8478 0.005097928673564039
19.5 3.2811 0.005520650662481853
20.5 2.8154 0.005959776135941497
21.5 2.4120999999999997 0.006438761605269588
22.5 2.0031 0.007065594096683903
23.5 1.6884000000000001 0.007695951608993503
24.5 1.4195 0.008393291405217138
25.5 1.1562999999999999 0.009299610029029978
26.5 0.9632000000000001 0.01018923932424028
27.5 0.758 0.011485909688484916
28.5 0.661 0.012299834568337576
29.5 0.5353 0.013667886959716307
30.5 0.4212 0.015408338784034142
31.5 0.34619999999999995 0.01699559870982744
32.5 0.2671 0.019349201886068965
33.5 0.21839999999999998 0.021398024625545645
34.5 0.16820000000000002 0.024382992454708534
35.5 0.14200000000000002 0.026537244621713762
36.5 0.1115 0.02994763741177399
37.5 0.0905 0.03324112476572668
38.5 0.0622 0.04009634698823127
39.5 0.0503 0.04458779620677098
40.5 0.038400000000000004 0.05103103630798287
41.5 0.0291 0.05862103817605492
42.5 0.0216 0.06804138174397717
43.5 0.0164 0.07808688094430304
44.5 0.0139 0.08481889296799709
45.5 0.0108 0.09622504486493763
46.5 0.0078 0.11322770341445956
47.5 0.0057 0.13245323570650439
48.5 0.004200000000000001 0.1543033499620919
49.5 0.004399999999999999 0.15075567228888184
50.5 0.0018 0.23570226039551587
51.5 0.001 0.31622776601683794
52.5 0.0013 0.2773500981126146
53.5 0.0007999999999999999 0.3535533905932738
54.5 0.0005 0.4472135954999579
55.5 0.0002 0.7071067811865475
56.5 0.0005 0.4472135954999579
57.5 0.0003 0.5773502691896258
58.5 0.0001 1.0
59.5 0.0002 0.7071067811865475
60.5 0.0 inf
61.5 0.0 inf
62.5 0.0 inf
63.5 0.0001 1.0
64.5 0.0 inf
65.5 0.0 inf
66.5 0.0001 1.0
67.5 0.0 inf
68.5 0.0 inf
69.5 0.0 inf
70.5 0.0 inf
71.5 0.0 inf
72.5 0.0 inf
73.5 0.0 inf
74.5 0.0 inf
75.5 0.0 inf
76.5 0.0 inf
77.5 0.0 inf
78.5 0.0 inf
79.5 0.0 inf
80.5 0.0 inf
81.5 0.0 inf
82.5 0.0 inf
83.5 0.0 inf
84.5 0.0 inf
85.5 0.0 inf
86.5 0.0 inf
87.5 0.0 inf
88.5 0.0 inf
89.5 0.0 inf
90.5 0.0 inf
91.5 0.0 inf
92.5 0.0 inf
93.5 0.0 inf
94.5 0.0 inf
95.5 0.0 inf
96.5 0.0 inf
97.5 0.0 inf
