0.5 87648.0 0.003377761604593526
1.5 10990.0 0.00953896277050255
2.5 6196.0 0.012704111461687815
3.5 3389.0 0.0171776684306024
4.5 1939.0 0.022709684225171733
5.5 1203.0 0.0288314965852446
6.5 761.0 0.03624997167972069
7.5 509.0 0.04432422071779363
8.5 426.0 0.04845015831115092
9.5 248.0 0.06350006350009525
10.5 194.0 0.07179581586177382
11.5 143.0 0.08362420100070908
12.5 130.0 0.08770580193070293
13.5 94.0 0.10314212462587934
14.5 75.0 0.11547005383792514
15.5 33.0 0.17407765595569785
16.5 30.0 0.18257418583505536
17.5 24.0 0.20412414523193154
18.5 16.0 0.25
19.5 10.0 0.31622776601683794
20.5 10.0 0.31622776601683794
21.5 3.0 0.5773502691896258
22.5 5.0 0.4472135954999579
23.5 6.0 0.4082482904638631
24.5 3.0 0.5773502691896258
25.5 0.0 inf
26.5 0.0 inf
27.5 0.0 inf
28.5 0.0 inf
29.5 0.0 inf
30.5 0.0 inf
31.5 0.0 inf
32.5 0.0 inf
33.5 0.0 inf
34.5 0.0 inf
35.5 0.0 inf
36.5 0.0 inf
37.5 0.0 inf
38.5 0.0 inf
39.5 0.0 inf
40.5 0.0 inf
41.5 0.0 inf
42.5 0.0 inf
43.5 0.0 inf
44.5 0.0 inf
45.5 0.0 inf
46.5 0.0 inf
47.5 0.0 inf
48.5 0.0 inf
49.5 0.0 inf
50.5 0.0 inf
51.5 0.0 inf
52.5 0.0 inf
53.5 0.0 inf
54.5 0.0 inf
55.5 0.0 inf
56.5 0.0 inf
57.5 0.0 inf
58.5 0.0 inf
59.5 0.0 inf
60.5 0.0 inf
61.5 0.0 inf
62.5 0.0 inf
63.5 0.0 inf
64.5 0.0 inf
65.5 0.0 inf
66.5 0.0 inf
67.5 0.0 inf
68.5 0.0 inf
69.5 0.0 inf
70.5 0.0 inf
71.5 0.0 inf
72.5 0.0 inf
73.5 0.0 inf
74.5 0.0 inf
75.5 0.0 inf
76.5 0.0 inf
77.5 0.0 inf
78.5 0.0 inf
79.5 0.0 inf
80.5 0.0 inf
81.5 0.0 inf
82.5 0.0 inf
83.5 0.0 inf
84.5 0.0 inf
85.5 0.0 inf
86.5 0.0 inf
87.5 0.0 inf
88.5 0.0 inf
89.5 0.0 inf
90.5 0.0 inf
91.5 0.0 inf
92.5 0.0 inf
93.5 0.0 inf
94.5 0.0 inf
95.5 0.0 inf
96.5 0.0 inf
97.5 0.0 inf
