0.5 40.0715 0.0015797275789318065
1.5 21.2238 0.0021706431285485844
2.5 21.5515 0.0021540771240839704
3.5 19.8041 0.0022471002326031886
4.5 17.4822 0.0023916738651175683
5.5 15.6872 0.002524801754037347
6.5 13.726099999999999 0.0026991462735867712
7.5 12.2243 0.0028601446657715805
8.5 10.9905 0.003016416270519644
9.5 9.5652 0.0032333518928264636
10.5 8.5911 0.0034117375301435456
11.5 7.5091 0.003649270497072653
12.5 6.665 0.003873467559917655
13.5 5.87 0.00412744171706498
14.5 5.1847 0.004391755804507471
15.5 4.5134 0.004707042154655501
16.5 3.95 0.005031546054266276
17.5 3.441 0.005390855162578571
18.5 2.9444 0.00582775915739754
19.5 2.5206 0.0062986580878666
20.5 2.1573 0.00680839475171389
21.5 1.8262999999999998 0.007399697062603259
22.5 1.5488 0.008035304331665313
23.5 1.3197999999999999 0.008704542257784912
24.5 1.0946 0.009558115585346659
25.5 0.8972 0.010557360888287666
26.5 0.7519 0.011532406908228411
27.5 0.6200000000000001 0.012700012700019048
28.5 0.5169999999999999 0.013907681247386885
29.5 0.4169 0.015487597464483503
30.5 0.33230000000000004 0.017347417443674195
31.5 0.2729 0.01914248132885156
32.5 0.2098 0.021832187779978623
33.5 0.17409999999999998 0.023966279201637068
34.5 0.12689999999999999 0.028071730702217298
35.5 0.1109 0.03002854067691021
36.5 0.0789 0.03560094272544522
37.5 0.06889999999999999 0.03809696588797297
38.5 0.058899999999999994 0.04120428217151646
39.5 0.0382 0.05116445100966508
40.5 0.032 0.05590169943749474
41.5 0.0238 0.06482037235521643
42.5 0.0169 0.07692307692307693
43.5 0.0152 0.08111071056538127
44.5 0.008799999999999999 0.10660035817780524
45.5 0.0075 0.11547005383792514
46.5 0.0065 0.12403473458920847
47.5 0.0043 0.15249857033260467
48.5 0.0031 0.1796053020267749
49.5 0.0025 0.2
50.5 0.0013 0.2773500981126146
51.5 0.0005 0.4472135954999579
52.5 0.0013 0.2773500981126146
53.5 0.0007 0.3779644730092272
54.5 0.0006000000000000001 0.40824829046386296
55.5 0.0002 0.7071067811865475
56.5 0.0003 0.5773502691896258
57.5 0.0001 1.0
58.5 0.00030000000000000003 0.5773502691896257
59.5 0.0001 1.0
60.5 0.0002 0.7071067811865475
61.5 0.0001 1.0
62.5 0.0 inf
63.5 0.0 inf
64.5 0.0 inf
65.5 0.0 inf
66.5 0.0 inf
67.5 0.0 inf
68.5 0.0 inf
69.5 0.0 inf
70.5 0.0 inf
71.5 0.0 inf
72.5 0.0 inf
73.5 0.0 inf
74.5 0.0 inf
75.5 0.0 inf
76.5 0.0 inf
77.5 0.0 inf
78.5 0.0 inf
79.5 0.0 inf
80.5 0.0 inf
81.5 0.0 inf
82.5 0.0 inf
83.5 0.0 inf
84.5 0.0 inf
85.5 0.0 inf
86.5 0.0 inf
87.5 0.0 inf
88.5 0.0 inf
89.5 0.0 inf
90.5 0.0 inf
91.5 0.0 inf
92.5 0.0 inf
93.5 0.0 inf
94.5 0.0 inf
95.5 0.0 inf
96.5 0.0 inf
97.5 0.0 inf
