0.5 38.4721 0.001612230205646698
1.5 20.3141 0.0022187134034475815
2.5 20.5496 0.0022059634560297175
3.5 18.931199999999997 0.0022983222854778816
4.5 16.6485 0.002450825807024778
5.5 14.9539 0.002585965722677437
6.5 13.1156 0.0027612512053813323
7.5 11.6739 0.0029267930535878143
8.5 10.3838 0.003103286289283487
9.5 9.1399 0.0033077241030984106
10.5 8.1718 0.0034981718084059026
11.5 7.1246 0.0037464484112669713
12.5 6.3835 0.003957952415921856
13.5 5.596 0.004227281286652593
14.5 4.9184 0.00450908141692554
15.5 4.2809 0.0048331743110891084
16.5 3.7702999999999998 0.005150057120887815
17.5 3.3 0.005504818825631803
18.5 2.8048 0.005971027214905398
19.5 2.3964999999999996 0.006459684148546095
20.5 2.0641 0.006960406967403714
21.5 1.7621 0.007533290661547753
22.5 1.4825 0.008213015623531817
23.5 1.2494999999999998 0.008946061301216422
24.5 1.044 0.00978700365857839
25.5 0.8488 0.010854187376325186
26.5 0.706 0.011901388973144479
27.5 0.5823 0.01310468556617919
28.5 0.4922 0.014253751903120991
29.5 0.3958 0.015895057564452583
30.5 0.3211 0.017647364143889368
31.5 0.2574 0.01971041319963609
32.5 0.2017 0.0222662484609674
33.5 0.1617 0.02486823656509969
34.5 0.1265 0.028116077855776665
35.5 0.1017 0.03135736227945324
36.5 0.077 0.036037498507822355
37.5 0.061 0.0404888165089458
38.5 0.0492 0.045083481733371615
39.5 0.035 0.05345224838248487
40.5 0.028900000000000002 0.058823529411764705
41.5 0.0231 0.0657951694959769
42.5 0.0172 0.07624928516630233
43.5 0.0133 0.086710996952412
44.5 0.012199999999999999 0.09053574604251854
45.5 0.0068000000000000005 0.12126781251816648
46.5 0.0059 0.13018891098082389
47.5 0.0036 0.16666666666666666
48.5 0.0040999999999999995 0.15617376188860607
49.5 0.0013 0.2773500981126146
50.5 0.0015999999999999999 0.25000000000000006
51.5 0.0010999999999999998 0.3015113445777637
52.5 0.0012000000000000001 0.28867513459481287
53.5 0.0007 0.3779644730092272
54.5 0.0001 1.0
55.5 0.0006 0.4082482904638631
56.5 0.0005 0.4472135954999579
57.5 0.0006000000000000001 0.40824829046386296
58.5 0.0001 1.0
59.5 0.0001 1.0
60.5 0.0 inf
61.5 0.0002 0.7071067811865475
62.5 0.0 inf
63.5 0.0 inf
64.5 0.0 inf
65.5 0.0 inf
66.5 0.0 inf
67.5 0.0 inf
68.5 0.0 inf
69.5 0.0 inf
70.5 0.0 inf
71.5 0.0 inf
72.5 0.0 inf
73.5 0.0 inf
74.5 0.0 inf
75.5 0.0 inf
76.5 0.0 inf
77.5 0.0 inf
78.5 0.0 inf
79.5 0.0 inf
80.5 0.0 inf
81.5 0.0 inf
82.5 0.0 inf
83.5 0.0 inf
84.5 0.0 inf
85.5 0.0 inf
86.5 0.0 inf
87.5 0.0 inf
88.5 0.0 inf
89.5 0.0 inf
90.5 0.0 inf
91.5 0.0 inf
92.5 0.0 inf
93.5 0.0 inf
94.5 0.0 inf
95.5 0.0 inf
96.5 0.0 inf
97.5 0.0 inf
