0.5 8013.0 0.01117126691752633
1.5 2498.0 0.020008004803202244
2.5 1905.0 0.02291144655411569
3.5 1287.0 0.027874733666903025
4.5 829.0 0.034731435582359395
5.5 629.0 0.039872611141445
6.5 435.0 0.04794633014853841
7.5 289.0 0.058823529411764705
8.5 254.0 0.06274558051381586
9.5 190.0 0.07254762501100116
10.5 126.0 0.0890870806374748
11.5 89.0 0.105999788000636
12.5 70.0 0.11952286093343936
13.5 51.0 0.14002800840280097
14.5 43.0 0.15249857033260467
15.5 29.0 0.18569533817705186
16.5 31.0 0.1796053020267749
17.5 14.0 0.2672612419124244
18.5 17.0 0.24253562503633297
19.5 11.0 0.30151134457776363
20.5 9.0 0.3333333333333333
21.5 4.0 0.5
22.5 0.0 inf
23.5 1.0 1.0
24.5 1.0 1.0
25.5 0.0 inf
26.5 0.0 inf
27.5 0.0 inf
28.5 0.0 inf
29.5 0.0 inf
30.5 0.0 inf
31.5 0.0 inf
32.5 0.0 inf
33.5 0.0 inf
34.5 0.0 inf
35.5 0.0 inf
36.5 0.0 inf
37.5 0.0 inf
38.5 0.0 inf
39.5 0.0 inf
40.5 0.0 inf
41.5 0.0 inf
42.5 0.0 inf
43.5 0.0 inf
44.5 0.0 inf
45.5 0.0 inf
46.5 0.0 inf
47.5 0.0 inf
48.5 0.0 inf
49.5 0.0 inf
50.5 0.0 inf
51.5 0.0 inf
52.5 0.0 inf
53.5 0.0 inf
54.5 0.0 inf
55.5 0.0 inf
56.5 0.0 inf
57.5 0.0 inf
58.5 0.0 inf
59.5 0.0 inf
60.5 0.0 inf
61.5 0.0 inf
62.5 0.0 inf
63.5 0.0 inf
64.5 0.0 inf
65.5 0.0 inf
66.5 0.0 inf
67.5 0.0 inf
68.5 0.0 inf
69.5 0.0 inf
70.5 0.0 inf
71.5 0.0 inf
72.5 0.0 inf
73.5 0.0 inf
74.5 0.0 inf
75.5 0.0 inf
76.5 0.0 inf
77.5 0.0 inf
78.5 0.0 inf
79.5 0.0 inf
80.5 0.0 inf
81.5 0.0 inf
82.5 0.0 inf
83.5 0.0 inf
84.5 0.0 inf
85.5 0.0 inf
86.5 0.0 inf
87.5 0.0 inf
88.5 0.0 inf
89.5 0.0 inf
90.5 0.0 inf
91.5 0.0 inf
92.5 0.0 inf
93.5 0.0 inf
94.5 0.0 inf
95.5 0.0 inf
96.5 0.0 inf
97.5 0.0 inf
