0.5 38.6429 0.001608663264847574
1.5 20.3645 0.002215966161214144
2.5 20.674 0.0021993165586038795
3.5 19.0131 0.0022933668668830417
4.5 16.6911 0.0024476962385189256
5.5 15.0024 0.0025817823631436028
6.5 13.1268 0.0027600729817106426
7.5 11.652999999999999 0.0029294165227309083
8.5 10.5529 0.003078322301154753
9.5 9.1755 0.0033013010515207573
10.5 8.2355 0.0034846167047492705
11.5 7.2118 0.0037237298219831494
12.5 6.4295 0.003943768371302074
13.5 5.6049 0.004223923711084923
14.5 4.8927 0.004520908385156116
15.5 4.2837 0.004831594473541525
16.5 3.7909 0.0051360451849055255
17.5 3.25 0.005547001962252291
18.5 2.8308 0.005943542965394406
19.5 2.4191 0.006429439133373716
20.5 2.0589 0.0069691910977388305
21.5 1.7591999999999999 0.007539497331327536
22.5 1.5015999999999998 0.00816061464147064
23.5 1.2673999999999999 0.008882662241475459
24.5 1.0521 0.009749256342902057
25.5 0.8597 0.010785158616741572
26.5 0.7255 0.011740356689194945
27.5 0.5668 0.013282660709046375
28.5 0.4841 0.014372504678206121
29.5 0.4096 0.015625
30.5 0.3246 0.01755196492081838
31.5 0.26849999999999996 0.019298691110661625
32.5 0.2005 0.022332781224177665
33.5 0.16720000000000002 0.02445579940222592
34.5 0.1248 0.02830692585361489
35.5 0.10930000000000001 0.030247530200945175
36.5 0.0794 0.0354886720493838
37.5 0.0639 0.03955938860646178
38.5 0.0509 0.04432422071779363
39.5 0.0382 0.05116445100966508
40.5 0.0303 0.0574484989621426
41.5 0.0223 0.06696495301824251
42.5 0.0172 0.07624928516630233
43.5 0.0135 0.08606629658238704
44.5 0.0116 0.09284766908852593
45.5 0.006 0.12909944487358055
46.5 0.006 0.12909944487358055
47.5 0.0044 0.15075567228888181
48.5 0.0021999999999999997 0.21320071635561047
49.5 0.0023 0.20851441405707477
50.5 0.0017000000000000001 0.24253562503633297
51.5 0.0017000000000000001 0.24253562503633297
52.5 0.0008 0.35355339059327373
53.5 0.0007999999999999999 0.3535533905932738
54.5 0.00030000000000000003 0.5773502691896257
55.5 0.00039999999999999996 0.5000000000000001
56.5 0.0002 0.7071067811865475
57.5 0.0 inf
58.5 0.00030000000000000003 0.5773502691896257
59.5 0.0001 1.0
60.5 0.0001 1.0
61.5 0.0 inf
62.5 0.0001 1.0
63.5 0.0 inf
64.5 0.0 inf
65.5 0.0 inf
66.5 0.0 inf
67.5 0.0 inf
68.5 0.0 inf
69.5 0.0 inf
70.5 0.0 inf
71.5 0.0 inf
72.5 0.0 inf
73.5 0.0 inf
74.5 0.0 inf
75.5 0.0 inf
76.5 0.0 inf
77.5 0.0 inf
78.5 0.0 inf
79.5 0.0 inf
80.5 0.0 inf
81.5 0.0 inf
82.5 0.0 inf
83.5 0.0 inf
84.5 0.0 inf
85.5 0.0 inf
86.5 0.0 inf
87.5 0.0 inf
88.5 0.0 inf
89.5 0.0 inf
90.5 0.0 inf
91.5 0.0 inf
92.5 0.0 inf
93.5 0.0 inf
94.5 0.0 inf
95.5 0.0 inf
96.5 0.0 inf
97.5 0.0 inf
