0.5 38.6006 0.0016095444405849868
1.5 20.4247 0.0022126980690250074
2.5 20.5991 0.0022033113773102077
3.5 19.0193 0.002292993035208182
4.5 16.6953 0.0024473883383664043
5.5 14.9827 0.0025834791335806848
6.5 13.1349 0.0027592218127288513
7.5 11.7042 0.0029230021366890356
8.5 10.4902 0.0030875081727414345
9.5 9.163699999999999 0.0033034258930081683
10.5 8.191600000000001 0.003493941517191294
11.5 7.196 0.003727815610695964
12.5 6.4008 0.003952600045427075
13.5 5.617900000000001 0.004219033733378992
14.5 4.9512 0.004494121040821268
15.5 4.303100000000001 0.004820690843894162
16.5 3.8025 0.005128205128205128
17.5 3.262 0.005536789614905936
18.5 2.8425000000000002 0.0059312982586059325
19.5 2.3971 0.006458875660570895
20.5 2.0499 0.006984473312780937
21.5 1.7782 0.007499109533611186
22.5 1.4875 0.008199200616907877
23.5 1.2465000000000002 0.008956820248340984
24.5 1.0402 0.009804864026843387
25.5 0.8671 0.010739038686430972
26.5 0.7131000000000001 0.011841992502339556
27.5 0.5839 0.013086718550955518
28.5 0.48419999999999996 0.014371020451974229
29.5 0.4062 0.015690256395005604
30.5 0.32220000000000004 0.01761721408605633
31.5 0.2589 0.019653231723767556
32.5 0.2029 0.02220030681036019
33.5 0.16210000000000002 0.024837535026770382
34.5 0.1235 0.02845551966122361
35.5 0.10120000000000001 0.03143473067309657
36.5 0.082 0.03492151478847891
37.5 0.0634 0.03971507353947688
38.5 0.0519 0.04389512813061471
39.5 0.0364 0.052414241836095915
40.5 0.030100000000000002 0.0576390417704235
41.5 0.0236 0.06509445549041194
42.5 0.0185 0.07352146220938077
43.5 0.0107 0.09667364890456635
44.5 0.0104 0.09805806756909202
45.5 0.0075 0.11547005383792514
46.5 0.0063 0.1259881576697424
47.5 0.005 0.1414213562373095
48.5 0.0031 0.1796053020267749
49.5 0.0024 0.20412414523193154
50.5 0.0021000000000000003 0.21821789023599233
51.5 0.001 0.31622776601683794
52.5 0.0010999999999999998 0.3015113445777637
53.5 0.0007 0.3779644730092272
54.5 0.00030000000000000003 0.5773502691896257
55.5 0.0001 1.0
56.5 0.0004 0.5
57.5 0.00039999999999999996 0.5000000000000001
58.5 0.0002 0.7071067811865475
59.5 0.0001 1.0
60.5 0.0002 0.7071067811865475
61.5 0.0 inf
62.5 0.0001 1.0
63.5 0.0 inf
64.5 0.0001 1.0
65.5 0.0 inf
66.5 0.0 inf
67.5 0.0 inf
68.5 0.0 inf
69.5 0.0 inf
70.5 0.0 inf
71.5 0.0 inf
72.5 0.0 inf
73.5 0.0 inf
74.5 0.0 inf
75.5 0.0 inf
76.5 0.0 inf
77.5 0.0 inf
78.5 0.0 inf
79.5 0.0 inf
80.5 0.0 inf
81.5 0.0 inf
82.5 0.0 inf
83.5 0.0 inf
84.5 0.0 inf
85.5 0.0 inf
86.5 0.0 inf
87.5 0.0 inf
88.5 0.0 inf
89.5 0.0 inf
90.5 0.0 inf
91.5 0.0 inf
92.5 0.0 inf
93.5 0.0 inf
94.5 0.0 inf
95.5 0.0 inf
96.5 0.0 inf
97.5 0.0 inf
