0.5 39.017700000000005 0.0016009182939552631
1.5 20.64 0.0022011272658140593
2.5 20.8843 0.002188215240163323
3.5 19.227 0.0022805743574376963
4.5 16.8492 0.0024361855186541114
5.5 15.238800000000001 0.0025616784533605986
6.5 13.3553 0.0027363596389069567
7.5 11.9153 0.002896993423576009
8.5 10.6153 0.0030692613028117967
9.5 9.229399999999998 0.003291647082567718
10.5 8.3672 0.0034570839432902347
11.5 7.2456 0.0037150342553742884
12.5 6.487299999999999 0.003926160134557149
13.5 5.6935 0.004190929329509863
14.5 4.9964 0.004473746793848567
15.5 4.356999999999999 0.004790779913823481
16.5 3.8487999999999998 0.005097266355457859
17.5 3.3281 0.00548153026656602
18.5 2.8692 0.0059036362247984545
19.5 2.4594 0.006376544805470774
20.5 2.1066000000000003 0.006889837199893255
21.5 1.7824 0.007490268971399747
22.5 1.4938 0.008181892562997761
23.5 1.2428 0.00897014323100855
24.5 1.0703 0.00966600993730128
25.5 0.8714999999999999 0.010711894933108056
26.5 0.7222 0.01176714914274736
27.5 0.5868 0.013054340833132621
28.5 0.5091 0.014015172629623431
29.5 0.4175 0.015476464650682737
30.5 0.3144 0.01783440937516054
31.5 0.2633 0.019488327551336875
32.5 0.2039 0.022145800696175846
33.5 0.1578 0.025173668017796205
34.5 0.1269 0.028071730702217294
35.5 0.1079 0.03044312827739915
36.5 0.0754 0.03641785203646149
37.5 0.0673 0.03854716722458499
38.5 0.0524 0.0436852028330519
39.5 0.0373 0.05177803730784977
40.5 0.0301 0.0576390417704235
41.5 0.023 0.0659380473395787
42.5 0.0206 0.06967330142916177
43.5 0.0121 0.09090909090909091
44.5 0.0103 0.09853292781642932
45.5 0.0068 0.12126781251816648
46.5 0.0049 0.14285714285714285
47.5 0.0052 0.1386750490563073
48.5 0.0028 0.1889822365046136
49.5 0.0017000000000000001 0.24253562503633297
50.5 0.0018 0.23570226039551587
51.5 0.0014 0.2672612419124244
52.5 0.0004 0.5
53.5 0.0004 0.5
54.5 0.00030000000000000003 0.5773502691896257
55.5 0.0 inf
56.5 0.00039999999999999996 0.5000000000000001
57.5 0.0002 0.7071067811865475
58.5 0.0002 0.7071067811865475
59.5 0.0 inf
60.5 0.0 inf
61.5 0.0001 1.0
62.5 0.0 inf
63.5 0.0001 1.0
64.5 0.0 inf
65.5 0.0 inf
66.5 0.0 inf
67.5 0.0 inf
68.5 0.0 inf
69.5 0.0 inf
70.5 0.0 inf
71.5 0.0 inf
72.5 0.0 inf
73.5 0.0 inf
74.5 0.0 inf
75.5 0.0 inf
76.5 0.0 inf
77.5 0.0 inf
78.5 0.0 inf
79.5 0.0 inf
80.5 0.0 inf
81.5 0.0 inf
82.5 0.0 inf
83.5 0.0 inf
84.5 0.0 inf
85.5 0.0 inf
86.5 0.0 inf
87.5 0.0 inf
88.5 0.0 inf
89.5 0.0 inf
90.5 0.0 inf
91.5 0.0 inf
92.5 0.0 inf
93.5 0.0 inf
94.5 0.0 inf
95.5 0.0 inf
96.5 0.0 inf
97.5 0.0 inf
