0.5 38.4718 0.0016122364916551352
1.5 20.3333 0.002217665630623177
2.5 20.6185 0.002202274582684157
3.5 18.8322 0.002304355453559692
4.5 16.6264 0.0024524540988884757
5.5 14.932400000000001 0.0025878267183824044
6.5 13.109200000000001 0.0027619251538809507
7.5 11.6872 0.0029251272384893945
8.5 10.4056 0.0031000338525545056
9.5 9.1054 0.0033139845963305087
10.5 8.1539 0.0035020094166428248
11.5 7.163600000000001 0.0037362363045123307
12.5 6.420299999999999 0.003946592980780115
13.5 5.5887 0.0042300412382385395
14.5 4.9224 0.004507248978349878
15.5 4.2888 0.00482872088866508
16.5 3.7706999999999997 0.005149783951783454
17.5 3.2562 0.005541718533931294
18.5 2.7934 0.005983198834197275
19.5 2.3932 0.006464136265842449
20.5 2.0779 0.00693725531702257
21.5 1.746 0.007567943486441664
22.5 1.4834 0.008210523768480556
23.5 1.253 0.0089335580647762
24.5 1.0676 0.009678225067882719
25.5 0.8609 0.010777639332571606
26.5 0.7118 0.011852801414720117
27.5 0.5754 0.01318302486514625
28.5 0.4959 0.014200477428076834
29.5 0.3991 0.015829206186005598
30.5 0.3201 0.01767490804100673
31.5 0.2541 0.019837990021453852
32.5 0.2029 0.02220030681036019
33.5 0.16160000000000002 0.024875929755249725
34.5 0.1274 0.02801659073402629
35.5 0.0996 0.031686212526223896
36.5 0.0835 0.03460642701029914
37.5 0.0621 0.040128617695256406
38.5 0.0457 0.0467780269724988
39.5 0.0358 0.05285164225816899
40.5 0.0275 0.060302268915552716
41.5 0.019799999999999998 0.07106690545187015
42.5 0.016399999999999998 0.07808688094430304
43.5 0.012799999999999999 0.08838834764831845
44.5 0.0103 0.09853292781642932
45.5 0.0069 0.1203858530857692
46.5 0.006 0.12909944487358055
47.5 0.0040999999999999995 0.15617376188860607
48.5 0.0039 0.16012815380508713
49.5 0.0024 0.20412414523193154
50.5 0.0014 0.2672612419124244
51.5 0.0011 0.30151134457776363
52.5 0.0004 0.5
53.5 0.0009 0.3333333333333333
54.5 0.0005 0.4472135954999579
55.5 0.00039999999999999996 0.5000000000000001
56.5 0.0001 1.0
57.5 0.0002 0.7071067811865475
58.5 0.0 inf
59.5 0.00030000000000000003 0.5773502691896257
60.5 0.0 inf
61.5 0.0001 1.0
62.5 0.0001 1.0
63.5 0.0001 1.0
64.5 0.0 inf
65.5 0.0 inf
66.5 0.0001 1.0
67.5 0.0 inf
68.5 0.0 inf
69.5 0.0 inf
70.5 0.0 inf
71.5 0.0 inf
72.5 0.0 inf
73.5 0.0 inf
74.5 0.0 inf
75.5 0.0 inf
76.5 0.0 inf
77.5 0.0 inf
78.5 0.0 inf
79.5 0.0 inf
80.5 0.0 inf
81.5 0.0 inf
82.5 0.0 inf
83.5 0.0 inf
84.5 0.0 inf
85.5 0.0 inf
86.5 0.0 inf
87.5 0.0 inf
88.5 0.0 inf
89.5 0.0 inf
90.5 0.0 inf
91.5 0.0 inf
92.5 0.0 inf
93.5 0.0 inf
94.5 0.0 inf
95.5 0.0 inf
96.5 0.0 inf
97.5 0.0 inf
