0.5 38.7761 0.0016058979238640588
1.5 20.4655 0.0022104913523384984
2.5 20.744799999999998 0.0021955603233853194
3.5 19.103 0.0022879641337892843
4.5 16.8304 0.002437545780586604
5.5 15.072199999999999 0.0025757972537481483
6.5 13.2057 0.002751815334995052
7.5 11.7334 0.0029193627469733243
8.5 10.5608 0.0030771707171939377
9.5 9.1808 0.003300348007041761
10.5 8.281199999999998 0.0034749884326515075
11.5 7.172599999999999 0.00373389150055906
12.5 6.4551 0.003935940392806745
13.5 5.6266 0.004215770679913835
14.5 4.9670000000000005 0.004486967460113969
15.5 4.3383 0.004801094005901658
16.5 3.8401 0.005103037185434187
17.5 3.3151 0.005492267524804779
18.5 2.7994000000000003 0.0059767834506365865
19.5 2.404 0.006449599814746858
20.5 2.1087000000000002 0.006886405639653406
21.5 1.7906 0.007473098557839113
22.5 1.4906000000000001 0.008190670242939773
23.5 1.2437 0.008966897034192258
24.5 1.0512 0.00975342893301088
25.5 0.8592 0.010788296300052578
26.5 0.7088 0.011877858453639497
27.5 0.5878 0.01304323169927373
28.5 0.4827 0.014393332249995233
29.5 0.4103 0.015611665648287395
30.5 0.31689999999999996 0.017763922934727134
31.5 0.26890000000000003 0.01928433196350193
32.5 0.2039 0.022145800696175846
33.5 0.1653 0.02459594839716409
34.5 0.1242 0.02837521769195829
35.5 0.101 0.03146583877637763
36.5 0.0812 0.03509312031717982
37.5 0.062200000000000005 0.04009634698823127
38.5 0.050699999999999995 0.04441155916843276
39.5 0.0385 0.050964719143762556
40.5 0.03 0.05773502691896257
41.5 0.022600000000000002 0.06651901052377392
42.5 0.0166 0.07761505257063328
43.5 0.0123 0.09016696346674323
44.5 0.009500000000000001 0.1025978352085154
45.5 0.0075 0.11547005383792514
46.5 0.0065 0.12403473458920847
47.5 0.0039 0.16012815380508713
48.5 0.0028 0.1889822365046136
49.5 0.0025 0.2
50.5 0.002 0.22360679774997896
51.5 0.0010999999999999998 0.3015113445777637
52.5 0.0007 0.3779644730092272
53.5 0.0007 0.3779644730092272
54.5 0.0005 0.4472135954999579
55.5 0.0006000000000000001 0.40824829046386296
56.5 0.0002 0.7071067811865475
57.5 0.00039999999999999996 0.5000000000000001
58.5 0.00030000000000000003 0.5773502691896257
59.5 0.0 inf
60.5 0.0 inf
61.5 0.0 inf
62.5 0.0 inf
63.5 0.0 inf
64.5 0.0 inf
65.5 0.0 inf
66.5 0.0 inf
67.5 0.0 inf
68.5 0.0 inf
69.5 0.0 inf
70.5 0.0 inf
71.5 0.0 inf
72.5 0.0 inf
73.5 0.0 inf
74.5 0.0 inf
75.5 0.0 inf
76.5 0.0 inf
77.5 0.0 inf
78.5 0.0 inf
79.5 0.0 inf
80.5 0.0 inf
81.5 0.0 inf
82.5 0.0 inf
83.5 0.0 inf
84.5 0.0 inf
85.5 0.0 inf
86.5 0.0 inf
87.5 0.0 inf
88.5 0.0 inf
89.5 0.0 inf
90.5 0.0 inf
91.5 0.0 inf
92.5 0.0 inf
93.5 0.0 inf
94.5 0.0 inf
95.5 0.0 inf
96.5 0.0 inf
97.5 0.0 inf
