0.5 38.4729 0.001612213443316987
1.5 20.309 0.002218991967829457
2.5 20.5322 0.002206897979254327
3.5 18.817300000000003 0.0023052675956349166
4.5 16.7052 0.0024466630332116495
5.5 14.9471 0.0025865538825010207
6.5 13.1205 0.0027607355468931786
7.5 11.6085 0.002935025961703527
8.5 10.4024 0.003100510634140308
9.5 9.084499999999998 0.0033177945191244364
10.5 8.1521 0.0035023960206482683
11.5 7.1457999999999995 0.003740886843441983
12.5 6.3867 0.0039569607430229884
13.5 5.5969999999999995 0.004226903631647895
14.5 4.9419 0.004498347722952191
15.5 4.2718 0.0048383195060944925
16.5 3.7533 0.005161707143233724
17.5 3.2742 0.00552646466923226
18.5 2.7842000000000002 0.005993076003898714
19.5 2.3997 0.0064553757172703015
20.5 2.0792 0.006935086251510555
21.5 1.7610999999999999 0.007535429160657326
22.5 1.4826 0.008212738638703872
23.5 1.2663000000000002 0.008886519466245463
24.5 1.0393 0.00980910845484535
25.5 0.843 0.010891462805350444
26.5 0.7091000000000001 0.011875345596140842
27.5 0.5842 0.013083357955509321
28.5 0.4951 0.014211945612807335
29.5 0.3986 0.01583913107643211
30.5 0.3143 0.017837246312961855
31.5 0.26039999999999996 0.019596545041740514
32.5 0.2087 0.021889647878295008
33.5 0.1615 0.024883630089671975
34.5 0.13369999999999999 0.027348549437220978
35.5 0.1026 0.031219527052723135
36.5 0.0799 0.03537745688386125
37.5 0.0686 0.038180177416060626
38.5 0.0469 0.04617570965396102
39.5 0.0406 0.04962916669854651
40.5 0.0282 0.05954913341754137
41.5 0.0238 0.06482037235521643
42.5 0.020499999999999997 0.06984302957695783
43.5 0.013000000000000001 0.08770580193070293
44.5 0.0086 0.10783277320343841
45.5 0.0060999999999999995 0.12803687993289598
46.5 0.0075 0.11547005383792514
47.5 0.0042 0.1543033499620919
48.5 0.003 0.18257418583505536
49.5 0.0021999999999999997 0.21320071635561047
50.5 0.0015999999999999999 0.25000000000000006
51.5 0.0013 0.2773500981126146
52.5 0.0005 0.4472135954999579
53.5 0.0007999999999999999 0.3535533905932738
54.5 0.00030000000000000003 0.5773502691896257
55.5 0.0002 0.7071067811865475
56.5 0.0002 0.7071067811865475
57.5 0.0001 1.0
58.5 0.0005 0.4472135954999579
59.5 0.00030000000000000003 0.5773502691896257
60.5 0.0 inf
61.5 0.0 inf
62.5 0.0 inf
63.5 0.0 inf
64.5 0.0 inf
65.5 0.0 inf
66.5 0.0 inf
67.5 0.0 inf
68.5 0.0 inf
69.5 0.0 inf
70.5 0.0 inf
71.5 0.0 inf
72.5 0.0 inf
73.5 0.0 inf
74.5 0.0 inf
75.5 0.0 inf
76.5 0.0 inf
77.5 0.0 inf
78.5 0.0 inf
79.5 0.0 inf
80.5 0.0 inf
81.5 0.0 inf
82.5 0.0 inf
83.5 0.0 inf
84.5 0.0 inf
85.5 0.0 inf
86.5 0.0 inf
87.5 0.0 inf
88.5 0.0 inf
89.5 0.0 inf
90.5 0.0 inf
91.5 0.0 inf
92.5 0.0 inf
93.5 0.0 inf
94.5 0.0 inf
95.5 0.0 inf
96.5 0.0 inf
97.5 0.0 inf
