0.5 38.5355 0.0016109034099417569
1.5 20.3157 0.0022186260323172786
2.5 20.7101 0.002197398896287727
3.5 18.9485 0.0022972728605857536
4.5 16.7404 0.0024440893832736524
5.5 14.954899999999999 0.0025858792624218175
6.5 13.165099999999999 0.0027560552457693024
7.5 11.6571 0.0029289013146597486
8.5 10.4271 0.003096836169562102
9.5 9.174299999999999 0.0033015169498305506
10.5 8.213000000000001 0.0034893865970705936
11.5 7.2036999999999995 0.0037258227560001615
12.5 6.384499999999999 0.003957642438052725
13.5 5.636900000000001 0.004211917294896393
14.5 4.925 0.0045060590905933295
15.5 4.2829999999999995 0.004831989287684903
16.5 3.8008 0.005129351857065813
17.5 3.2419000000000002 0.00555392732788065
18.5 2.7855 0.0059916773487134626
19.5 2.4004 0.006454434396555344
20.5 2.0451 0.006992665045035199
21.5 1.7748 0.007506289151850749
22.5 1.4876 0.008198925027420987
23.5 1.2583 0.008914723994723006
24.5 1.0577999999999999 0.009722953721952041
25.5 0.8487 0.01085482681709727
26.5 0.7291 0.01171133626299213
27.5 0.5824 0.013103560459023979
28.5 0.4888 0.014303239192265577
29.5 0.3921 0.015969877280748043
30.5 0.31710000000000005 0.017758320057144224
31.5 0.25 0.02
32.5 0.2074 0.02195814375455294
33.5 0.1627 0.024791695181436636
34.5 0.12890000000000001 0.027853100187767633
35.5 0.105 0.030860669992418384
36.5 0.0854 0.034219295541457743
37.5 0.06420000000000001 0.03946685189819291
38.5 0.047799999999999995 0.04573893537463483
39.5 0.0382 0.05116445100966508
40.5 0.027999999999999997 0.059761430466719695
41.5 0.0227 0.0663723311599972
42.5 0.018099999999999998 0.07432941462471664
43.5 0.0119 0.09166984970282112
44.5 0.0105 0.09759000729485333
45.5 0.0072 0.11785113019775793
46.5 0.0049 0.14285714285714285
47.5 0.0043 0.15249857033260467
48.5 0.003 0.18257418583505536
49.5 0.0026 0.19611613513818404
50.5 0.0007 0.3779644730092272
51.5 0.0013000000000000002 0.2773500981126145
52.5 0.0004 0.5
53.5 0.0003 0.5773502691896258
54.5 0.0001 1.0
55.5 0.0002 0.7071067811865475
56.5 0.0001 1.0
57.5 0.0001 1.0
58.5 0.0001 1.0
59.5 0.0001 1.0
60.5 0.0 inf
61.5 0.0 inf
62.5 0.0 inf
63.5 0.0 inf
64.5 0.0 inf
65.5 0.0001 1.0
66.5 0.0 inf
67.5 0.0 inf
68.5 0.0 inf
69.5 0.0 inf
70.5 0.0 inf
71.5 0.0 inf
72.5 0.0 inf
73.5 0.0 inf
74.5 0.0 inf
75.5 0.0 inf
76.5 0.0 inf
77.5 0.0 inf
78.5 0.0 inf
79.5 0.0 inf
80.5 0.0 inf
81.5 0.0 inf
82.5 0.0 inf
83.5 0.0 inf
84.5 0.0 inf
85.5 0.0 inf
86.5 0.0 inf
87.5 0.0 inf
88.5 0.0 inf
89.5 0.0 inf
90.5 0.0 inf
91.5 0.0 inf
92.5 0.0 inf
93.5 0.0 inf
94.5 0.0 inf
95.5 0.0 inf
96.5 0.0 inf
97.5 0.0 inf
