0.5 62.954800000000006 0.0012603337775570966
1.5 33.946799999999996 0.0017163291522587756
2.5 34.265 0.0017083412670546888
3.5 31.2165 0.0017898139795339601
4.5 27.306800000000003 0.0019136591895355553
5.5 24.423099999999998 0.0020234832146999136
6.5 21.2163 0.002171026757762483
7.5 18.6772 0.002313897491854348
8.5 16.6324 0.002452011707775757
9.5 14.4256 0.0026328920741945914
10.5 12.861 0.002788448519201046
11.5 11.156600000000001 0.0029938777918399172
12.5 9.899000000000001 0.0031783691585673514
13.5 8.6219 0.0034056382057742066
14.5 7.5301 0.003644178387743697
15.5 6.5223 0.003915611673808097
16.5 5.687799999999999 0.004193028762971935
17.5 4.9343 0.004501810654737532
18.5 4.1731 0.004895201847346139
19.5 3.5854999999999997 0.005281109064861042
20.5 3.0469 0.005728895489202693
21.5 2.6111 0.006188540644674523
22.5 2.1498999999999997 0.006820102003572385
23.5 1.8174000000000001 0.007417793484175383
24.5 1.5283 0.008089015981310748
25.5 1.2134 0.00907816359335905
26.5 1.0275 0.009865272473339801
27.5 0.8179000000000001 0.011057320448161777
28.5 0.706 0.011901388973144479
29.5 0.5537000000000001 0.013438869548337104
30.5 0.4498 0.014910433647938832
31.5 0.35619999999999996 0.01675533218571227
32.5 0.2923 0.018496331154174848
33.5 0.2271 0.020984152456968483
34.5 0.172 0.024112141108520606
35.5 0.1472 0.026064301757134346
36.5 0.10819999999999999 0.030400895015524083
37.5 0.0842 0.03446227583977888
38.5 0.07239999999999999 0.03716470731235832
39.5 0.0509 0.04432422071779363
40.5 0.0411 0.049326362366699
41.5 0.032 0.05590169943749474
42.5 0.0259 0.062136976600120006
43.5 0.017 0.07669649888473704
44.5 0.0135 0.08606629658238704
45.5 0.0098 0.10101525445522107
46.5 0.0078 0.11322770341445956
47.5 0.006 0.12909944487358055
48.5 0.0040999999999999995 0.15617376188860607
49.5 0.0039 0.16012815380508713
50.5 0.0023 0.20851441405707477
51.5 0.002 0.22360679774997896
52.5 0.0006 0.4082482904638631
53.5 0.0013 0.2773500981126146
54.5 0.0006000000000000001 0.40824829046386296
55.5 0.0005 0.4472135954999579
56.5 0.0001 1.0
57.5 0.0002 0.7071067811865475
58.5 0.0002 0.7071067811865475
59.5 0.0002 0.7071067811865475
60.5 0.0001 1.0
61.5 0.0 inf
62.5 0.0 inf
63.5 0.0 inf
64.5 0.0 inf
65.5 0.0 inf
66.5 0.0 inf
67.5 0.0 inf
68.5 0.0 inf
69.5 0.0 inf
70.5 0.0 inf
71.5 0.0 inf
72.5 0.0 inf
73.5 0.0 inf
74.5 0.0 inf
75.5 0.0 inf
76.5 0.0 inf
77.5 0.0 inf
78.5 0.0 inf
79.5 0.0 inf
80.5 0.0 inf
81.5 0.0 inf
82.5 0.0 inf
83.5 0.0 inf
84.5 0.0 inf
85.5 0.0 inf
86.5 0.0 inf
87.5 0.0 inf
88.5 0.0 inf
89.5 0.0 inf
90.5 0.0 inf
91.5 0.0 inf
92.5 0.0 inf
93.5 0.0 inf
94.5 0.0 inf
95.5 0.0 inf
96.5 0.0 inf
97.5 0.0 inf
