0.5 48.9208 0.0014297273489693645
1.5 26.340200000000003 0.0019484553848237182
2.5 26.663600000000002 0.0019366030309796206
3.5 24.396099999999997 0.002024602634172964
4.5 21.614800000000002 0.002150920651260513
5.5 19.3142 0.0022754203502074145
6.5 16.9707 0.0024274490424094496
7.5 14.9572 0.0025856804367404766
8.5 13.4413 0.0027275917163617053
9.5 11.701 0.002923401801991858
10.5 10.450199999999999 0.003093411522566226
11.5 9.1539 0.0033051937140323026
12.5 8.1603 0.003500635860737555
13.5 7.1251999999999995 0.0037462906671776137
14.5 6.2416 0.004002690712542218
15.5 5.4373000000000005 0.004288529009575456
16.5 4.7991 0.0045647826143084365
17.5 4.1231 0.004924793964781373
18.5 3.5223 0.005328277420703747
19.5 3.0384 0.005736903256845951
20.5 2.5813 0.006224160158763848
21.5 2.1985 0.006744298209245241
22.5 1.8534000000000002 0.007345399492802239
23.5 1.5415999999999999 0.008054046806003507
24.5 1.2934 0.008792929107444334
25.5 1.0662 0.009684577098520617
26.5 0.8883 0.010610116901320505
27.5 0.7171000000000001 0.011808918865619635
28.5 0.6175999999999999 0.012724664963982191
29.5 0.49319999999999997 0.01423929429527935
30.5 0.40080000000000005 0.015795600590164084
31.5 0.32020000000000004 0.01767214784609008
32.5 0.2401 0.02040816326530612
33.5 0.2069 0.021984660059051055
34.5 0.16010000000000002 0.024992191160203066
35.5 0.1282 0.027929038673897278
36.5 0.0944 0.03254722774520597
37.5 0.0763 0.03620243071279982
38.5 0.065 0.03922322702763681
39.5 0.044899999999999995 0.04719291781830088
40.5 0.0329 0.055131784641997125
41.5 0.0305 0.057259833431386825
42.5 0.0207 0.06950480468569159
43.5 0.0162 0.07856742013183861
44.5 0.0132 0.08703882797784893
45.5 0.0092 0.10425720702853739
46.5 0.0060999999999999995 0.12803687993289598
47.5 0.0059 0.13018891098082389
48.5 0.0033 0.17407765595569785
49.5 0.0038 0.16222142113076254
50.5 0.0025 0.2
51.5 0.0011 0.30151134457776363
52.5 0.0015999999999999999 0.25000000000000006
53.5 0.0007 0.3779644730092272
54.5 0.0004 0.5
55.5 0.0002 0.7071067811865475
56.5 0.0004 0.5
57.5 0.0002 0.7071067811865475
58.5 0.0002 0.7071067811865475
59.5 0.0 inf
60.5 0.0002 0.7071067811865475
61.5 0.0 inf
62.5 0.0 inf
63.5 0.0 inf
64.5 0.0001 1.0
65.5 0.0001 1.0
66.5 0.0 inf
67.5 0.0 inf
68.5 0.0 inf
69.5 0.0 inf
70.5 0.0 inf
71.5 0.0 inf
72.5 0.0001 1.0
73.5 0.0 inf
74.5 0.0 inf
75.5 0.0 inf
76.5 0.0 inf
77.5 0.0 inf
78.5 0.0 inf
79.5 0.0 inf
80.5 0.0 inf
81.5 0.0 inf
82.5 0.0 inf
83.5 0.0 inf
84.5 0.0 inf
85.5 0.0 inf
86.5 0.0 inf
87.5 0.0 inf
88.5 0.0 inf
89.5 0.0 inf
90.5 0.0 inf
91.5 0.0 inf
92.5 0.0 inf
93.5 0.0 inf
94.5 0.0 inf
95.5 0.0 inf
96.5 0.0 inf
97.5 0.0 inf
