0.5 38.6815 0.0016078604275655383
1.5 20.3848 0.0022148625124685673
2.5 20.7136 0.0021972132399786046
3.5 18.965400000000002 0.0022962490866563438
4.5 16.7723 0.002441764014701436
5.5 15.0374 0.0025787760248045274
6.5 13.161200000000001 0.0027564635603342384
7.5 11.764399999999998 0.0029155138493490557
8.5 10.4463 0.003093988912605402
9.5 9.0974 0.003315441388978988
10.5 8.208 0.003490449235764129
11.5 7.2188 0.0037219239518362836
12.5 6.4319 0.003943032513530433
13.5 5.6358 0.004212328317552711
14.5 5.010400000000001 0.004467492176646237
15.5 4.2943 0.004825627663461626
16.5 3.7821 0.005142016859045189
17.5 3.3052 0.005500486814625595
18.5 2.8004 0.005975716225041837
19.5 2.4135 0.006436893866745868
20.5 2.0712 0.00694846671205331
21.5 1.7484 0.007562747506779041
22.5 1.4876 0.008198925027420987
23.5 1.2788 0.008842980884095826
24.5 1.0545 0.009738155563505966
25.5 0.859 0.010789552140380451
26.5 0.7172000000000001 0.01180809557152266
27.5 0.5774999999999999 0.013159033899195382
28.5 0.4995 0.014149211999266963
29.5 0.3964 0.015883023449744897
30.5 0.3226 0.017606288680921175
31.5 0.2549 0.019806834933486603
32.5 0.1975 0.022501758018520477
33.5 0.1601 0.02499219116020307
34.5 0.12329999999999999 0.0284785885905587
35.5 0.11019999999999999 0.0301237616564389
36.5 0.0806 0.03522349768381734
37.5 0.061399999999999996 0.04035671561356309
38.5 0.0484 0.045454545454545456
39.5 0.0413 0.04920678313051229
40.5 0.0275 0.060302268915552716
41.5 0.0254 0.06274558051381586
42.5 0.0186 0.07332355751067665
43.5 0.0129 0.08804509063256238
44.5 0.0092 0.10425720702853739
45.5 0.0069 0.1203858530857692
46.5 0.006 0.12909944487358055
47.5 0.0037 0.1643989873053573
48.5 0.0031000000000000003 0.17960530202677488
49.5 0.0025 0.2
50.5 0.0009 0.3333333333333333
51.5 0.0018 0.23570226039551587
52.5 0.0011 0.30151134457776363
53.5 0.0009 0.3333333333333333
54.5 0.00030000000000000003 0.5773502691896257
55.5 0.0 inf
56.5 0.00030000000000000003 0.5773502691896257
57.5 0.0 inf
58.5 0.0 inf
59.5 0.0001 1.0
60.5 0.0 inf
61.5 0.0 inf
62.5 0.0 inf
63.5 0.0 inf
64.5 0.0 inf
65.5 0.0 inf
66.5 0.0 inf
67.5 0.0 inf
68.5 0.0 inf
69.5 0.0 inf
70.5 0.0 inf
71.5 0.0 inf
72.5 0.0 inf
73.5 0.0 inf
74.5 0.0 inf
75.5 0.0 inf
76.5 0.0 inf
77.5 0.0 inf
78.5 0.0 inf
79.5 0.0 inf
80.5 0.0 inf
81.5 0.0 inf
82.5 0.0 inf
83.5 0.0 inf
84.5 0.0 inf
85.5 0.0 inf
86.5 0.0 inf
87.5 0.0 inf
88.5 0.0 inf
89.5 0.0 inf
90.5 0.0 inf
91.5 0.0 inf
92.5 0.0 inf
93.5 0.0 inf
94.5 0.0 inf
95.5 0.0 inf
96.5 0.0 inf
97.5 0.0 inf
