0.5 38.4559 0.0016125697553551752
1.5 20.2777 0.0022207038894810713
2.5 20.5818 0.0022042371777828457
3.5 18.9334 0.002298188752781211
4.5 16.5818 0.002455750061998327
5.5 14.9478 0.0025864933181064097
6.5 13.1252 0.002760241207040336
7.5 11.6502 0.002929768528425458
8.5 10.3995 0.0031009429075229845
9.5 9.098700000000001 0.0033152045294402694
10.5 8.164200000000001 0.003499799642205561
11.5 7.1522 0.0037392127407794794
12.5 6.3966 0.003953897468749535
13.5 5.5995 0.004225959936779657
14.5 4.947900000000001 0.004495619467168135
15.5 4.2806 0.004833343671329464
16.5 3.735 0.005174336838042219
17.5 3.2657 0.005533652166962337
18.5 2.7798 0.005997817191741033
19.5 2.3868 0.006472796978171811
20.5 2.0522 0.006980558296664059
21.5 1.7688000000000001 0.007519009528967118
22.5 1.4947 0.008179428920757632
23.5 1.2398 0.008980989403884693
24.5 1.0558999999999998 0.009731697594064281
25.5 0.8551 0.010814129022001837
26.5 0.7114 0.011856133193117539
27.5 0.5781000000000001 0.013152203359467467
28.5 0.5044 0.01408031792590381
29.5 0.4 0.015811388300841896
30.5 0.317 0.0177611208331347
31.5 0.2512 0.019952172111690553
32.5 0.2105 0.021795857001338646
33.5 0.1629 0.024776471541572212
34.5 0.12639999999999998 0.0281271975231506
35.5 0.1026 0.031219527052723135
36.5 0.07730000000000001 0.03596750006328032
37.5 0.0606 0.04062222318511938
38.5 0.0484 0.045454545454545456
39.5 0.0398 0.05012547071170855
40.5 0.0272 0.06063390625908324
41.5 0.0203 0.07018624063435965
42.5 0.0159 0.07930515857181442
43.5 0.0101 0.09950371902099892
44.5 0.0097 0.10153461651336192
45.5 0.0066 0.12309149097933272
46.5 0.0054 0.13608276348795434
47.5 0.004 0.15811388300841897
48.5 0.0027 0.19245008972987526
49.5 0.0027 0.19245008972987526
50.5 0.0013 0.2773500981126146
51.5 0.0010999999999999998 0.3015113445777637
52.5 0.00039999999999999996 0.5000000000000001
53.5 0.0004 0.5
54.5 0.0002 0.7071067811865475
55.5 0.0005 0.4472135954999579
56.5 0.0004 0.5
57.5 0.0003 0.5773502691896258
58.5 0.0001 1.0
59.5 0.0002 0.7071067811865475
60.5 0.0 inf
61.5 0.0001 1.0
62.5 0.0 inf
63.5 0.0 inf
64.5 0.0001 1.0
65.5 0.0 inf
66.5 0.0 inf
67.5 0.0 inf
68.5 0.0 inf
69.5 0.0 inf
70.5 0.0 inf
71.5 0.0 inf
72.5 0.0 inf
73.5 0.0 inf
74.5 0.0 inf
75.5 0.0 inf
76.5 0.0 inf
77.5 0.0 inf
78.5 0.0 inf
79.5 0.0 inf
80.5 0.0 inf
81.5 0.0 inf
82.5 0.0 inf
83.5 0.0 inf
84.5 0.0 inf
85.5 0.0 inf
86.5 0.0 inf
87.5 0.0 inf
88.5 0.0 inf
89.5 0.0 inf
90.5 0.0 inf
91.5 0.0 inf
92.5 0.0 inf
93.5 0.0 inf
94.5 0.0 inf
95.5 0.0 inf
96.5 0.0 inf
97.5 0.0 inf
