0.5 40.737300000000005 0.0015667650652139303
1.5 21.5343 0.002154937210812231
2.5 21.7825 0.0021426248555598882
3.5 20.0051 0.0022357829333461946
4.5 17.5766 0.002385242644769338
5.5 15.725100000000001 0.0025217573310098956
6.5 13.7173 0.002700011920578944
7.5 12.2925 0.002852199448160782
8.5 10.9039 0.0030283709397467737
9.5 9.5484 0.003236195114687295
10.5 8.55 0.0034199278402838474
11.5 7.4287 0.0036689651780039013
12.5 6.6119 0.003888990316039216
13.5 5.8511 0.004134102494940063
14.5 5.0717 0.004440411531544543
15.5 4.4413 0.004745095364741313
16.5 3.9031 0.00506168553948462
17.5 3.3793 0.005439846259061601
18.5 2.8928000000000003 0.005879505427397483
19.5 2.4914 0.006335461702032777
20.5 2.1531000000000002 0.006815032001846847
21.5 1.8207 0.007411068098220142
22.5 1.5236999999999998 0.008101217015727894
23.5 1.277 0.008849211017394925
24.5 1.0674000000000001 0.009679131735650682
25.5 0.862 0.010770760453304095
26.5 0.7334 0.011676953403875997
27.5 0.6033999999999999 0.012873521038076536
28.5 0.5053 0.014067772968571469
29.5 0.4084 0.015647938598110145
30.5 0.32689999999999997 0.01749010995279634
31.5 0.267 0.01935282499290459
32.5 0.20929999999999999 0.02185824984939871
33.5 0.1674 0.024441185836892216
34.5 0.1319 0.02753452584887775
35.5 0.1079 0.03044312827739915
36.5 0.0797 0.03542181734879073
37.5 0.06420000000000001 0.03946685189819291
38.5 0.0535 0.043233770116711694
39.5 0.0398 0.05012547071170855
40.5 0.0317 0.05616559563017304
41.5 0.0248 0.06350006350009525
42.5 0.018099999999999998 0.07432941462471664
43.5 0.0136 0.08574929257125441
44.5 0.0087 0.10721125348377948
45.5 0.0071 0.11867816581938533
46.5 0.0056 0.1336306209562122
47.5 0.0052 0.1386750490563073
48.5 0.003 0.18257418583505536
49.5 0.0024999999999999996 0.2
50.5 0.0015 0.2581988897471611
51.5 0.0015 0.2581988897471611
52.5 0.0007 0.3779644730092272
53.5 0.00039999999999999996 0.5000000000000001
54.5 0.0006000000000000001 0.40824829046386296
55.5 0.0005 0.4472135954999579
56.5 0.0006000000000000001 0.40824829046386296
57.5 0.00030000000000000003 0.5773502691896257
58.5 0.0002 0.7071067811865475
59.5 0.0 inf
60.5 0.0001 1.0
61.5 0.0 inf
62.5 0.0001 1.0
63.5 0.0002 0.7071067811865475
64.5 0.0 inf
65.5 0.0 inf
66.5 0.0 inf
67.5 0.0 inf
68.5 0.0 inf
69.5 0.0 inf
70.5 0.0 inf
71.5 0.0 inf
72.5 0.0 inf
73.5 0.0 inf
74.5 0.0 inf
75.5 0.0 inf
76.5 0.0 inf
77.5 0.0 inf
78.5 0.0 inf
79.5 0.0 inf
80.5 0.0 inf
81.5 0.0 inf
82.5 0.0 inf
83.5 0.0 inf
84.5 0.0 inf
85.5 0.0 inf
86.5 0.0 inf
87.5 0.0 inf
88.5 0.0 inf
89.5 0.0 inf
90.5 0.0 inf
91.5 0.0 inf
92.5 0.0 inf
93.5 0.0 inf
94.5 0.0 inf
95.5 0.0 inf
96.5 0.0 inf
97.5 0.0 inf
