0.5 43.6533 0.0015135314858392358
1.5 22.946800000000003 0.002087559846632114
2.5 23.0141 0.0020845052922787754
3.5 20.9809 0.0021831719516469364
4.5 18.3187 0.0023364294663843414
5.5 16.3365 0.0024741184701356804
6.5 14.3307 0.0026415953883042608
7.5 12.599 0.0028172926486406714
8.5 11.2948 0.002975505294861336
9.5 9.648399999999999 0.003219380802634794
10.5 8.7881 0.0033732808817721104
11.5 7.5944 0.0036287183931613056
12.5 6.8045 0.003833556697762051
13.5 5.9169 0.004111051196783041
14.5 5.2253 0.004374660806052224
15.5 4.517 0.004705166050004378
16.5 3.9576 0.005026712553389208
17.5 3.466 0.005371378058788338
18.5 2.9169 0.005855166235725716
19.5 2.5174000000000003 0.006302660094838792
20.5 2.1288 0.006853818023239188
21.5 1.8256999999999999 0.007400912884896306
22.5 1.5478999999999998 0.008037639987394415
23.5 1.279 0.008842289459028575
24.5 1.1021999999999998 0.00952510554470738
25.5 0.8901 0.01059938334581489
26.5 0.7573000000000001 0.011491216884901288
27.5 0.5884 0.01303657981697152
28.5 0.5116 0.0139808872105142
29.5 0.40559999999999996 0.015701857325533194
30.5 0.3375 0.01721325931647741
31.5 0.2622 0.019529164171612677
32.5 0.20879999999999999 0.021884405476620426
33.5 0.16970000000000002 0.024274991071356486
34.5 0.13069999999999998 0.027660638840895518
35.5 0.11030000000000001 0.03011010318298389
36.5 0.082 0.03492151478847891
37.5 0.06770000000000001 0.03843312210120439
38.5 0.048100000000000004 0.04559607525875532
39.5 0.0352 0.053300179088902604
40.5 0.0315 0.0563436169819011
41.5 0.0208 0.06933752452815364
42.5 0.0189 0.07273929674533079
43.5 0.0124 0.08980265101338746
44.5 0.0117 0.09245003270420485
45.5 0.0081 0.1111111111111111
46.5 0.006699999999999999 0.12216944435630522
47.5 0.0044 0.15075567228888181
48.5 0.0021 0.2182178902359924
49.5 0.0018 0.23570226039551587
50.5 0.0007 0.3779644730092272
51.5 0.0015 0.2581988897471611
52.5 0.0007 0.3779644730092272
53.5 0.00030000000000000003 0.5773502691896257
54.5 0.0006 0.4082482904638631
55.5 0.0004 0.5
56.5 0.0002 0.7071067811865475
57.5 0.00030000000000000003 0.5773502691896257
58.5 0.0 inf
59.5 0.0001 1.0
60.5 0.0 inf
61.5 0.0 inf
62.5 0.0001 1.0
63.5 0.0001 1.0
64.5 0.0 inf
65.5 0.0 inf
66.5 0.0 inf
67.5 0.0 inf
68.5 0.0001 1.0
69.5 0.0 inf
70.5 0.0 inf
71.5 0.0 inf
72.5 0.0 inf
73.5 0.0 inf
74.5 0.0 inf
75.5 0.0 inf
76.5 0.0 inf
77.5 0.0 inf
78.5 0.0 inf
79.5 0.0 inf
80.5 0.0 inf
81.5 0.0 inf
82.5 0.0 inf
83.5 0.0 inf
84.5 0.0 inf
85.5 0.0 inf
86.5 0.0 inf
87.5 0.0 inf
88.5 0.0 inf
89.5 0.0 inf
90.5 0.0 inf
91.5 0.0 inf
92.5 0.0 inf
93.5 0.0 inf
94.5 0.0 inf
95.5 0.0 inf
96.5 0.0 inf
97.5 0.0 inf
