0.5 38.449 0.001612714443541605
1.5 20.2864 0.0022202276542770977
2.5 20.573 0.0022047085532102104
3.5 18.874200000000002 0.002301790130769026
4.5 16.6055 0.002453996966395365
5.5 15.0059 0.0025814812560710806
6.5 13.093599999999999 0.0027635699729769477
7.5 11.631599999999999 0.002932110077606997
8.5 10.4235 0.003097370905867958
9.5 9.082999999999998 0.0033180684642047163
10.5 8.1924 0.00349377091874305
11.5 7.1063 0.0037512691987430283
12.5 6.412 0.003949146484221186
13.5 5.5832 0.004232124228279888
14.5 4.9262 0.00450551022937723
15.5 4.2951 0.00482517823482078
16.5 3.7601 0.00515703765412155
17.5 3.2721999999999998 0.005528153325326069
18.5 2.7792 0.0059984645895724545
19.5 2.3986 0.006456855767998727
20.5 2.0549999999999997 0.006975801064151559
21.5 1.7555 0.0075474385038395335
22.5 1.4844 0.008207757699012682
23.5 1.2337 0.00900316516893312
24.5 1.0386 0.00981241349015773
25.5 0.8442 0.010883719140805654
26.5 0.7136 0.01183784309525946
27.5 0.5883 0.013037687757297063
28.5 0.4964 0.01419332389509149
29.5 0.4002 0.01580743693546698
30.5 0.3244 0.01755737468051559
31.5 0.2605 0.019592783347677303
32.5 0.2027 0.02221125640747988
33.5 0.1644 0.0246631811833495
34.5 0.11909999999999998 0.028976379389987237
35.5 0.10400000000000001 0.031008683647302117
36.5 0.0795 0.03546634510659543
37.5 0.0615 0.04032389192727559
38.5 0.0475 0.04588314677411235
39.5 0.0372 0.05184758473652126
40.5 0.0278 0.05997601439040672
41.5 0.0205 0.06984302957695782
42.5 0.0183 0.07392212709545729
43.5 0.0121 0.09090909090909091
44.5 0.0102 0.09901475429766741
45.5 0.0063 0.1259881576697424
46.5 0.0048000000000000004 0.14433756729740643
47.5 0.0049 0.14285714285714285
48.5 0.0034000000000000002 0.17149858514250882
49.5 0.0037 0.1643989873053573
50.5 0.0015 0.2581988897471611
51.5 0.0014 0.2672612419124244
52.5 0.0012000000000000001 0.28867513459481287
53.5 0.00039999999999999996 0.5000000000000001
54.5 0.00030000000000000003 0.5773502691896257
55.5 0.00030000000000000003 0.5773502691896257
56.5 0.0003 0.5773502691896258
57.5 0.0001 1.0
58.5 0.00030000000000000003 0.5773502691896257
59.5 0.0002 0.7071067811865475
60.5 0.0001 1.0
61.5 0.0 inf
62.5 0.0 inf
63.5 0.0 inf
64.5 0.0 inf
65.5 0.0 inf
66.5 0.0 inf
67.5 0.0 inf
68.5 0.0 inf
69.5 0.0 inf
70.5 0.0 inf
71.5 0.0 inf
72.5 0.0 inf
73.5 0.0 inf
74.5 0.0 inf
75.5 0.0 inf
76.5 0.0 inf
77.5 0.0 inf
78.5 0.0 inf
79.5 0.0 inf
80.5 0.0 inf
81.5 0.0 inf
82.5 0.0 inf
83.5 0.0 inf
84.5 0.0 inf
85.5 0.0 inf
86.5 0.0 inf
87.5 0.0 inf
88.5 0.0 inf
89.5 0.0 inf
90.5 0.0 inf
91.5 0.0 inf
92.5 0.0 inf
93.5 0.0 inf
94.5 0.0 inf
95.5 0.0 inf
96.5 0.0 inf
97.5 0.0 inf
