0.5 38.4518 0.0016126557247995743
1.5 20.3042 0.002219254241940845
2.5 20.6065 0.002202915726223595
3.5 18.8571 0.002302833549216984
4.5 16.645400000000002 0.0024510540144063006
5.5 14.9607 0.0025853779638987306
6.5 13.068999999999999 0.0027661697074491593
7.5 11.647300000000001 0.0029301332395574027
8.5 10.4201 0.0030978761890307215
9.5 9.126000000000001 0.0033102421762456554
10.5 8.1623 0.0035002069558545783
11.5 7.1328 0.003744294298479946
12.5 6.3919999999999995 0.0039553199231690825
13.5 5.5748 0.004235311469270075
14.5 4.9454 0.004496755637006275
15.5 4.264200000000001 0.004842629207641205
16.5 3.7813 0.0051425607719763995
17.5 3.3018 0.005503318125301595
18.5 2.7741 0.006003975948552811
19.5 2.3956 0.006460897449973569
20.5 2.0572 0.006972070054150107
21.5 1.7778 0.007499953125439449
22.5 1.4652 0.008261359951610162
23.5 1.2263000000000002 0.009030288717845752
24.5 1.0495999999999999 0.00976086011803788
25.5 0.8573999999999999 0.010799614676622386
26.5 0.7092 0.011874508331318274
27.5 0.5776 0.013157894736842105
28.5 0.479 0.014448815426303364
29.5 0.3992 0.01582722344582296
30.5 0.3126 0.017885682339724072
31.5 0.26180000000000003 0.019544077624852607
32.5 0.2081 0.021921181601070722
33.5 0.159 0.02507849312877596
34.5 0.12459999999999999 0.02832963498350368
35.5 0.101 0.03146583877637763
36.5 0.0789 0.03560094272544522
37.5 0.0701 0.0377694787300249
38.5 0.0506 0.044455422447438706
39.5 0.038 0.051298917604257706
40.5 0.0279 0.05986843400892496
41.5 0.0232 0.06565321642986129
42.5 0.0183 0.07392212709545729
43.5 0.0131 0.0873704056661038
44.5 0.0104 0.09805806756909202
45.5 0.0078 0.11322770341445956
46.5 0.006500000000000001 0.12403473458920847
47.5 0.0045 0.14907119849998599
48.5 0.0026 0.19611613513818404
49.5 0.0022 0.21320071635561041
50.5 0.0013 0.2773500981126146
51.5 0.001 0.31622776601683794
52.5 0.0002 0.7071067811865475
53.5 0.0007 0.3779644730092272
54.5 0.0007999999999999999 0.3535533905932738
55.5 0.0005 0.4472135954999579
56.5 0.0001 1.0
57.5 0.0 inf
58.5 0.0 inf
59.5 0.0002 0.7071067811865475
60.5 0.0 inf
61.5 0.0 inf
62.5 0.0 inf
63.5 0.0 inf
64.5 0.0 inf
65.5 0.0 inf
66.5 0.0001 1.0
67.5 0.0 inf
68.5 0.0 inf
69.5 0.0001 1.0
70.5 0.0 inf
71.5 0.0 inf
72.5 0.0 inf
73.5 0.0 inf
74.5 0.0 inf
75.5 0.0 inf
76.5 0.0 inf
77.5 0.0 inf
78.5 0.0 inf
79.5 0.0 inf
80.5 0.0 inf
81.5 0.0 inf
82.5 0.0 inf
83.5 0.0 inf
84.5 0.0 inf
85.5 0.0 inf
86.5 0.0 inf
87.5 0.0 inf
88.5 0.0 inf
89.5 0.0 inf
90.5 0.0 inf
91.5 0.0 inf
92.5 0.0 inf
93.5 0.0 inf
94.5 0.0 inf
95.5 0.0 inf
96.5 0.0 inf
97.5 0.0 inf
