0.5 62.5201 0.0012647077154146304
1.5 29.2881 0.001847797608300981
2.5 27.8649 0.001894398126713366
3.5 24.2853 0.002029215932875635
4.5 20.5653 0.0022051212548753214
5.5 17.9176 0.002362436160454892
6.5 15.4332 0.002545493590680484
7.5 13.4184 0.0027299181943131637
8.5 11.8781 0.0029015262996155908
9.5 10.254000000000001 0.003122865957509274
10.5 9.0945 0.0033159699509490944
11.5 7.872400000000001 0.0035640716287511903
12.5 7.0361 0.0037699361813640212
13.5 6.1089 0.004045931186732124
14.5 5.3187999999999995 0.0043360389021442685
15.5 4.59 0.004667600280093366
16.5 4.0565999999999995 0.004964996044513352
17.5 3.4866 0.005355486601134206
18.5 2.9558 0.00581650998007672
19.5 2.5448 0.006268637724806435
20.5 2.1837999999999997 0.006766959374065555
21.5 1.8878 0.007278166878081446
22.5 1.5425 0.008051696822284746
23.5 1.3083 0.008742715162315779
24.5 1.1027 0.009522945803722153
25.5 0.8917 0.010589869704633197
26.5 0.7598 0.011472296305522982
27.5 0.6022000000000001 0.01288634114519177
28.5 0.5198 0.01387017250302111
29.5 0.4119 0.015581314872270007
30.5 0.3372 0.017220914757957267
31.5 0.2617 0.019547811329657872
32.5 0.216 0.02151657414559676
33.5 0.1687 0.02434683198329917
34.5 0.1304 0.02769243878108557
35.5 0.1032 0.031128640318234518
36.5 0.085 0.034299717028501764
37.5 0.06709999999999999 0.03860457182410915
38.5 0.0472 0.04602873089491617
39.5 0.038000000000000006 0.0512989176042577
40.5 0.032 0.05590169943749474
41.5 0.0233 0.06551217820804184
42.5 0.019200000000000002 0.07216878364870322
43.5 0.0135 0.08606629658238704
44.5 0.0098 0.10101525445522107
45.5 0.0068000000000000005 0.12126781251816648
46.5 0.006500000000000001 0.12403473458920847
47.5 0.004699999999999999 0.14586499149789456
48.5 0.0031 0.1796053020267749
49.5 0.0017000000000000001 0.24253562503633297
50.5 0.0021999999999999997 0.21320071635561047
51.5 0.0013 0.2773500981126146
52.5 0.0009 0.3333333333333333
53.5 0.0006000000000000001 0.40824829046386296
54.5 0.0006000000000000001 0.40824829046386296
55.5 0.0007 0.3779644730092272
56.5 0.0003 0.5773502691896258
57.5 0.0002 0.7071067811865475
58.5 0.0001 1.0
59.5 0.0001 1.0
60.5 0.0 inf
61.5 0.0002 0.7071067811865475
62.5 0.0 inf
63.5 0.0 inf
64.5 0.0 inf
65.5 0.0 inf
66.5 0.0 inf
67.5 0.0 inf
68.5 0.0 inf
69.5 0.0 inf
70.5 0.0 inf
71.5 0.0 inf
72.5 0.0 inf
73.5 0.0 inf
74.5 0.0 inf
75.5 0.0 inf
76.5 0.0 inf
77.5 0.0 inf
78.5 0.0 inf
79.5 0.0 inf
80.5 0.0 inf
81.5 0.0 inf
82.5 0.0 inf
83.5 0.0 inf
84.5 0.0 inf
85.5 0.0 inf
86.5 0.0 inf
87.5 0.0 inf
88.5 0.0 inf
89.5 0.0 inf
90.5 0.0 inf
91.5 0.0 inf
92.5 0.0 inf
93.5 0.0 inf
94.5 0.0 inf
95.5 0.0 inf
96.5 0.0 inf
97.5 0.0 inf
