0.5 38.9397 0.0016025208892112772
1.5 20.6329 0.002201505948873107
2.5 20.7703 0.002194212148762134
3.5 19.1968 0.0022823675281577528
4.5 16.8406 0.0024368074834698866
5.5 15.1481 0.0025693360962298515
6.5 13.324 0.002739571805515289
7.5 11.8184 0.0029088455186559135
8.5 10.5631 0.0030768356887480633
9.5 9.2096 0.00329518358901853
10.5 8.3024 0.003470548942657931
11.5 7.2730999999999995 0.0037080042271568927
12.5 6.395099999999999 0.0039543611439436
13.5 5.637700000000001 0.004211618444888396
14.5 4.9897 0.004476749384005902
15.5 4.334099999999999 0.004803419715047528
16.5 3.8372 0.0051049651554135045
17.5 3.3229 0.005485817608143506
18.5 2.8259999999999996 0.005948588418735414
19.5 2.4401 0.0064017128153491965
20.5 2.1209 0.006866570825265855
21.5 1.7837 0.007487538937058606
22.5 1.4887000000000001 0.008195895375998146
23.5 1.2627 0.00889917833230128
24.5 1.0611000000000002 0.009707822851789309
25.5 0.8761 0.010683736294369339
26.5 0.7099 0.01186865243196471
27.5 0.581 0.013119338382209642
28.5 0.501 0.014128014666017078
29.5 0.40249999999999997 0.015762208124782014
30.5 0.31489999999999996 0.017820244962334964
31.5 0.26 0.019611613513818404
32.5 0.202 0.022249707974499235
33.5 0.1682 0.024382992454708537
34.5 0.1242 0.02837521769195829
35.5 0.1013 0.03141921118033474
36.5 0.0814 0.03504998186163908
37.5 0.0637 0.03962144258751636
38.5 0.050600000000000006 0.044455422447438706
39.5 0.0387 0.05083285677753489
40.5 0.028499999999999998 0.05923488777590923
41.5 0.0242 0.0642824346533225
42.5 0.0182 0.07412493166611012
43.5 0.013399999999999999 0.08638684255813601
44.5 0.0103 0.09853292781642932
45.5 0.006500000000000001 0.12403473458920847
46.5 0.0045 0.14907119849998599
47.5 0.0048000000000000004 0.14433756729740643
48.5 0.0022 0.21320071635561041
49.5 0.0031 0.1796053020267749
50.5 0.0012 0.2886751345948129
51.5 0.001 0.31622776601683794
52.5 0.0007 0.3779644730092272
53.5 0.0009 0.3333333333333333
54.5 0.00039999999999999996 0.5000000000000001
55.5 0.0005 0.4472135954999579
56.5 0.00030000000000000003 0.5773502691896257
57.5 0.00030000000000000003 0.5773502691896257
58.5 0.0002 0.7071067811865475
59.5 0.0001 1.0
60.5 0.0 inf
61.5 0.0001 1.0
62.5 0.0 inf
63.5 0.0001 1.0
64.5 0.0001 1.0
65.5 0.0 inf
66.5 0.0 inf
67.5 0.0 inf
68.5 0.0 inf
69.5 0.0 inf
70.5 0.0 inf
71.5 0.0 inf
72.5 0.0 inf
73.5 0.0 inf
74.5 0.0 inf
75.5 0.0 inf
76.5 0.0 inf
77.5 0.0 inf
78.5 0.0 inf
79.5 0.0 inf
80.5 0.0 inf
81.5 0.0 inf
82.5 0.0 inf
83.5 0.0 inf
84.5 0.0 inf
85.5 0.0 inf
86.5 0.0 inf
87.5 0.0 inf
88.5 0.0 inf
89.5 0.0 inf
90.5 0.0 inf
91.5 0.0 inf
92.5 0.0 inf
93.5 0.0 inf
94.5 0.0 inf
95.5 0.0 inf
96.5 0.0 inf
97.5 0.0 inf
