0.5 39.1949 0.0015972953215702165
1.5 20.7475 0.0021954174578413285
2.5 21.0157 0.0021813636402042333
3.5 19.2732 0.002277839322453128
4.5 17.0283 0.0024233400149352444
5.5 15.3018 0.002556399590800627
6.5 13.4092 0.002730854526868292
7.5 11.875399999999999 0.002901856127485247
8.5 10.6614 0.0030626183557377006
9.5 9.2515 0.003287713185573845
10.5 8.253499999999999 0.0034808148427440807
11.5 7.3121 0.003698102454233916
12.5 6.518599999999999 0.003916722779562327
13.5 5.6709 0.004199271993327225
14.5 5.021100000000001 0.004462729509088262
15.5 4.3521 0.004793476108506396
16.5 3.8680000000000003 0.005084599697596492
17.5 3.3428 0.005469464442041558
18.5 2.842 0.005931819989552855
19.5 2.4568000000000003 0.006379918021132089
20.5 2.0886 0.0069194625502349665
21.5 1.7852999999999999 0.007484182989134047
22.5 1.5206 0.00810947066103637
23.5 1.2567 0.008920397194880208
24.5 1.0547 0.009737232209257126
25.5 0.8669 0.010740277401319045
26.5 0.7338 0.011673770371677328
27.5 0.5766 0.013169299692382678
28.5 0.5055 0.014064989751021518
29.5 0.4004 0.01580348853102535
30.5 0.3215 0.017636382584553453
31.5 0.26239999999999997 0.01952172023607576
32.5 0.202 0.022249707974499235
33.5 0.1611 0.024914503091731197
34.5 0.1364 0.027076518053694116
35.5 0.1081 0.030414953233623677
36.5 0.08299999999999999 0.03471050672503117
37.5 0.0669 0.038662233651352955
38.5 0.0535 0.043233770116711694
39.5 0.0358 0.05285164225816899
40.5 0.0304 0.057353933467640436
41.5 0.020900000000000002 0.06917144638660747
42.5 0.0166 0.07761505257063328
43.5 0.0115 0.09325048082403138
44.5 0.0101 0.09950371902099892
45.5 0.0056 0.1336306209562122
46.5 0.0054 0.13608276348795434
47.5 0.0039 0.16012815380508713
48.5 0.0034000000000000002 0.17149858514250882
49.5 0.0026 0.19611613513818404
50.5 0.0016 0.25
51.5 0.0015 0.2581988897471611
52.5 0.00030000000000000003 0.5773502691896257
53.5 0.0005 0.4472135954999579
54.5 0.0004 0.5
55.5 0.0007 0.3779644730092272
56.5 0.0002 0.7071067811865475
57.5 0.0002 0.7071067811865475
58.5 0.0001 1.0
59.5 0.0001 1.0
60.5 0.0001 1.0
61.5 0.0001 1.0
62.5 0.0001 1.0
63.5 0.0 inf
64.5 0.0 inf
65.5 0.0 inf
66.5 0.0001 1.0
67.5 0.0 inf
68.5 0.0 inf
69.5 0.0 inf
70.5 0.0 inf
71.5 0.0 inf
72.5 0.0 inf
73.5 0.0 inf
74.5 0.0 inf
75.5 0.0 inf
76.5 0.0 inf
77.5 0.0 inf
78.5 0.0 inf
79.5 0.0 inf
80.5 0.0 inf
81.5 0.0 inf
82.5 0.0 inf
83.5 0.0 inf
84.5 0.0 inf
85.5 0.0 inf
86.5 0.0 inf
87.5 0.0 inf
88.5 0.0 inf
89.5 0.0 inf
90.5 0.0 inf
91.5 0.0 inf
92.5 0.0 inf
93.5 0.0 inf
94.5 0.0 inf
95.5 0.0 inf
96.5 0.0 inf
97.5 0.0 inf
