0.5 38.478 0.0016121065957543379
1.5 20.3218 0.0022182930245486
2.5 20.558300000000003 0.00220549663939277
3.5 18.8853 0.0023011135827172313
4.5 16.648899999999998 0.0024507963655538358
5.5 14.9793 0.002583772315861318
6.5 13.0984 0.002763063561836335
7.5 11.666599999999999 0.0029277085837392173
8.5 10.446000000000002 0.0030940333406165844
9.5 9.1025 0.003314512461751297
10.5 8.1852 0.003495307205040268
11.5 7.1536 0.0037388468303297096
12.5 6.3715 0.003961677840622286
13.5 5.6006 0.004225544911228313
14.5 4.9498999999999995 0.004494711151106987
15.5 4.2940000000000005 0.004825796231581591
16.5 3.7804 0.005143172880385878
17.5 3.2588999999999997 0.0055394224001953
18.5 2.7939 0.0059826634296956446
19.5 2.3635 0.006504623991970621
20.5 2.0697 0.006950984181326176
21.5 1.7538 0.007551095573545372
22.5 1.4626000000000001 0.008268699620194078
23.5 1.2643 0.00889354549475152
24.5 1.0388 0.009811468853477787
25.5 0.8475 0.010862508931871368
26.5 0.7138 0.011836184553311528
27.5 0.5860000000000001 0.013063248606829104
28.5 0.4912 0.01426825363838374
29.5 0.3956 0.015899075018722335
30.5 0.3171 0.017758320057144228
31.5 0.2584 0.019672236884115842
32.5 0.2099 0.021826986543983434
33.5 0.1633 0.02474610820719749
34.5 0.125 0.0282842712474619
35.5 0.1079 0.03044312827739915
36.5 0.07830000000000001 0.03573708449459316
37.5 0.0668 0.03869116162670684
38.5 0.049100000000000005 0.04512936824065242
39.5 0.0378 0.05143444998736397
40.5 0.026 0.062017367294604234
41.5 0.0204 0.07001400420140048
42.5 0.015899999999999997 0.07930515857181443
43.5 0.0132 0.08703882797784893
44.5 0.0085 0.10846522890932808
45.5 0.0068 0.12126781251816648
46.5 0.0058 0.13130643285972257
47.5 0.0046 0.14744195615489714
48.5 0.0031999999999999997 0.1767766952966369
49.5 0.0023 0.20851441405707477
50.5 0.0007999999999999999 0.3535533905932738
51.5 0.0017000000000000001 0.24253562503633297
52.5 0.0014 0.2672612419124244
53.5 0.00030000000000000003 0.5773502691896257
54.5 0.00030000000000000003 0.5773502691896257
55.5 0.00030000000000000003 0.5773502691896257
56.5 0.0001 1.0
57.5 0.0002 0.7071067811865475
58.5 0.0001 1.0
59.5 0.0001 1.0
60.5 0.0 inf
61.5 0.0 inf
62.5 0.0 inf
63.5 0.0 inf
64.5 0.0 inf
65.5 0.0 inf
66.5 0.0 inf
67.5 0.0 inf
68.5 0.0 inf
69.5 0.0 inf
70.5 0.0 inf
71.5 0.0 inf
72.5 0.0 inf
73.5 0.0 inf
74.5 0.0 inf
75.5 0.0 inf
76.5 0.0 inf
77.5 0.0 inf
78.5 0.0 inf
79.5 0.0 inf
80.5 0.0 inf
81.5 0.0 inf
82.5 0.0 inf
83.5 0.0 inf
84.5 0.0 inf
85.5 0.0 inf
86.5 0.0 inf
87.5 0.0 inf
88.5 0.0 inf
89.5 0.0 inf
90.5 0.0 inf
91.5 0.0 inf
92.5 0.0 inf
93.5 0.0 inf
94.5 0.0 inf
95.5 0.0 inf
96.5 0.0 inf
97.5 0.0 inf
