0.5 38.8836 0.001603676505184851
1.5 20.5524 0.0022058131838458097
2.5 20.808500000000002 0.00219219716911744
3.5 19.0931 0.002288557225259559
4.5 16.849800000000002 0.0024361421435302568
5.5 15.1358 0.0025703798605547176
6.5 13.2403 0.0027482174144292646
7.5 11.766300000000001 0.002915278443998271
8.5 10.5519 0.0030784681634815243
9.5 9.2066 0.003295720418336012
10.5 8.276 0.0034760799685566598
11.5 7.2381 0.0037169584856916295
12.5 6.490600000000001 0.003925161923628923
13.5 5.6558 0.004204873918850907
14.5 5.0039 0.004470392841632194
15.5 4.3216 0.004810361518025281
16.5 3.7988 0.005130701935223867
17.5 3.3186999999999998 0.005489287814673878
18.5 2.8301 0.005944277961126567
19.5 2.4068 0.0064458470860551545
20.5 2.0864000000000003 0.006923109695271391
21.5 1.7856 0.00748355425111562
22.5 1.4912 0.00818902227600523
23.5 1.267 0.00888406428745396
24.5 1.0503 0.009757606885197785
25.5 0.8624 0.0107682623063487
26.5 0.7138 0.011836184553311528
27.5 0.5742 0.013196793041081598
28.5 0.4971 0.014183327086761071
29.5 0.40900000000000003 0.01563645668001905
30.5 0.3239 0.01757092099429725
31.5 0.26239999999999997 0.01952172023607576
32.5 0.2039 0.022145800696175846
33.5 0.1607 0.024945491291633412
34.5 0.12930000000000003 0.027809983907757463
35.5 0.1016 0.03137279025690793
36.5 0.0791 0.035555906726738896
37.5 0.0631 0.03980937143290165
38.5 0.053 0.04343722427630694
39.5 0.0377 0.051502620262460476
40.5 0.0316 0.056254395046301184
41.5 0.0206 0.06967330142916177
42.5 0.0178 0.07495316889958614
43.5 0.0149 0.08192319205190406
44.5 0.0102 0.09901475429766741
45.5 0.007 0.11952286093343936
46.5 0.0063 0.1259881576697424
47.5 0.0057 0.13245323570650439
48.5 0.003 0.18257418583505536
49.5 0.0022 0.21320071635561041
50.5 0.0015999999999999999 0.25000000000000006
51.5 0.0009 0.3333333333333333
52.5 0.001 0.31622776601683794
53.5 0.0005 0.4472135954999579
54.5 0.0001 1.0
55.5 0.0002 0.7071067811865475
56.5 0.0002 0.7071067811865475
57.5 0.0001 1.0
58.5 0.0004 0.5
59.5 0.0 inf
60.5 0.0 inf
61.5 0.0 inf
62.5 0.0 inf
63.5 0.0 inf
64.5 0.0 inf
65.5 0.0 inf
66.5 0.0 inf
67.5 0.0 inf
68.5 0.0 inf
69.5 0.0 inf
70.5 0.0 inf
71.5 0.0 inf
72.5 0.0 inf
73.5 0.0 inf
74.5 0.0 inf
75.5 0.0 inf
76.5 0.0 inf
77.5 0.0 inf
78.5 0.0 inf
79.5 0.0 inf
80.5 0.0 inf
81.5 0.0 inf
82.5 0.0 inf
83.5 0.0 inf
84.5 0.0 inf
85.5 0.0 inf
86.5 0.0 inf
87.5 0.0 inf
88.5 0.0 inf
89.5 0.0 inf
90.5 0.0 inf
91.5 0.0 inf
92.5 0.0 inf
93.5 0.0 inf
94.5 0.0 inf
95.5 0.0 inf
96.5 0.0 inf
97.5 0.0 inf
