0.5 77.25710000000001 0.0011377079661586142
1.5 32.8773 0.001744021874245516
2.5 30.072400000000002 0.0018235427760475863
3.5 25.5839 0.001977045323462095
4.5 21.3564 0.0021638939703390154
5.5 18.4224 0.0023298442858669774
6.5 15.7299 0.0025213725428436993
7.5 13.657399999999999 0.002705926434620842
8.5 12.0366 0.0028823590948701037
9.5 10.305900000000001 0.003114992733859611
10.5 9.2239 0.0032926283031468463
11.5 7.9704999999999995 0.003542070630265558
12.5 7.0709 0.0037606477175384525
13.5 6.1206 0.004042062281820426
14.5 5.3743 0.004313591822332123
15.5 4.6338 0.004645488158562414
16.5 4.0778 0.0049520730126350115
17.5 3.5113 0.005336616955925829
18.5 2.9743 0.005798392560487135
19.5 2.5469999999999997 0.006265929836640937
20.5 2.1841999999999997 0.006766339717512444
21.5 1.8353 0.007381531334983509
22.5 1.5634000000000001 0.007997696994850482
23.5 1.3178 0.00871114511260511
24.5 1.0996000000000001 0.009536359933734688
25.5 0.8903000000000001 0.010598192738302476
26.5 0.7608999999999999 0.011464000806698836
27.5 0.5998 0.012912096682836435
28.5 0.5256000000000001 0.013793431476706133
29.5 0.4285 0.015276525413351826
30.5 0.3335 0.017316179571791195
31.5 0.264 0.019462473604038074
32.5 0.2005 0.022332781224177665
33.5 0.173 0.024042351841717255
34.5 0.1316 0.027565892320998563
35.5 0.1049 0.03087537605472192
36.5 0.0822 0.03487900532075779
37.5 0.0691 0.03804179284542668
38.5 0.052000000000000005 0.043852900965351466
39.5 0.0385 0.050964719143762556
40.5 0.0278 0.05997601439040672
41.5 0.023100000000000002 0.0657951694959769
42.5 0.0173 0.07602859212697055
43.5 0.0143 0.08362420100070908
44.5 0.010700000000000001 0.09667364890456635
45.5 0.007299999999999999 0.11704114719613057
46.5 0.0066 0.12309149097933272
47.5 0.0031999999999999997 0.1767766952966369
48.5 0.0028 0.1889822365046136
49.5 0.0028 0.1889822365046136
50.5 0.0018 0.23570226039551587
51.5 0.0015 0.2581988897471611
52.5 0.0009 0.3333333333333333
53.5 0.0006000000000000001 0.40824829046386296
54.5 0.0006000000000000001 0.40824829046386296
55.5 0.0002 0.7071067811865475
56.5 0.00039999999999999996 0.5000000000000001
57.5 0.0002 0.7071067811865475
58.5 0.0001 1.0
59.5 0.0 inf
60.5 0.0001 1.0
61.5 0.0001 1.0
62.5 0.0 inf
63.5 0.0001 1.0
64.5 0.0 inf
65.5 0.0 inf
66.5 0.0 inf
67.5 0.0 inf
68.5 0.0 inf
69.5 0.0 inf
70.5 0.0 inf
71.5 0.0 inf
72.5 0.0 inf
73.5 0.0 inf
74.5 0.0 inf
75.5 0.0 inf
76.5 0.0 inf
77.5 0.0 inf
78.5 0.0 inf
79.5 0.0 inf
80.5 0.0 inf
81.5 0.0 inf
82.5 0.0 inf
83.5 0.0 inf
84.5 0.0 inf
85.5 0.0 inf
86.5 0.0 inf
87.5 0.0 inf
88.5 0.0 inf
89.5 0.0 inf
90.5 0.0 inf
91.5 0.0 inf
92.5 0.0 inf
93.5 0.0 inf
94.5 0.0 inf
95.5 0.0 inf
96.5 0.0 inf
97.5 0.0 inf
