0.5 48.7406 0.0014323678496880547
1.5 25.0092 0.0019996321015368626
2.5 24.776600000000002 0.0020089963385613026
3.5 22.2538 0.0021198147498521624
4.5 19.228 0.0022805150531936265
5.5 16.976 0.0024270700813983203
6.5 14.8006 0.0025993235360935846
7.5 12.927 0.002781321068550317
8.5 11.536999999999999 0.002944106754775362
9.5 9.978100000000001 0.0031657460520807916
10.5 8.9082 0.003350464498715675
11.5 7.7358 0.0035954014023231676
12.5 6.9137 0.0038031612083283496
13.5 5.9946 0.004084321262930673
14.5 5.2755 0.004353797105635395
15.5 4.5634 0.004681184204772658
16.5 4.0214 0.004986678429035988
17.5 3.4785 0.005361718341481519
18.5 2.9366000000000003 0.005835493676366327
19.5 2.5192 0.006300408027636232
20.5 2.1683000000000003 0.006791102963670475
21.5 1.8793000000000002 0.007294607740006443
22.5 1.5431 0.008050131308775224
23.5 1.287 0.008814764755799084
24.5 1.0913 0.009572556148202157
25.5 0.9077999999999999 0.010495542964487809
26.5 0.7327 0.011682529980951668
27.5 0.6143000000000001 0.012758797432841413
28.5 0.5185 0.013887549490757716
29.5 0.4192 0.015445051580380386
30.5 0.3323 0.017347417443674195
31.5 0.2683 0.019305882723026267
32.5 0.2049 0.022091694090300196
33.5 0.1689 0.02433241277446361
34.5 0.1306 0.027671226645624276
35.5 0.10569999999999999 0.030758312596043256
36.5 0.0824 0.034836650714580884
37.5 0.0624 0.04003203845127178
38.5 0.0553 0.04252432555625623
39.5 0.0398 0.05012547071170855
40.5 0.0302 0.0575435337648436
41.5 0.0257 0.06237828615518053
42.5 0.017 0.07669649888473704
43.5 0.014100000000000001 0.0842151921066519
44.5 0.0075 0.11547005383792514
45.5 0.0063999999999999994 0.12500000000000003
46.5 0.0066 0.12309149097933272
47.5 0.004 0.15811388300841897
48.5 0.0031999999999999997 0.1767766952966369
49.5 0.0031 0.1796053020267749
50.5 0.0018 0.23570226039551587
51.5 0.0011 0.30151134457776363
52.5 0.0008 0.35355339059327373
53.5 0.0006000000000000001 0.40824829046386296
54.5 0.0006 0.4082482904638631
55.5 0.00039999999999999996 0.5000000000000001
56.5 0.0001 1.0
57.5 0.0004 0.5
58.5 0.0002 0.7071067811865475
59.5 0.0002 0.7071067811865475
60.5 0.0001 1.0
61.5 0.0 inf
62.5 0.0001 1.0
63.5 0.0 inf
64.5 0.0 inf
65.5 0.0 inf
66.5 0.0 inf
67.5 0.0 inf
68.5 0.0 inf
69.5 0.0 inf
70.5 0.0 inf
71.5 0.0 inf
72.5 0.0 inf
73.5 0.0 inf
74.5 0.0 inf
75.5 0.0 inf
76.5 0.0 inf
77.5 0.0 inf
78.5 0.0 inf
79.5 0.0 inf
80.5 0.0 inf
81.5 0.0 inf
82.5 0.0 inf
83.5 0.0 inf
84.5 0.0 inf
85.5 0.0 inf
86.5 0.0 inf
87.5 0.0 inf
88.5 0.0 inf
89.5 0.0 inf
90.5 0.0 inf
91.5 0.0 inf
92.5 0.0 inf
93.5 0.0 inf
94.5 0.0 inf
95.5 0.0 inf
96.5 0.0 inf
97.5 0.0 inf
