0.5 55.162800000000004 0.0013464085127358793
1.5 29.494600000000002 0.0018413177708988238
2.5 29.6501 0.0018364830265151441
3.5 26.989 0.0019248930450863173
4.5 23.5116 0.002062333553842173
5.5 20.9739 0.0021835362360378345
6.5 18.1732 0.002345763891849307
7.5 16.019 0.0024985169457145922
8.5 14.262 0.0026479500224274085
9.5 12.282499999999999 0.0028533602945450937
10.5 10.9574 0.003020968814497487
11.5 9.579 0.0032310219868724828
12.5 8.4458 0.0034409598368384756
13.5 7.3709 0.0036833224527125646
14.5 6.4284 0.003944105777160698
15.5 5.5706 0.0042369077925138695
16.5 4.8865 0.004523775544330584
17.5 4.2105 0.004873412401842033
18.5 3.5808999999999997 0.0052845000147642325
19.5 3.0426 0.005732942283567312
20.5 2.6187 0.006179553917811028
21.5 2.1714 0.006786253571934904
22.5 1.8443 0.007363498740522432
23.5 1.5486 0.008035823190306067
24.5 1.304 0.008757118051300734
25.5 1.0306 0.009850424143769052
26.5 0.8872 0.010616692370889646
27.5 0.7097 0.01187032466197399
28.5 0.6115999999999999 0.012786929232189114
29.5 0.4973 0.014180474733371392
30.5 0.3921 0.015969877280748043
31.5 0.30510000000000004 0.018104181553118943
32.5 0.2419 0.020332091984056118
33.5 0.19619999999999999 0.022576182049286547
34.5 0.154 0.025482359571881278
35.5 0.12309999999999999 0.02850171371705741
36.5 0.09309999999999999 0.03277367626722311
37.5 0.0731 0.036986336072765455
38.5 0.0586 0.04130961923860138
39.5 0.041800000000000004 0.04891159880445184
40.5 0.034699999999999995 0.0536828127095019
41.5 0.028999999999999998 0.058722021951470346
42.5 0.0204 0.07001400420140048
43.5 0.0149 0.08192319205190406
44.5 0.0115 0.09325048082403138
45.5 0.0108 0.09622504486493763
46.5 0.0071 0.11867816581938533
47.5 0.0052 0.1386750490563073
48.5 0.0043 0.15249857033260467
49.5 0.0029 0.18569533817705186
50.5 0.002 0.22360679774997896
51.5 0.0013 0.2773500981126146
52.5 0.0009 0.3333333333333333
53.5 0.0005 0.4472135954999579
54.5 0.0006000000000000001 0.40824829046386296
55.5 0.0005 0.4472135954999579
56.5 0.00030000000000000003 0.5773502691896257
57.5 0.0004 0.5
58.5 0.0 inf
59.5 0.0001 1.0
60.5 0.0001 1.0
61.5 0.0001 1.0
62.5 0.0 inf
63.5 0.0002 0.7071067811865475
64.5 0.0 inf
65.5 0.0 inf
66.5 0.0 inf
67.5 0.0 inf
68.5 0.0 inf
69.5 0.0 inf
70.5 0.0 inf
71.5 0.0 inf
72.5 0.0 inf
73.5 0.0 inf
74.5 0.0 inf
75.5 0.0 inf
76.5 0.0 inf
77.5 0.0 inf
78.5 0.0 inf
79.5 0.0 inf
80.5 0.0 inf
81.5 0.0 inf
82.5 0.0 inf
83.5 0.0 inf
84.5 0.0 inf
85.5 0.0 inf
86.5 0.0 inf
87.5 0.0 inf
88.5 0.0 inf
89.5 0.0 inf
90.5 0.0 inf
91.5 0.0 inf
92.5 0.0 inf
93.5 0.0 inf
94.5 0.0 inf
95.5 0.0 inf
96.5 0.0 inf
97.5 0.0 inf
