0.5 39.036500000000004 0.0016005327459615401
1.5 20.654999999999998 0.002200327873281499
2.5 20.9542 0.002184562415952897
3.5 19.1999 0.0022821832661315193
4.5 16.9262 0.0024306379027802688
5.5 15.209900000000001 0.0025641109931466397
6.5 13.3824 0.002733587605254346
7.5 11.8791 0.002901404169682941
8.5 10.5796 0.0030744354279280406
9.5 9.3259 0.0032745725948622566
10.5 8.341899999999999 0.003462322438535282
11.5 7.2376000000000005 0.003717086874048703
12.5 6.4882 0.0039258878196880755
13.5 5.6592 0.004203610602544319
14.5 5.0392 0.004454707594126301
15.5 4.3561 0.0047912747921824116
16.5 3.8312 0.005108961006330901
17.5 3.3555 0.0054591041307977045
18.5 2.8423 0.005931506934464305
19.5 2.4212 0.006426650278443724
20.5 2.1209 0.006866570825265855
21.5 1.7856 0.00748355425111562
22.5 1.5281 0.008089545315210559
23.5 1.2671000000000001 0.008883713713719535
24.5 1.0631 0.009698686935167603
25.5 0.8806 0.010656403571953759
26.5 0.7254 0.011741165894605781
27.5 0.5841000000000001 0.013084477866314325
28.5 0.5059 0.014059428268103007
29.5 0.41359999999999997 0.015549260339278073
30.5 0.3192 0.017699808135119715
31.5 0.2642 0.019455105641024067
32.5 0.2076 0.021947564065307356
33.5 0.1648 0.02463323195410733
34.5 0.13269999999999998 0.02745140256230141
35.5 0.1071 0.030556616567607043
36.5 0.0742 0.036711154910717615
37.5 0.0646 0.039344473768231684
38.5 0.048299999999999996 0.045501575519329006
39.5 0.0401 0.04993761694389224
40.5 0.029 0.058722021951470346
41.5 0.0223 0.06696495301824251
42.5 0.0191 0.07235746052924216
43.5 0.0123 0.09016696346674323
44.5 0.0078000000000000005 0.11322770341445956
45.5 0.0087 0.10721125348377948
46.5 0.0059 0.13018891098082389
47.5 0.0051 0.14002800840280097
48.5 0.0031999999999999997 0.1767766952966369
49.5 0.003 0.18257418583505536
50.5 0.0018 0.23570226039551587
51.5 0.0013 0.2773500981126146
52.5 0.0005 0.4472135954999579
53.5 0.0006000000000000001 0.40824829046386296
54.5 0.00039999999999999996 0.5000000000000001
55.5 0.0005 0.4472135954999579
56.5 0.0002 0.7071067811865475
57.5 0.00039999999999999996 0.5000000000000001
58.5 0.0004 0.5
59.5 0.0 inf
60.5 0.0001 1.0
61.5 0.0 inf
62.5 0.0002 0.7071067811865475
63.5 0.0 inf
64.5 0.0001 1.0
65.5 0.0 inf
66.5 0.0 inf
67.5 0.0 inf
68.5 0.0 inf
69.5 0.0 inf
70.5 0.0 inf
71.5 0.0 inf
72.5 0.0 inf
73.5 0.0 inf
74.5 0.0 inf
75.5 0.0 inf
76.5 0.0 inf
77.5 0.0 inf
78.5 0.0 inf
79.5 0.0 inf
80.5 0.0 inf
81.5 0.0 inf
82.5 0.0 inf
83.5 0.0 inf
84.5 0.0 inf
85.5 0.0 inf
86.5 0.0 inf
87.5 0.0 inf
88.5 0.0 inf
89.5 0.0 inf
90.5 0.0 inf
91.5 0.0 inf
92.5 0.0 inf
93.5 0.0 inf
94.5 0.0 inf
95.5 0.0 inf
96.5 0.0 inf
97.5 0.0 inf
