0.5 38.5986 0.0016095861395997529
1.5 20.3761 0.002215335302831784
2.5 20.643900000000002 0.0022009193399422215
3.5 18.9467 0.0022973819823046237
4.5 16.680799999999998 0.002448451819205005
5.5 15.0396 0.002578587405601115
6.5 13.1752 0.00275499865859148
7.5 11.7264 0.002920233964500545
8.5 10.398299999999999 0.0031011218321614995
9.5 9.1441 0.0033069643762339476
10.5 8.1593 0.003500850372313807
11.5 7.2309 0.003718808562616851
12.5 6.410299999999999 0.0039496701027707795
13.5 5.6058 0.004223584626214406
14.5 4.976000000000001 0.004482907875755204
15.5 4.2933 0.004826189625902941
16.5 3.7992 0.005130431834308451
17.5 3.2913 0.00551208955710176
18.5 2.8183 0.005956709074383445
19.5 2.3667 0.006500225074189858
20.5 2.0617 0.006964457051808346
21.5 1.7650000000000001 0.007527099294949815
22.5 1.4963 0.008175054601882972
23.5 1.2297 0.009017796144976477
24.5 1.0593 0.00971606728881815
25.5 0.8455 0.01087534878142682
26.5 0.7170000000000001 0.011809742331947863
27.5 0.5837 0.013088960387126302
28.5 0.4974 0.014179049201854005
29.5 0.4115 0.015588885968378735
30.5 0.3206 0.017661119983645744
31.5 0.2603 0.019600308903302496
32.5 0.1979 0.022479005982349896
33.5 0.16 0.025
34.5 0.12279999999999999 0.02853650727676748
35.5 0.1047 0.03090485136077065
36.5 0.0827 0.03477340712103605
37.5 0.07 0.03779644730092272
38.5 0.0467 0.046274481338274755
39.5 0.0392 0.050507627227610534
40.5 0.0291 0.05862103817605492
41.5 0.0214 0.06835859270246633
42.5 0.0172 0.07624928516630233
43.5 0.012199999999999999 0.09053574604251854
44.5 0.009600000000000001 0.10206207261596574
45.5 0.0068000000000000005 0.12126781251816648
46.5 0.004699999999999999 0.14586499149789456
47.5 0.0038 0.16222142113076254
48.5 0.003 0.18257418583505536
49.5 0.0025 0.2
50.5 0.002 0.22360679774997896
51.5 0.0010999999999999998 0.3015113445777637
52.5 0.0007 0.3779644730092272
53.5 0.00030000000000000003 0.5773502691896257
54.5 0.0007 0.3779644730092272
55.5 0.0 inf
56.5 0.0001 1.0
57.5 0.0005 0.4472135954999579
58.5 0.0 inf
59.5 0.0001 1.0
60.5 0.0002 0.7071067811865475
61.5 0.0001 1.0
62.5 0.0 inf
63.5 0.0 inf
64.5 0.0 inf
65.5 0.0 inf
66.5 0.0 inf
67.5 0.0 inf
68.5 0.0001 1.0
69.5 0.0 inf
70.5 0.0 inf
71.5 0.0 inf
72.5 0.0 inf
73.5 0.0 inf
74.5 0.0 inf
75.5 0.0 inf
76.5 0.0 inf
77.5 0.0 inf
78.5 0.0 inf
79.5 0.0 inf
80.5 0.0 inf
81.5 0.0 inf
82.5 0.0 inf
83.5 0.0 inf
84.5 0.0 inf
85.5 0.0 inf
86.5 0.0 inf
87.5 0.0 inf
88.5 0.0 inf
89.5 0.0 inf
90.5 0.0 inf
91.5 0.0 inf
92.5 0.0 inf
93.5 0.0 inf
94.5 0.0 inf
95.5 0.0 inf
96.5 0.0 inf
97.5 0.0 inf
