0.5 38.6997 0.001607482304465016
1.5 20.4402 0.002211858954817751
2.5 20.6928 0.002198317260615271
3.5 19.0756 0.0022896067484782026
4.5 16.7194 0.00244562382142646
5.5 15.0688 0.0025760878282037793
6.5 13.2392 0.0027483315820664702
7.5 11.750499999999999 0.0029172377617296373
8.5 10.4483 0.0030936927747658867
9.5 9.165500000000002 0.003303101499435751
10.5 8.268699999999999 0.003477614054059441
11.5 7.1924 0.003728748432655883
12.5 6.4086 0.003950193929655854
13.5 5.6196 0.004218395529604615
14.5 4.9534 0.004493122921918844
15.5 4.3354 0.00480269949156066
16.5 3.8062 0.005125711962783994
17.5 3.2979000000000003 0.00550657119529712
18.5 2.8270999999999997 0.00594743103415686
19.5 2.422 0.006425588811712815
20.5 2.0818000000000003 0.006930754217295483
21.5 1.7726 0.007510945790522725
22.5 1.4759 0.008231358816871296
23.5 1.2585000000000002 0.008914015605513359
24.5 1.0609000000000002 0.009708737864077669
25.5 0.8563000000000001 0.01080654902409244
26.5 0.7029000000000001 0.011927604449408553
27.5 0.5630999999999999 0.013326227906059036
28.5 0.5015 0.0141209700309912
29.5 0.4012 0.015787724448766815
30.5 0.32630000000000003 0.017506182962730887
31.5 0.26480000000000004 0.01943305185841179
32.5 0.2081 0.021921181601070722
33.5 0.1603 0.02497659540757031
34.5 0.127 0.028060676663315687
35.5 0.10239999999999999 0.03125000000000001
36.5 0.0774 0.03594425773447947
37.5 0.0646 0.039344473768231684
38.5 0.0513 0.044151078568834795
39.5 0.0405 0.049690399499995326
40.5 0.0278 0.05997601439040672
41.5 0.024 0.06454972243679027
42.5 0.0194 0.07179581586177382
43.5 0.0092 0.10425720702853739
44.5 0.0097 0.10153461651336192
45.5 0.0071 0.11867816581938533
46.5 0.005299999999999999 0.13736056394868904
47.5 0.004 0.15811388300841897
48.5 0.0029 0.18569533817705186
49.5 0.0033 0.17407765595569785
50.5 0.0015 0.2581988897471611
51.5 0.0013 0.2773500981126146
52.5 0.0009 0.3333333333333333
53.5 0.00030000000000000003 0.5773502691896257
54.5 0.00039999999999999996 0.5000000000000001
55.5 0.00030000000000000003 0.5773502691896257
56.5 0.0001 1.0
57.5 0.00039999999999999996 0.5000000000000001
58.5 0.0 inf
59.5 0.0 inf
60.5 0.00030000000000000003 0.5773502691896257
61.5 0.0 inf
62.5 0.0 inf
63.5 0.0 inf
64.5 0.0001 1.0
65.5 0.0 inf
66.5 0.0001 1.0
67.5 0.0 inf
68.5 0.0 inf
69.5 0.0 inf
70.5 0.0 inf
71.5 0.0 inf
72.5 0.0 inf
73.5 0.0 inf
74.5 0.0 inf
75.5 0.0 inf
76.5 0.0 inf
77.5 0.0 inf
78.5 0.0 inf
79.5 0.0 inf
80.5 0.0 inf
81.5 0.0 inf
82.5 0.0 inf
83.5 0.0 inf
84.5 0.0 inf
85.5 0.0 inf
86.5 0.0 inf
87.5 0.0 inf
88.5 0.0 inf
89.5 0.0 inf
90.5 0.0 inf
91.5 0.0 inf
92.5 0.0 inf
93.5 0.0 inf
94.5 0.0 inf
95.5 0.0 inf
96.5 0.0 inf
97.5 0.0 inf
