0.5 40.2201 0.0015768065923060942
1.5 21.3874 0.0021623251719279503
2.5 21.6603 0.0021486603331000186
3.5 19.9255 0.0022402443254084543
4.5 17.4929 0.0023909422875948248
5.5 15.662199999999999 0.0025268159945617836
6.5 13.8498 0.0026870654757671073
7.5 12.296800000000001 0.0028517007196303032
8.5 10.949100000000001 0.0030221136250799295
9.5 9.5731 0.003232017489554059
10.5 8.599599999999999 0.0034100510017861926
11.5 7.6034 0.003626570134779294
12.5 6.7469 0.003849885944006052
13.5 5.8979 0.004117667718453876
14.5 5.1746 0.0043960397211766315
15.5 4.5152 0.004706103821861597
16.5 3.9768 0.005014563381417796
17.5 3.4755000000000003 0.005364031920161564
18.5 2.9434 0.005828749043966838
19.5 2.4985 0.00632645354117496
20.5 2.1609999999999996 0.0068025636890881045
21.5 1.8494 0.007353338750948505
22.5 1.5495999999999999 0.00803322990170131
23.5 1.3067 0.008748066071033282
24.5 1.1231 0.00943606201317295
25.5 0.897 0.010558537785999174
26.5 0.7463 0.011575593817872416
27.5 0.5927 0.012989203963492011
28.5 0.5149 0.013936013362524946
29.5 0.4196 0.01543768802736096
30.5 0.3262 0.017508866108269325
31.5 0.2617 0.019547811329657872
32.5 0.20929999999999999 0.02185824984939871
33.5 0.1673 0.024448489343954046
34.5 0.13590000000000002 0.027126281959038646
35.5 0.11380000000000001 0.029643458336437608
36.5 0.0818 0.034964180063753285
37.5 0.0698 0.03785055820522323
38.5 0.0526 0.04360207201969474
39.5 0.0383 0.0510976130307596
40.5 0.0279 0.05986843400892496
41.5 0.026000000000000002 0.062017367294604234
42.5 0.0176 0.07537783614444091
43.5 0.0128 0.08838834764831843
44.5 0.0124 0.08980265101338746
45.5 0.0091 0.10482848367219183
46.5 0.0062 0.1270001270001905
47.5 0.0038 0.16222142113076254
48.5 0.0021999999999999997 0.21320071635561047
49.5 0.0027 0.19245008972987526
50.5 0.0018 0.23570226039551587
51.5 0.0010999999999999998 0.3015113445777637
52.5 0.0014 0.2672612419124244
53.5 0.0007999999999999999 0.3535533905932738
54.5 0.0005 0.4472135954999579
55.5 0.0006000000000000001 0.40824829046386296
56.5 0.0002 0.7071067811865475
57.5 0.00030000000000000003 0.5773502691896257
58.5 0.0001 1.0
59.5 0.0 inf
60.5 0.0 inf
61.5 0.0 inf
62.5 0.0001 1.0
63.5 0.0001 1.0
64.5 0.0 inf
65.5 0.0 inf
66.5 0.0 inf
67.5 0.0 inf
68.5 0.0 inf
69.5 0.0 inf
70.5 0.0 inf
71.5 0.0 inf
72.5 0.0 inf
73.5 0.0 inf
74.5 0.0 inf
75.5 0.0 inf
76.5 0.0 inf
77.5 0.0 inf
78.5 0.0 inf
79.5 0.0 inf
80.5 0.0 inf
81.5 0.0 inf
82.5 0.0 inf
83.5 0.0 inf
84.5 0.0 inf
85.5 0.0 inf
86.5 0.0 inf
87.5 0.0 inf
88.5 0.0 inf
89.5 0.0 inf
90.5 0.0 inf
91.5 0.0 inf
92.5 0.0 inf
93.5 0.0 inf
94.5 0.0 inf
95.5 0.0 inf
96.5 0.0 inf
97.5 0.0 inf
