0.5 64.03829999999999 0.0012496261443510645
1.5 34.0503 0.0017137186721393838
2.5 33.8256 0.001719401279417147
3.5 30.671300000000002 0.0018056513962514105
4.5 26.515 0.001942022173553157
5.5 23.4638 0.0020644331581019812
6.5 20.212600000000002 0.002224277195379381
7.5 17.6768 0.002378472726913634
8.5 15.653500000000001 0.002527518081810558
9.5 13.4918 0.0027224822232870655
10.5 11.9316 0.0028950139266427422
11.5 10.3216 0.003112622752589525
12.5 9.124500000000001 0.0033105142546726338
13.5 7.9206 0.003553210683828707
14.5 6.912599999999999 0.003803463794252135
15.5 5.9178 0.004110738573277429
16.5 5.1642 0.0044004640093890145
17.5 4.4421 0.00474466806152653
18.5 3.7561 0.005159782876776982
19.5 3.1872 0.005601383936852761
20.5 2.7514 0.006028692510539871
21.5 2.2869 0.006612663340484618
22.5 1.9353000000000002 0.007188294336373264
23.5 1.612 0.007876213522632198
24.5 1.3588 0.00857871481948649
25.5 1.1282 0.009414710114005471
26.5 0.9215 0.010417231852997713
27.5 0.7368 0.01164998031154991
28.5 0.6214 0.012685698213721506
29.5 0.5059 0.014059428268103007
30.5 0.41169999999999995 0.015585099041086523
31.5 0.3197 0.017685961768191653
32.5 0.2546 0.01981850088223545
33.5 0.2 0.022360679774997897
34.5 0.1578 0.025173668017796205
35.5 0.1286 0.027885569326658022
36.5 0.1013 0.03141921118033474
37.5 0.0818 0.034964180063753285
38.5 0.0584 0.0413802944301184
39.5 0.0484 0.045454545454545456
40.5 0.0374 0.051708768999501914
41.5 0.0305 0.057259833431386825
42.5 0.020999999999999998 0.06900655593423542
43.5 0.0148 0.08219949365267865
44.5 0.011800000000000001 0.09205746178983235
45.5 0.0081 0.1111111111111111
46.5 0.007599999999999999 0.1147078669352809
47.5 0.0044 0.15075567228888181
48.5 0.0029 0.18569533817705186
49.5 0.0028 0.1889822365046136
50.5 0.0018 0.23570226039551587
51.5 0.0018 0.23570226039551587
52.5 0.0005 0.4472135954999579
53.5 0.00030000000000000003 0.5773502691896257
54.5 0.0005 0.4472135954999579
55.5 0.0002 0.7071067811865475
56.5 0.00039999999999999996 0.5000000000000001
57.5 0.00030000000000000003 0.5773502691896257
58.5 0.00030000000000000003 0.5773502691896257
59.5 0.0002 0.7071067811865475
60.5 0.0 inf
61.5 0.0 inf
62.5 0.0 inf
63.5 0.0 inf
64.5 0.0 inf
65.5 0.0 inf
66.5 0.0 inf
67.5 0.0 inf
68.5 0.0 inf
69.5 0.0 inf
70.5 0.0 inf
71.5 0.0 inf
72.5 0.0 inf
73.5 0.0 inf
74.5 0.0 inf
75.5 0.0 inf
76.5 0.0 inf
77.5 0.0 inf
78.5 0.0 inf
79.5 0.0 inf
80.5 0.0 inf
81.5 0.0 inf
82.5 0.0 inf
83.5 0.0 inf
84.5 0.0 inf
85.5 0.0 inf
86.5 0.0 inf
87.5 0.0 inf
88.5 0.0 inf
89.5 0.0 inf
90.5 0.0 inf
91.5 0.0 inf
92.5 0.0 inf
93.5 0.0 inf
94.5 0.0 inf
95.5 0.0 inf
96.5 0.0 inf
97.5 0.0 inf
