0.5 42.0076 0.0015428939107720117
1.5 22.3737 0.002114127107201864
2.5 22.729599999999998 0.002097510306561715
3.5 20.771 0.002194175175062143
4.5 18.367 0.0023333553706825667
5.5 16.436 0.002466618211798169
6.5 14.4113 0.002634198029292232
7.5 12.865300000000001 0.002787982485346838
8.5 11.5307 0.0029449109271048025
9.5 9.986699999999999 0.0031643826747973615
10.5 8.973 0.0033383446115323612
11.5 7.8838 0.0035614938670674324
12.5 6.991199999999999 0.0037820227491470486
13.5 6.1173 0.004043152387512326
14.5 5.397399999999999 0.004304351186574166
15.5 4.6807 0.004622155974077231
16.5 4.1535 0.004906738266313843
17.5 3.6013 0.005269511413264915
18.5 3.0511 0.005724951067978908
19.5 2.62 0.006178020632152155
20.5 2.2552 0.006658976290384225
21.5 1.9041000000000001 0.0072469476396553965
22.5 1.6233 0.007848751980871954
23.5 1.3563 0.008586617537616312
24.5 1.1499000000000001 0.009325453545719738
25.5 0.9171 0.010442191494610644
26.5 0.7749999999999999 0.011359236684941298
27.5 0.6196999999999999 0.01270308639923715
28.5 0.5422 0.013580640201036588
29.5 0.4264 0.01531409729579222
30.5 0.3512 0.016874182676570676
31.5 0.2835 0.018781205660633703
32.5 0.2284 0.02092434876593436
33.5 0.16949999999999998 0.024289308377863014
34.5 0.1305 0.027681826617913324
35.5 0.1148 0.029514066805047763
36.5 0.0843 0.034441829515914534
37.5 0.07189999999999999 0.03729370703141008
38.5 0.0581 0.04148699068225112
39.5 0.039099999999999996 0.05057217374241737
40.5 0.0315 0.0563436169819011
41.5 0.0236 0.06509445549041194
42.5 0.020900000000000002 0.06917144638660747
43.5 0.014 0.08451542547285165
44.5 0.0126 0.0890870806374748
45.5 0.0068000000000000005 0.12126781251816648
46.5 0.0071 0.11867816581938533
47.5 0.0045000000000000005 0.14907119849998599
48.5 0.004 0.15811388300841897
49.5 0.0024000000000000002 0.20412414523193148
50.5 0.0009 0.3333333333333333
51.5 0.002 0.22360679774997896
52.5 0.0007 0.3779644730092272
53.5 0.00039999999999999996 0.5000000000000001
54.5 0.00039999999999999996 0.5000000000000001
55.5 0.0005 0.4472135954999579
56.5 0.0002 0.7071067811865475
57.5 0.00030000000000000003 0.5773502691896257
58.5 0.0002 0.7071067811865475
59.5 0.0 inf
60.5 0.0002 0.7071067811865475
61.5 0.0001 1.0
62.5 0.0 inf
63.5 0.0 inf
64.5 0.0 inf
65.5 0.0 inf
66.5 0.0 inf
67.5 0.0 inf
68.5 0.0 inf
69.5 0.0 inf
70.5 0.0 inf
71.5 0.0 inf
72.5 0.0 inf
73.5 0.0 inf
74.5 0.0 inf
75.5 0.0 inf
76.5 0.0 inf
77.5 0.0 inf
78.5 0.0 inf
79.5 0.0 inf
80.5 0.0 inf
81.5 0.0 inf
82.5 0.0 inf
83.5 0.0 inf
84.5 0.0 inf
85.5 0.0 inf
86.5 0.0 inf
87.5 0.0 inf
88.5 0.0 inf
89.5 0.0 inf
90.5 0.0 inf
91.5 0.0 inf
92.5 0.0 inf
93.5 0.0 inf
94.5 0.0 inf
95.5 0.0 inf
96.5 0.0 inf
97.5 0.0 inf
