0.5 39.2537 0.0015960985405858046
1.5 20.7803 0.002193684130352935
2.5 21.0538 0.002179388994564847
3.5 19.335900000000002 0.0022741431796906636
4.5 17.0664 0.0024206335026527473
5.5 15.3361 0.0025535392290193274
6.5 13.4861 0.002723057501139968
7.5 11.9213 0.002896264302247767
8.5 10.6534 0.0030637680520282633
9.5 9.301400000000001 0.003278882390607854
10.5 8.3855 0.0034533096191539012
11.5 7.2822 0.0037056867004129066
12.5 6.5775 0.003899146667649459
13.5 5.6931 0.004191076555299605
14.5 5.061400000000001 0.004444927376369481
15.5 4.3881 0.004773772759608878
16.5 3.8731999999999998 0.005081185363366649
17.5 3.3592 0.005456096829904124
18.5 2.8764000000000003 0.005896242813976874
19.5 2.4636 0.0063711070492720985
20.5 2.1044 0.006893437675646679
21.5 1.8074 0.007438285797611518
22.5 1.5152 0.008123908423141033
23.5 1.2814999999999999 0.008833660307505844
24.5 1.0594000000000001 0.009715608713370634
25.5 0.8829 0.010642514280235015
26.5 0.7207 0.011779388319313905
27.5 0.5858 0.013065478400923492
28.5 0.5234000000000001 0.013822389948556304
29.5 0.4162 0.015500616161738888
30.5 0.3288 0.017439502660378896
31.5 0.26680000000000004 0.019360077316559157
32.5 0.20950000000000002 0.021847813825958583
33.5 0.16920000000000002 0.024310831916315757
34.5 0.1323 0.02749286996141075
35.5 0.10619999999999999 0.030685820596610777
36.5 0.0812 0.03509312031717982
37.5 0.0635 0.03968378950662725
38.5 0.0521 0.04381079543383235
39.5 0.0371 0.0519174131651165
40.5 0.031 0.05679618342470648
41.5 0.0262 0.06178020632152154
42.5 0.019299999999999998 0.07198157507486945
43.5 0.0102 0.09901475429766741
44.5 0.011 0.09534625892455924
45.5 0.0066 0.12309149097933272
46.5 0.0062 0.1270001270001905
47.5 0.0042 0.1543033499620919
48.5 0.0031 0.1796053020267749
49.5 0.0025 0.2
50.5 0.0016 0.25
51.5 0.0014 0.2672612419124244
52.5 0.0013 0.2773500981126146
53.5 0.0005 0.4472135954999579
54.5 0.0006000000000000001 0.40824829046386296
55.5 0.0002 0.7071067811865475
56.5 0.0 inf
57.5 0.0001 1.0
58.5 0.0001 1.0
59.5 0.0 inf
60.5 0.0001 1.0
61.5 0.0 inf
62.5 0.0001 1.0
63.5 0.0 inf
64.5 0.0001 1.0
65.5 0.0001 1.0
66.5 0.0 inf
67.5 0.0 inf
68.5 0.0 inf
69.5 0.0 inf
70.5 0.0 inf
71.5 0.0 inf
72.5 0.0 inf
73.5 0.0 inf
74.5 0.0 inf
75.5 0.0 inf
76.5 0.0 inf
77.5 0.0 inf
78.5 0.0 inf
79.5 0.0 inf
80.5 0.0 inf
81.5 0.0 inf
82.5 0.0 inf
83.5 0.0 inf
84.5 0.0 inf
85.5 0.0 inf
86.5 0.0 inf
87.5 0.0 inf
88.5 0.0 inf
89.5 0.0 inf
90.5 0.0 inf
91.5 0.0 inf
92.5 0.0 inf
93.5 0.0 inf
94.5 0.0 inf
95.5 0.0 inf
96.5 0.0 inf
97.5 0.0 inf
