0.5 59.103899999999996 0.0013007442972181782
1.5 31.5004 0.001781730300212074
2.5 31.6421 0.0017777363416407687
3.5 28.5914 0.0018701751813423719
4.5 24.8512 0.002005978702203888
5.5 22.0905 0.0021276354954339522
6.5 19.1206 0.0022869108865202522
7.5 16.793 0.0024402586225524014
8.5 14.8875 0.002591726162313414
9.5 12.848600000000001 0.0027897937405978036
10.5 11.4098 0.0029604721784946757
11.5 9.9359 0.0031724617463002517
12.5 8.7686 0.003377029624288189
13.5 7.634399999999999 0.003619199677869238
14.5 6.6803 0.0038690292842460095
15.5 5.7469 0.004171412900566441
16.5 4.978300000000001 0.004481872192963182
17.5 4.335699999999999 0.004802533332143287
18.5 3.6867 0.005208121418641624
19.5 3.1036 0.00567632336910007
20.5 2.6673 0.0061229972941960475
21.5 2.2658 0.00664338182126592
22.5 1.8918 0.00727046837066137
23.5 1.5751 0.007967937782505123
24.5 1.3399999999999999 0.008638684255813602
25.5 1.0842999999999998 0.009603405587334638
26.5 0.901 0.010535074339697479
27.5 0.7211000000000001 0.011776120805154142
28.5 0.6234 0.012665332655214554
29.5 0.49639999999999995 0.01419332389509149
30.5 0.3918 0.01597599015265832
31.5 0.317 0.0177611208331347
32.5 0.2494 0.020024043286581833
33.5 0.19929999999999998 0.02239991398449545
34.5 0.154 0.025482359571881278
35.5 0.12329999999999999 0.0284785885905587
36.5 0.0885 0.033614632272640714
37.5 0.073 0.037011660509880265
38.5 0.0582 0.041451333614483915
39.5 0.0439 0.047727395990334764
40.5 0.0355 0.05307448924342753
41.5 0.0274 0.0604122093330177
42.5 0.020499999999999997 0.06984302957695783
43.5 0.0137 0.0854357657716761
44.5 0.011099999999999999 0.0949157995752499
45.5 0.0088 0.10660035817780521
46.5 0.0063999999999999994 0.12500000000000003
47.5 0.004399999999999999 0.15075567228888184
48.5 0.004200000000000001 0.1543033499620919
49.5 0.0034000000000000002 0.17149858514250882
50.5 0.0028 0.1889822365046136
51.5 0.002 0.22360679774997896
52.5 0.0012000000000000001 0.28867513459481287
53.5 0.001 0.31622776601683794
54.5 0.0007 0.3779644730092272
55.5 0.0005 0.4472135954999579
56.5 0.0 inf
57.5 0.0002 0.7071067811865475
58.5 0.0001 1.0
59.5 0.0001 1.0
60.5 0.0 inf
61.5 0.0001 1.0
62.5 0.0 inf
63.5 0.0002 0.7071067811865475
64.5 0.0 inf
65.5 0.0 inf
66.5 0.0 inf
67.5 0.0 inf
68.5 0.0 inf
69.5 0.0 inf
70.5 0.0 inf
71.5 0.0 inf
72.5 0.0 inf
73.5 0.0 inf
74.5 0.0 inf
75.5 0.0 inf
76.5 0.0 inf
77.5 0.0 inf
78.5 0.0 inf
79.5 0.0 inf
80.5 0.0 inf
81.5 0.0 inf
82.5 0.0 inf
83.5 0.0 inf
84.5 0.0 inf
85.5 0.0 inf
86.5 0.0 inf
87.5 0.0 inf
88.5 0.0 inf
89.5 0.0 inf
90.5 0.0 inf
91.5 0.0 inf
92.5 0.0 inf
93.5 0.0 inf
94.5 0.0 inf
95.5 0.0 inf
96.5 0.0 inf
97.5 0.0 inf
