0.5 43.5769 0.001514857683514522
1.5 23.2229 0.00207511310906807
2.5 23.5444 0.0020608965217643587
3.5 21.6115 0.0021510848639992976
4.5 19.0773 0.0022895047314687514
5.5 17.0562 0.0024213571917354377
6.5 14.987100000000002 0.0025830998693257465
7.5 13.2484 0.002747377163357663
8.5 11.893699999999999 0.0028996228270952106
9.5 10.4031 0.0031004063193709273
10.5 9.2899 0.0032809112329665715
11.5 8.0841 0.003517095504421838
12.5 7.2549 0.0037126523550060214
13.5 6.3278 0.003975334043962344
14.5 5.5517 0.0042441136501593325
15.5 4.8173 0.0045561514660142025
16.5 4.2621 0.004843822078406319
17.5 3.6991 0.0051993848451755255
18.5 3.1416000000000004 0.005641889238885797
19.5 2.6747 0.006114521285123594
20.5 2.3171999999999997 0.00656928706476369
21.5 1.9614 0.007140307488254101
22.5 1.6428 0.007802030664724672
23.5 1.3988 0.008455166967098953
24.5 1.1723 0.009235929676938627
25.5 0.9397 0.010315858741622002
26.5 0.8029 0.011160130449295197
27.5 0.6561999999999999 0.01234473828166939
28.5 0.5602 0.013360676473519621
29.5 0.43589999999999995 0.015146300381045256
30.5 0.3517 0.01686218368289194
31.5 0.2865 0.01868261597357436
32.5 0.2263 0.021021210591721247
33.5 0.1763 0.023816275411477045
34.5 0.1352 0.02719641466102106
35.5 0.1097 0.03019233393195842
36.5 0.0867 0.03396178054056622
37.5 0.0712 0.03747658444979307
38.5 0.0557 0.042371359860703575
39.5 0.0416 0.04902903378454601
40.5 0.033 0.055048188256318034
41.5 0.0254 0.06274558051381586
42.5 0.0176 0.07537783614444091
43.5 0.0137 0.0854357657716761
44.5 0.012400000000000001 0.08980265101338744
45.5 0.0086 0.10783277320343841
46.5 0.006500000000000001 0.12403473458920847
47.5 0.0037999999999999996 0.16222142113076254
48.5 0.0037999999999999996 0.16222142113076254
49.5 0.002 0.22360679774997896
50.5 0.0014999999999999998 0.25819888974716115
51.5 0.0012 0.2886751345948129
52.5 0.0007 0.3779644730092272
53.5 0.00039999999999999996 0.5000000000000001
54.5 0.0006000000000000001 0.40824829046386296
55.5 0.0005 0.4472135954999579
56.5 0.00039999999999999996 0.5000000000000001
57.5 0.0002 0.7071067811865475
58.5 0.0002 0.7071067811865475
59.5 0.0 inf
60.5 0.0 inf
61.5 0.0001 1.0
62.5 0.0 inf
63.5 0.0001 1.0
64.5 0.0 inf
65.5 0.0 inf
66.5 0.0 inf
67.5 0.0 inf
68.5 0.0 inf
69.5 0.0 inf
70.5 0.0 inf
71.5 0.0 inf
72.5 0.0 inf
73.5 0.0 inf
74.5 0.0 inf
75.5 0.0 inf
76.5 0.0 inf
77.5 0.0 inf
78.5 0.0 inf
79.5 0.0 inf
80.5 0.0 inf
81.5 0.0 inf
82.5 0.0 inf
83.5 0.0 inf
84.5 0.0 inf
85.5 0.0 inf
86.5 0.0 inf
87.5 0.0 inf
88.5 0.0 inf
89.5 0.0 inf
90.5 0.0 inf
91.5 0.0 inf
92.5 0.0 inf
93.5 0.0 inf
94.5 0.0 inf
95.5 0.0 inf
96.5 0.0 inf
97.5 0.0 inf
