0.5 4336.0 0.015186418480769674
1.5 2202.0 0.021310387296367063
2.5 2146.0 0.021586644588817278
3.5 1846.0 0.023274703205786385
4.5 1466.0 0.02611758488277851
5.5 1254.0 0.02823912473624525
6.5 1024.0 0.03125
7.5 850.0 0.03429971702850177
8.5 715.0 0.03739787960033829
9.5 610.0 0.0404888165089458
10.5 515.0 0.044065264923923174
11.5 411.0 0.049326362366699
12.5 329.0 0.055131784641997125
13.5 285.0 0.05923488777590923
14.5 220.0 0.06741998624632421
15.5 178.0 0.07495316889958614
16.5 160.0 0.07905694150420949
17.5 125.0 0.08944271909999159
18.5 90.0 0.10540925533894598
19.5 97.0 0.10153461651336192
20.5 72.0 0.11785113019775793
21.5 61.0 0.12803687993289598
22.5 43.0 0.15249857033260467
23.5 35.0 0.1690308509457033
24.5 31.0 0.1796053020267749
25.5 19.0 0.22941573387056174
26.5 16.0 0.25
27.5 9.0 0.3333333333333333
28.5 7.0 0.3779644730092272
29.5 5.0 0.4472135954999579
30.5 3.0 0.5773502691896258
31.5 2.0 0.7071067811865475
32.5 3.0 0.5773502691896258
33.5 0.0 inf
34.5 0.0 inf
35.5 0.0 inf
36.5 0.0 inf
37.5 0.0 inf
38.5 0.0 inf
39.5 0.0 inf
40.5 0.0 inf
41.5 0.0 inf
42.5 0.0 inf
43.5 0.0 inf
44.5 0.0 inf
45.5 0.0 inf
46.5 0.0 inf
47.5 0.0 inf
48.5 0.0 inf
49.5 0.0 inf
50.5 0.0 inf
51.5 0.0 inf
52.5 0.0 inf
53.5 0.0 inf
54.5 0.0 inf
55.5 0.0 inf
56.5 0.0 inf
57.5 0.0 inf
58.5 0.0 inf
59.5 0.0 inf
60.5 0.0 inf
61.5 0.0 inf
62.5 0.0 inf
63.5 0.0 inf
64.5 0.0 inf
65.5 0.0 inf
66.5 0.0 inf
67.5 0.0 inf
68.5 0.0 inf
69.5 0.0 inf
70.5 0.0 inf
71.5 0.0 inf
72.5 0.0 inf
73.5 0.0 inf
74.5 0.0 inf
75.5 0.0 inf
76.5 0.0 inf
77.5 0.0 inf
78.5 0.0 inf
79.5 0.0 inf
80.5 0.0 inf
81.5 0.0 inf
82.5 0.0 inf
83.5 0.0 inf
84.5 0.0 inf
85.5 0.0 inf
86.5 0.0 inf
87.5 0.0 inf
88.5 0.0 inf
89.5 0.0 inf
90.5 0.0 inf
91.5 0.0 inf
92.5 0.0 inf
93.5 0.0 inf
94.5 0.0 inf
95.5 0.0 inf
96.5 0.0 inf
97.5 0.0 inf
