0.5 12618.0 0.008902351510627226
1.5 5919.0 0.012997978971392708
2.5 5464.0 0.013528344518723522
3.5 4418.0 0.015044825131628671
4.5 3524.0 0.01684542801323023
5.5 2845.0 0.018748169213489752
6.5 2126.0 0.021687943336591728
7.5 1848.0 0.023262105259961773
8.5 1439.0 0.02636146871214824
9.5 1214.0 0.028700578896514575
10.5 968.0 0.03214121732666125
11.5 731.0 0.036986336072765455
12.5 671.0 0.038604571824109146
13.5 517.0 0.04397994971335425
14.5 387.0 0.05083285677753489
15.5 340.0 0.05423261445466404
16.5 273.0 0.060522753266880246
17.5 238.0 0.06482037235521644
18.5 182.0 0.07412493166611012
19.5 140.0 0.08451542547285165
20.5 119.0 0.09166984970282113
21.5 88.0 0.10660035817780521
22.5 73.0 0.11704114719613057
23.5 46.0 0.14744195615489714
24.5 38.0 0.16222142113076254
25.5 30.0 0.18257418583505536
26.5 23.0 0.20851441405707477
27.5 25.0 0.2
28.5 15.0 0.2581988897471611
29.5 11.0 0.30151134457776363
30.5 5.0 0.4472135954999579
31.5 4.0 0.5
32.5 4.0 0.5
33.5 3.0 0.5773502691896258
34.5 1.0 1.0
35.5 2.0 0.7071067811865475
36.5 0.0 inf
37.5 0.0 inf
38.5 0.0 inf
39.5 0.0 inf
40.5 0.0 inf
41.5 0.0 inf
42.5 0.0 inf
43.5 0.0 inf
44.5 0.0 inf
45.5 0.0 inf
46.5 0.0 inf
47.5 0.0 inf
48.5 0.0 inf
49.5 0.0 inf
50.5 0.0 inf
51.5 0.0 inf
52.5 0.0 inf
53.5 0.0 inf
54.5 0.0 inf
55.5 0.0 inf
56.5 0.0 inf
57.5 0.0 inf
58.5 0.0 inf
59.5 0.0 inf
60.5 0.0 inf
61.5 0.0 inf
62.5 0.0 inf
63.5 0.0 inf
64.5 0.0 inf
65.5 0.0 inf
66.5 0.0 inf
67.5 0.0 inf
68.5 0.0 inf
69.5 0.0 inf
70.5 0.0 inf
71.5 0.0 inf
72.5 0.0 inf
73.5 0.0 inf
74.5 0.0 inf
75.5 0.0 inf
76.5 0.0 inf
77.5 0.0 inf
78.5 0.0 inf
79.5 0.0 inf
80.5 0.0 inf
81.5 0.0 inf
82.5 0.0 inf
83.5 0.0 inf
84.5 0.0 inf
85.5 0.0 inf
86.5 0.0 inf
87.5 0.0 inf
88.5 0.0 inf
89.5 0.0 inf
90.5 0.0 inf
91.5 0.0 inf
92.5 0.0 inf
93.5 0.0 inf
94.5 0.0 inf
95.5 0.0 inf
96.5 0.0 inf
97.5 0.0 inf
