0.5 38.552 0.0016105586450673192
1.5 20.35 0.0022167554926073633
2.5 20.6444 0.0022008926870403876
3.5 18.8763 0.0023016620894229524
4.5 16.671 0.0024491713711977305
5.5 15.0277 0.0025796081578736687
6.5 13.1313 0.0027596000128237512
7.5 11.635100000000001 0.0029316690346784966
8.5 10.4514 0.0030932339291152903
9.5 9.0928 0.003316279915176798
10.5 8.2093 0.00349017285631276
11.5 7.180899999999999 0.003731732978652995
12.5 6.393800000000001 0.003954763127756897
13.5 5.6067 0.004223245622993155
14.5 4.9545 0.004492624111789172
15.5 4.3012999999999995 0.004821699415244654
16.5 3.7919 0.005135367901241785
17.5 3.2851 0.005517288614325886
18.5 2.7802 0.00599738570962172
19.5 2.4215 0.006426252166776961
20.5 2.0812 0.006931753196936576
21.5 1.7504 0.007558425689461256
22.5 1.4926 0.008185180884878662
23.5 1.2112 0.009086404552310174
24.5 1.0572 0.009725712398052934
25.5 0.8504 0.010843971668295864
26.5 0.7232000000000001 0.011759010854794966
27.5 0.5618 0.013341637380878256
28.5 0.49729999999999996 0.014180474733371392
29.5 0.4044 0.015725136593060973
30.5 0.32630000000000003 0.017506182962730887
31.5 0.2602 0.01960407493444558
32.5 0.21050000000000002 0.021795857001338646
33.5 0.1575 0.02519763153394848
34.5 0.1292 0.027820744203732862
35.5 0.1061 0.03070027799227584
36.5 0.08299999999999999 0.03471050672503117
37.5 0.0634 0.03971507353947688
38.5 0.0485 0.045407660918649985
39.5 0.0396 0.050251890762960605
40.5 0.030199999999999998 0.0575435337648436
41.5 0.0218 0.06772854614785964
42.5 0.018799999999999997 0.07293249574894728
43.5 0.0148 0.08219949365267865
44.5 0.010700000000000001 0.09667364890456635
45.5 0.0073 0.11704114719613057
46.5 0.007299999999999999 0.11704114719613057
47.5 0.0036 0.16666666666666666
48.5 0.0031000000000000003 0.17960530202677488
49.5 0.0028 0.1889822365046136
50.5 0.0024999999999999996 0.2
51.5 0.0017000000000000001 0.24253562503633297
52.5 0.0007999999999999999 0.3535533905932738
53.5 0.0005 0.4472135954999579
54.5 0.0006000000000000001 0.40824829046386296
55.5 0.0007 0.3779644730092272
56.5 0.0001 1.0
57.5 0.0 inf
58.5 0.0 inf
59.5 0.0 inf
60.5 0.0 inf
61.5 0.0 inf
62.5 0.0 inf
63.5 0.0 inf
64.5 0.0 inf
65.5 0.0 inf
66.5 0.0 inf
67.5 0.0 inf
68.5 0.0 inf
69.5 0.0 inf
70.5 0.0 inf
71.5 0.0 inf
72.5 0.0 inf
73.5 0.0 inf
74.5 0.0 inf
75.5 0.0 inf
76.5 0.0 inf
77.5 0.0 inf
78.5 0.0 inf
79.5 0.0 inf
80.5 0.0 inf
81.5 0.0 inf
82.5 0.0 inf
83.5 0.0 inf
84.5 0.0 inf
85.5 0.0 inf
86.5 0.0 inf
87.5 0.0 inf
88.5 0.0 inf
89.5 0.0 inf
90.5 0.0 inf
91.5 0.0 inf
92.5 0.0 inf
93.5 0.0 inf
94.5 0.0 inf
95.5 0.0 inf
96.5 0.0 inf
97.5 0.0 inf
