0.5 39.4679 0.0015917614788387303
1.5 20.8315 0.0021909866355535974
2.5 21.215600000000002 0.0021710625735347215
3.5 19.4255 0.002268892382117505
4.5 17.1757 0.0024129191881859208
5.5 15.4023 0.0025480456881530134
6.5 13.4559 0.0027261115609233423
7.5 12.0776 0.0028774625430909497
8.5 10.7046 0.0030564322830577096
9.5 9.3413 0.00327187226305124
10.5 8.4767 0.0034346824687092386
11.5 7.3936 0.003677663795576139
12.5 6.5870999999999995 0.003896304335198176
13.5 5.738899999999999 0.004174319353148204
14.5 5.0672999999999995 0.004442338945684988
15.5 4.4331 0.00474948188946989
16.5 3.8968999999999996 0.005065710530866298
17.5 3.3792 0.005439926748615558
18.5 2.8951000000000002 0.005877169489200929
19.5 2.4691 0.006364007169898165
20.5 2.1383 0.00683857606675348
21.5 1.8066 0.007439932529045819
22.5 1.5320999999999998 0.008078978338829857
23.5 1.2937 0.008791909538890426
24.5 1.0684 0.009674600943034482
25.5 0.881 0.010653984136442512
26.5 0.7337 0.011674565885690427
27.5 0.6031 0.012876722477435864
28.5 0.5206999999999999 0.013858180421185678
29.5 0.4097 0.015623093000542114
30.5 0.31989999999999996 0.017680432313071925
31.5 0.2625 0.019518001458970664
32.5 0.21250000000000002 0.021693045781865615
33.5 0.1686 0.024354051207174154
34.5 0.13290000000000002 0.02743073910242014
35.5 0.1111 0.030001500112509377
36.5 0.0801 0.03533326266687867
37.5 0.07089999999999999 0.037555788309433985
38.5 0.0489 0.045221563164613454
39.5 0.0386 0.050898659855928764
40.5 0.0281 0.05965499862718936
41.5 0.0224 0.0668153104781061
42.5 0.0199 0.07088812050083358
43.5 0.0116 0.09284766908852593
44.5 0.0098 0.10101525445522107
45.5 0.009000000000000001 0.10540925533894598
46.5 0.0058 0.13130643285972257
47.5 0.0040999999999999995 0.15617376188860607
48.5 0.0028 0.1889822365046136
49.5 0.0021999999999999997 0.21320071635561047
50.5 0.0009 0.3333333333333333
51.5 0.0010999999999999998 0.3015113445777637
52.5 0.0006 0.4082482904638631
53.5 0.0007 0.3779644730092272
54.5 0.0002 0.7071067811865475
55.5 0.0005 0.4472135954999579
56.5 0.0001 1.0
57.5 0.0002 0.7071067811865475
58.5 0.0 inf
59.5 0.0 inf
60.5 0.0 inf
61.5 0.0001 1.0
62.5 0.0001 1.0
63.5 0.0 inf
64.5 0.0001 1.0
65.5 0.0 inf
66.5 0.0 inf
67.5 0.0 inf
68.5 0.0 inf
69.5 0.0 inf
70.5 0.0 inf
71.5 0.0 inf
72.5 0.0 inf
73.5 0.0 inf
74.5 0.0 inf
75.5 0.0 inf
76.5 0.0 inf
77.5 0.0 inf
78.5 0.0 inf
79.5 0.0 inf
80.5 0.0 inf
81.5 0.0 inf
82.5 0.0 inf
83.5 0.0 inf
84.5 0.0 inf
85.5 0.0 inf
86.5 0.0 inf
87.5 0.0 inf
88.5 0.0 inf
89.5 0.0 inf
90.5 0.0 inf
91.5 0.0 inf
92.5 0.0 inf
93.5 0.0 inf
94.5 0.0 inf
95.5 0.0 inf
96.5 0.0 inf
97.5 0.0 inf
