0.5 971.0 0.032091527190284
1.5 597.0 0.0409272754535029
2.5 596.0 0.04096159602595203
3.5 517.0 0.04397994971335425
4.5 442.0 0.047565149415449405
5.5 381.0 0.051231551957855996
6.5 329.0 0.055131784641997125
7.5 270.0 0.06085806194501846
8.5 257.0 0.06237828615518053
9.5 201.0 0.07053456158585983
10.5 175.0 0.07559289460184544
11.5 147.0 0.08247860988423225
12.5 118.0 0.09205746178983235
13.5 112.0 0.0944911182523068
14.5 87.0 0.10721125348377948
15.5 67.0 0.12216944435630522
16.5 74.0 0.11624763874381928
17.5 47.0 0.14586499149789456
18.5 43.0 0.15249857033260467
19.5 27.0 0.19245008972987526
20.5 19.0 0.22941573387056174
21.5 24.0 0.20412414523193154
22.5 13.0 0.2773500981126146
23.5 15.0 0.2581988897471611
24.5 11.0 0.30151134457776363
25.5 4.0 0.5
26.5 3.0 0.5773502691896258
27.5 2.0 0.7071067811865475
28.5 0.0 inf
29.5 1.0 1.0
30.5 1.0 1.0
31.5 1.0 1.0
32.5 1.0 1.0
33.5 1.0 1.0
34.5 0.0 inf
35.5 0.0 inf
36.5 0.0 inf
37.5 0.0 inf
38.5 0.0 inf
39.5 0.0 inf
40.5 0.0 inf
41.5 0.0 inf
42.5 0.0 inf
43.5 0.0 inf
44.5 0.0 inf
45.5 0.0 inf
46.5 0.0 inf
47.5 0.0 inf
48.5 0.0 inf
49.5 0.0 inf
50.5 0.0 inf
51.5 0.0 inf
52.5 0.0 inf
53.5 0.0 inf
54.5 0.0 inf
55.5 0.0 inf
56.5 0.0 inf
57.5 0.0 inf
58.5 0.0 inf
59.5 0.0 inf
60.5 0.0 inf
61.5 0.0 inf
62.5 0.0 inf
63.5 0.0 inf
64.5 0.0 inf
65.5 0.0 inf
66.5 0.0 inf
67.5 0.0 inf
68.5 0.0 inf
69.5 0.0 inf
70.5 0.0 inf
71.5 0.0 inf
72.5 0.0 inf
73.5 0.0 inf
74.5 0.0 inf
75.5 0.0 inf
76.5 0.0 inf
77.5 0.0 inf
78.5 0.0 inf
79.5 0.0 inf
80.5 0.0 inf
81.5 0.0 inf
82.5 0.0 inf
83.5 0.0 inf
84.5 0.0 inf
85.5 0.0 inf
86.5 0.0 inf
87.5 0.0 inf
88.5 0.0 inf
89.5 0.0 inf
90.5 0.0 inf
91.5 0.0 inf
92.5 0.0 inf
93.5 0.0 inf
94.5 0.0 inf
95.5 0.0 inf
96.5 0.0 inf
97.5 0.0 inf
