0.5 2503780.0 0.0006319779371758382
1.5 263608.0 0.0019476939127587105
2.5 141722.0 0.0026563259424351444
3.5 74873.0 0.003654579238115332
4.5 42667.0 0.004841210271818583
5.5 26244.0 0.006172839506172839
6.5 17243.0 0.00761541518976082
7.5 11568.0 0.009297600041320023
8.5 8145.0 0.011080374921908893
9.5 5838.0 0.013087839325038072
10.5 4346.0 0.01516893669935528
11.5 3107.0 0.017940286462017098
12.5 2400.0 0.020412414523193152
13.5 1907.0 0.02289942900985637
14.5 1417.0 0.02656532141809275
15.5 1087.0 0.030330895164368973
16.5 849.0 0.03431991115272901
17.5 674.0 0.03851856078856727
18.5 476.0 0.045834924851410566
19.5 367.0 0.052199575097188054
20.5 296.0 0.05812381937190964
21.5 254.0 0.06274558051381586
22.5 177.0 0.07516460280028289
23.5 133.0 0.086710996952412
24.5 101.0 0.09950371902099892
25.5 88.0 0.10660035817780521
26.5 57.0 0.13245323570650439
27.5 45.0 0.14907119849998599
28.5 31.0 0.1796053020267749
29.5 36.0 0.16666666666666666
30.5 16.0 0.25
31.5 14.0 0.2672612419124244
32.5 13.0 0.2773500981126146
33.5 7.0 0.3779644730092272
34.5 5.0 0.4472135954999579
35.5 2.0 0.7071067811865475
36.5 1.0 1.0
37.5 4.0 0.5
38.5 3.0 0.5773502691896258
39.5 0.0 inf
40.5 0.0 inf
41.5 0.0 inf
42.5 0.0 inf
43.5 0.0 inf
44.5 0.0 inf
45.5 0.0 inf
46.5 0.0 inf
47.5 0.0 inf
48.5 0.0 inf
49.5 0.0 inf
50.5 0.0 inf
51.5 0.0 inf
52.5 0.0 inf
53.5 0.0 inf
54.5 0.0 inf
55.5 0.0 inf
56.5 0.0 inf
57.5 0.0 inf
58.5 0.0 inf
59.5 0.0 inf
60.5 0.0 inf
61.5 0.0 inf
62.5 0.0 inf
63.5 0.0 inf
64.5 0.0 inf
65.5 0.0 inf
66.5 0.0 inf
67.5 0.0 inf
68.5 0.0 inf
69.5 0.0 inf
70.5 0.0 inf
71.5 0.0 inf
72.5 0.0 inf
73.5 0.0 inf
74.5 0.0 inf
75.5 0.0 inf
76.5 0.0 inf
77.5 0.0 inf
78.5 0.0 inf
79.5 0.0 inf
80.5 0.0 inf
81.5 0.0 inf
82.5 0.0 inf
83.5 0.0 inf
84.5 0.0 inf
85.5 0.0 inf
86.5 0.0 inf
87.5 0.0 inf
88.5 0.0 inf
89.5 0.0 inf
90.5 0.0 inf
91.5 0.0 inf
92.5 0.0 inf
93.5 0.0 inf
94.5 0.0 inf
95.5 0.0 inf
96.5 0.0 inf
97.5 0.0 inf
