0.5 38.6795 0.001607901995828926
1.5 20.4549 0.0022110640310983674
2.5 20.6629 0.0021999072098707905
3.5 19.0042 0.0022939038159777545
4.5 16.8111 0.002438944592648306
5.5 15.025500000000001 0.002579797001180956
6.5 13.154900000000001 0.00275712352893065
7.5 11.7422 0.002918268607574871
8.5 10.3955 0.0031015394434603114
9.5 9.2395 0.003289847487028113
10.5 8.2348 0.00348476480669824
11.5 7.2199 0.003721640411046218
12.5 6.425000000000001 0.003945149215762358
13.5 5.5912 0.004229095440782304
14.5 5.0084 0.004468384087489168
15.5 4.2912 0.004827370386362435
16.5 3.7883 0.005137807377316837
17.5 3.3014 0.005503651508196059
18.5 2.8084 0.005967198951293042
19.5 2.419 0.006429572026566925
20.5 2.0722 0.006946789918015514
21.5 1.7669000000000001 0.007523051149771044
22.5 1.4906000000000001 0.008190670242939773
23.5 1.2403 0.008979178976022672
24.5 1.0342 0.009833264773865166
25.5 0.8683000000000001 0.010731615386912743
26.5 0.7251 0.011743594515149825
27.5 0.5848 0.013076644524148537
28.5 0.4965 0.014191894485359773
29.5 0.41169999999999995 0.015585099041086523
30.5 0.32689999999999997 0.01749010995279634
31.5 0.257 0.01972574607881179
32.5 0.2103 0.02180621871193172
33.5 0.1688 0.024339619175561773
34.5 0.1248 0.02830692585361489
35.5 0.0999 0.03163859985841663
36.5 0.0799 0.03537745688386125
37.5 0.06770000000000001 0.03843312210120439
38.5 0.0517 0.04397994971335425
39.5 0.039 0.05063696835418333
40.5 0.0259 0.062136976600120006
41.5 0.0202 0.07035975447302918
42.5 0.0156 0.08006407690254357
43.5 0.0119 0.09166984970282112
44.5 0.0093 0.10369516947304253
45.5 0.007599999999999999 0.1147078669352809
46.5 0.005900000000000001 0.13018891098082386
47.5 0.0046 0.14744195615489714
48.5 0.0039 0.16012815380508713
49.5 0.002 0.22360679774997896
50.5 0.0018999999999999998 0.2294157338705618
51.5 0.0012000000000000001 0.28867513459481287
52.5 0.0005 0.4472135954999579
53.5 0.0002 0.7071067811865475
54.5 0.0009 0.3333333333333333
55.5 0.0007 0.3779644730092272
56.5 0.00039999999999999996 0.5000000000000001
57.5 0.0002 0.7071067811865475
58.5 0.0002 0.7071067811865475
59.5 0.0 inf
60.5 0.0002 0.7071067811865475
61.5 0.0001 1.0
62.5 0.0 inf
63.5 0.0 inf
64.5 0.0 inf
65.5 0.0 inf
66.5 0.0 inf
67.5 0.0 inf
68.5 0.0 inf
69.5 0.0 inf
70.5 0.0 inf
71.5 0.0 inf
72.5 0.0 inf
73.5 0.0 inf
74.5 0.0 inf
75.5 0.0 inf
76.5 0.0 inf
77.5 0.0 inf
78.5 0.0 inf
79.5 0.0 inf
80.5 0.0 inf
81.5 0.0 inf
82.5 0.0 inf
83.5 0.0 inf
84.5 0.0 inf
85.5 0.0 inf
86.5 0.0 inf
87.5 0.0 inf
88.5 0.0 inf
89.5 0.0 inf
90.5 0.0 inf
91.5 0.0 inf
92.5 0.0 inf
93.5 0.0 inf
94.5 0.0 inf
95.5 0.0 inf
96.5 0.0 inf
97.5 0.0 inf
