0.5 38.4912 0.0016118301477379428
1.5 20.2145 0.0022241726608625404
2.5 20.6002 0.002203252550821386
3.5 18.9131 0.002299421779620161
4.5 16.6115 0.002453553739967958
5.5 14.9264 0.0025883467835110243
6.5 13.1509 0.0027575428027306133
7.5 11.610800000000001 0.0029347352455576952
8.5 10.3953 0.0031015692792950218
9.5 9.1054 0.0033139845963305087
10.5 8.1947 0.0034932805873682735
11.5 7.1585 0.003737566989188676
12.5 6.3865 0.003957022700742622
13.5 5.5339 0.0042509338467616835
14.5 4.9275 0.004504915855996573
15.5 4.2575 0.004846438116726565
16.5 3.7892 0.005137197182388672
17.5 3.2628000000000004 0.005536110795604065
18.5 2.7879 0.005989097786717373
19.5 2.3819999999999997 0.0064793154057835355
20.5 2.076 0.006940429153883574
21.5 1.7449 0.0075703285590108214
22.5 1.4783 0.008224674353036018
23.5 1.2696999999999998 0.008874613338746807
24.5 1.0635 0.009696862845075269
25.5 0.8551 0.010814129022001837
26.5 0.7257 0.011738738780183033
27.5 0.5722 0.013219836175517261
28.5 0.49460000000000004 0.014219127353430849
29.5 0.3925 0.015961737689352443
30.5 0.31620000000000004 0.01778357485073947
31.5 0.2572 0.019718075168127475
32.5 0.1986 0.02243935544326001
33.5 0.1648 0.02463323195410733
34.5 0.1282 0.027929038673897278
35.5 0.1061 0.03070027799227584
36.5 0.07930000000000001 0.03551104121142175
37.5 0.0626 0.039968038348871575
38.5 0.0467 0.046274481338274755
39.5 0.0372 0.05184758473652126
40.5 0.0256 0.0625
41.5 0.023899999999999998 0.0646846227353151
42.5 0.0187 0.07312724241271307
43.5 0.009500000000000001 0.1025978352085154
44.5 0.0113 0.09407208683835974
45.5 0.007600000000000001 0.11470786693528087
46.5 0.006500000000000001 0.12403473458920847
47.5 0.004399999999999999 0.15075567228888184
48.5 0.0034000000000000002 0.17149858514250882
49.5 0.0029 0.18569533817705186
50.5 0.0009 0.3333333333333333
51.5 0.0013 0.2773500981126146
52.5 0.0008 0.35355339059327373
53.5 0.0005 0.4472135954999579
54.5 0.0001 1.0
55.5 0.0008 0.35355339059327373
56.5 0.0005 0.4472135954999579
57.5 0.0001 1.0
58.5 0.0004 0.5
59.5 0.0001 1.0
60.5 0.0 inf
61.5 0.0002 0.7071067811865475
62.5 0.0 inf
63.5 0.0002 0.7071067811865475
64.5 0.0 inf
65.5 0.0 inf
66.5 0.0 inf
67.5 0.0 inf
68.5 0.0 inf
69.5 0.0 inf
70.5 0.0 inf
71.5 0.0 inf
72.5 0.0 inf
73.5 0.0 inf
74.5 0.0 inf
75.5 0.0 inf
76.5 0.0 inf
77.5 0.0 inf
78.5 0.0 inf
79.5 0.0 inf
80.5 0.0 inf
81.5 0.0 inf
82.5 0.0 inf
83.5 0.0 inf
84.5 0.0 inf
85.5 0.0 inf
86.5 0.0 inf
87.5 0.0 inf
88.5 0.0 inf
89.5 0.0 inf
90.5 0.0 inf
91.5 0.0 inf
92.5 0.0 inf
93.5 0.0 inf
94.5 0.0 inf
95.5 0.0 inf
96.5 0.0 inf
97.5 0.0 inf
