0.5 45.0597 0.0014897241288580761
1.5 24.0995 0.0020370232403728547
2.5 24.399700000000003 0.002024453270894997
3.5 22.4814 0.002109057030586405
4.5 19.704500000000003 0.0022527722636637745
5.5 17.628500000000003 0.0023817288647237506
6.5 15.526 0.0025378748916378992
7.5 13.7395 0.0026978297270210364
8.5 12.3339 0.002847408574568624
9.5 10.744 0.0030508229179264153
10.5 9.6294 0.00322255535618191
11.5 8.4286 0.0034444689810577893
12.5 7.4857 0.0036549697837130186
13.5 6.5514 0.003906905816212009
14.5 5.7833000000000006 0.004158264775518697
15.5 5.0105 0.004467447595122761
16.5 4.4078 0.00476309298319382
17.5 3.8034 0.00512759834773466
18.5 3.2340999999999998 0.005560620773420457
19.5 2.7904 0.005986414282632196
20.5 2.3738 0.00649049675684724
21.5 2.0325 0.007014306238318943
22.5 1.7172999999999998 0.0076309202540454455
23.5 1.4123999999999999 0.008414361096995514
24.5 1.2307000000000001 0.009014131714679708
25.5 0.9758 0.010123241397734356
26.5 0.82 0.011043152607484653
27.5 0.6697 0.012219680491303427
28.5 0.5765 0.013170441819759387
29.5 0.4636 0.014686837386151166
30.5 0.3765 0.016297369409447485
31.5 0.29569999999999996 0.018389687012948967
32.5 0.2383 0.020485094834173604
33.5 0.179 0.02363597296235327
34.5 0.14950000000000002 0.02586303000559358
35.5 0.12229999999999999 0.028594780785029784
36.5 0.09240000000000001 0.03289758474798845
37.5 0.0722 0.03721614637823934
38.5 0.0566 0.04203313517091986
39.5 0.0456 0.0468292905790847
40.5 0.032 0.05590169943749474
41.5 0.0254 0.06274558051381586
42.5 0.0222 0.06711560552140243
43.5 0.014 0.08451542547285165
44.5 0.011800000000000001 0.09205746178983235
45.5 0.007600000000000001 0.11470786693528087
46.5 0.0063 0.1259881576697424
47.5 0.0048000000000000004 0.14433756729740643
48.5 0.003 0.18257418583505536
49.5 0.0027 0.19245008972987526
50.5 0.0018 0.23570226039551587
51.5 0.0018999999999999998 0.2294157338705618
52.5 0.0011 0.30151134457776363
53.5 0.00030000000000000003 0.5773502691896257
54.5 0.0007 0.3779644730092272
55.5 0.00039999999999999996 0.5000000000000001
56.5 0.0001 1.0
57.5 0.0005 0.4472135954999579
58.5 0.00030000000000000003 0.5773502691896257
59.5 0.0 inf
60.5 0.0001 1.0
61.5 0.0 inf
62.5 0.0 inf
63.5 0.0 inf
64.5 0.0 inf
65.5 0.0 inf
66.5 0.0 inf
67.5 0.0 inf
68.5 0.0 inf
69.5 0.0 inf
70.5 0.0 inf
71.5 0.0 inf
72.5 0.0 inf
73.5 0.0 inf
74.5 0.0 inf
75.5 0.0 inf
76.5 0.0 inf
77.5 0.0 inf
78.5 0.0 inf
79.5 0.0 inf
80.5 0.0 inf
81.5 0.0 inf
82.5 0.0 inf
83.5 0.0 inf
84.5 0.0 inf
85.5 0.0 inf
86.5 0.0 inf
87.5 0.0 inf
88.5 0.0 inf
89.5 0.0 inf
90.5 0.0 inf
91.5 0.0 inf
92.5 0.0 inf
93.5 0.0 inf
94.5 0.0 inf
95.5 0.0 inf
96.5 0.0 inf
97.5 0.0 inf
