0.5 38.527699999999996 0.0016110664667905701
1.5 20.2345 0.0022230731908821797
2.5 20.5992 0.002203306029252877
3.5 18.8968 0.0023004132833666707
4.5 16.6593 0.0024500312595357497
5.5 14.9586 0.002585559434864809
6.5 13.078800000000001 0.002765133161926716
7.5 11.698699999999999 0.0029236891627112535
8.5 10.4243 0.003097252051639506
9.5 9.037199999999999 0.0033264657267070242
10.5 8.1917 0.0034939201910185813
11.5 7.156000000000001 0.0037382198051140758
12.5 6.4106000000000005 0.003949577684362693
13.5 5.5781 0.004234058480296567
14.5 4.9112 0.004512385446088793
15.5 4.3215 0.004810417173858791
16.5 3.7550999999999997 0.005160469867723185
17.5 3.2992 0.005505486197741382
18.5 2.8122 0.005963165983999986
19.5 2.3717 0.0064933695964507375
20.5 2.0853 0.006924935431770243
21.5 1.7717 0.007512853278514727
22.5 1.4847000000000001 0.008206928423163229
23.5 1.2357 0.008995876335833408
24.5 1.0201 0.009900990099009901
25.5 0.8483 0.010857385710771925
26.5 0.7067 0.011895493234994774
27.5 0.5787 0.013145383445418317
28.5 0.5044 0.01408031792590381
29.5 0.3931 0.015949551604596525
30.5 0.316 0.0177892016741205
31.5 0.2625 0.019518001458970664
32.5 0.20350000000000001 0.022167554926073633
33.5 0.1689 0.02433241277446361
34.5 0.1283 0.027918152281484514
35.5 0.10020000000000001 0.03159120118032817
36.5 0.07730000000000001 0.03596750006328032
37.5 0.0641 0.03949762527666821
38.5 0.0465 0.04637388957601683
39.5 0.0376 0.05157106231293967
40.5 0.0309 0.05688801239885743
41.5 0.0213 0.06851887098275317
42.5 0.0179 0.07474350927519359
43.5 0.0119 0.09166984970282112
44.5 0.0083 0.10976425998969035
45.5 0.0069 0.1203858530857692
46.5 0.0054 0.13608276348795434
47.5 0.0039 0.16012815380508713
48.5 0.003 0.18257418583505536
49.5 0.0031 0.1796053020267749
50.5 0.0017000000000000001 0.24253562503633297
51.5 0.0009 0.3333333333333333
52.5 0.0003 0.5773502691896258
53.5 0.00039999999999999996 0.5000000000000001
54.5 0.0001 1.0
55.5 0.0004 0.5
56.5 0.00030000000000000003 0.5773502691896257
57.5 0.0001 1.0
58.5 0.0 inf
59.5 0.0 inf
60.5 0.0 inf
61.5 0.0 inf
62.5 0.0 inf
63.5 0.0001 1.0
64.5 0.0 inf
65.5 0.0 inf
66.5 0.0 inf
67.5 0.0 inf
68.5 0.0 inf
69.5 0.0 inf
70.5 0.0 inf
71.5 0.0 inf
72.5 0.0 inf
73.5 0.0 inf
74.5 0.0 inf
75.5 0.0 inf
76.5 0.0 inf
77.5 0.0 inf
78.5 0.0 inf
79.5 0.0 inf
80.5 0.0 inf
81.5 0.0 inf
82.5 0.0 inf
83.5 0.0 inf
84.5 0.0 inf
85.5 0.0 inf
86.5 0.0 inf
87.5 0.0 inf
88.5 0.0 inf
89.5 0.0 inf
90.5 0.0 inf
91.5 0.0 inf
92.5 0.0 inf
93.5 0.0 inf
94.5 0.0 inf
95.5 0.0 inf
96.5 0.0 inf
97.5 0.0 inf
