0.5 66.4267 0.0012269550744864015
1.5 35.468 0.0016791196735454236
2.5 35.4868 0.0016786748372699975
3.5 32.218 0.0017617760890348594
4.5 27.9482 0.001891572879948023
5.5 24.7436 0.0020103355694982886
6.5 21.4849 0.002157413200376667
7.5 18.7922 0.0023068066093872444
8.5 16.5857 0.002455461319638267
9.5 14.3214 0.0026424529458794863
10.5 12.7234 0.002803486115746264
11.5 11.0396 0.003009700851204257
12.5 9.7341 0.0032051775949563923
13.5 8.4011 0.0034501019045773407
14.5 7.395 0.0036773156567646106
15.5 6.245 0.004001600960640448
16.5 5.5177 0.004257169656544603
17.5 4.747 0.004589764305590443
18.5 4.0086 0.004994633651687946
19.5 3.4306 0.005399020274692758
20.5 2.9319 0.0058401691150575825
21.5 2.4936 0.006332666327607277
22.5 2.0662 0.006956868933691743
23.5 1.7478 0.007564045498294097
24.5 1.4419 0.008327841082590737
25.5 1.169 0.009248956660924216
26.5 0.974 0.01013259120449719
27.5 0.7844 0.011290968804428621
28.5 0.6575 0.012332528319564148
29.5 0.5315 0.013716659741660336
30.5 0.4278 0.015289018630918963
31.5 0.33089999999999997 0.017384076178023157
32.5 0.2673 0.019341961772855316
33.5 0.20700000000000002 0.0219793491131929
34.5 0.1676 0.024426598437301574
35.5 0.1372 0.02699746235780194
36.5 0.1053 0.030816677568068284
37.5 0.0843 0.034441829515914534
38.5 0.0618 0.040225899335456484
39.5 0.0515 0.044065264923923174
40.5 0.0382 0.05116445100966508
41.5 0.0297 0.058025885318565944
42.5 0.0225 0.06666666666666667
43.5 0.0187 0.07312724241271307
44.5 0.012199999999999999 0.09053574604251854
45.5 0.0072 0.11785113019775793
46.5 0.0075 0.11547005383792514
47.5 0.0060999999999999995 0.12803687993289598
48.5 0.0043 0.15249857033260467
49.5 0.0028 0.1889822365046136
50.5 0.0018 0.23570226039551587
51.5 0.0015 0.2581988897471611
52.5 0.0009 0.3333333333333333
53.5 0.0004 0.5
54.5 0.0007 0.3779644730092272
55.5 0.0004 0.5
56.5 0.00030000000000000003 0.5773502691896257
57.5 0.0 inf
58.5 0.0004 0.5
59.5 0.0002 0.7071067811865475
60.5 0.00030000000000000003 0.5773502691896257
61.5 0.0001 1.0
62.5 0.0 inf
63.5 0.0 inf
64.5 0.0 inf
65.5 0.0 inf
66.5 0.0 inf
67.5 0.0 inf
68.5 0.0 inf
69.5 0.0 inf
70.5 0.0 inf
71.5 0.0 inf
72.5 0.0 inf
73.5 0.0 inf
74.5 0.0 inf
75.5 0.0 inf
76.5 0.0 inf
77.5 0.0 inf
78.5 0.0 inf
79.5 0.0 inf
80.5 0.0 inf
81.5 0.0 inf
82.5 0.0 inf
83.5 0.0 inf
84.5 0.0 inf
85.5 0.0 inf
86.5 0.0 inf
87.5 0.0 inf
88.5 0.0 inf
89.5 0.0 inf
90.5 0.0 inf
91.5 0.0 inf
92.5 0.0 inf
93.5 0.0 inf
94.5 0.0 inf
95.5 0.0 inf
96.5 0.0 inf
97.5 0.0 inf
