0.5 82.1374 0.0011033912211214532
1.5 43.4738 0.0015166528950996112
2.5 43.020399999999995 0.0015246240911928615
3.5 38.548500000000004 0.0016106317585128762
4.5 33.1302 0.0017373526106137572
5.5 29.032200000000003 0.001855923310200912
6.5 25.0295 0.0019988210432741642
7.5 21.572 0.0021530533646487732
8.5 19.0297 0.0022923663730260446
9.5 16.3279 0.0024747699506642747
10.5 14.3587 0.002639018526731168
11.5 12.3589 0.0028445271996168178
12.5 10.8518 0.0030356319104685703
13.5 9.328399999999998 0.003274133774697539
14.5 8.1389 0.003505235034370832
15.5 6.9029 0.003806135182155861
16.5 6.0362 0.004070222863420862
17.5 5.1914 0.004388920898326858
18.5 4.3580000000000005 0.004790230228787671
19.5 3.7098 0.0051918812612888636
20.5 3.1487 0.005635524704245264
21.5 2.6816 0.0061066496093253935
22.5 2.2348 0.006689299925138306
23.5 1.8763999999999998 0.007300242518084743
24.5 1.5469 0.008040237550719634
25.5 1.2452999999999999 0.008961134709211786
26.5 1.0266 0.00986959587102306
27.5 0.8260000000000001 0.011002971203391538
28.5 0.7119 0.011851968908912965
29.5 0.5683 0.013265119660707193
30.5 0.4545 0.014833138649666159
31.5 0.3665 0.016518211042472374
32.5 0.2903 0.01855993633210361
33.5 0.2234 0.021157210918704518
34.5 0.1734 0.024014605321403707
35.5 0.1399 0.02673567435205868
36.5 0.10800000000000001 0.03042903097250922
37.5 0.0931 0.032773676267223106
38.5 0.0688 0.038124642583151166
39.5 0.0522 0.04376881095324085
40.5 0.0368 0.05212860351426869
41.5 0.028700000000000003 0.05902813361009551
42.5 0.0263 0.061662641597820735
43.5 0.0149 0.08192319205190406
44.5 0.0125 0.08944271909999159
45.5 0.009000000000000001 0.10540925533894598
46.5 0.0071 0.11867816581938533
47.5 0.0063 0.1259881576697424
48.5 0.0033 0.17407765595569785
49.5 0.0038000000000000004 0.16222142113076252
50.5 0.0015 0.2581988897471611
51.5 0.0024999999999999996 0.2
52.5 0.0011 0.30151134457776363
53.5 0.0009 0.3333333333333333
54.5 0.00030000000000000003 0.5773502691896257
55.5 0.0004 0.5
56.5 0.0004 0.5
57.5 0.0001 1.0
58.5 0.0002 0.7071067811865475
59.5 0.0 inf
60.5 0.0 inf
61.5 0.0002 0.7071067811865475
62.5 0.0 inf
63.5 0.0 inf
64.5 0.0 inf
65.5 0.0 inf
66.5 0.0 inf
67.5 0.0 inf
68.5 0.0 inf
69.5 0.0 inf
70.5 0.0 inf
71.5 0.0 inf
72.5 0.0 inf
73.5 0.0 inf
74.5 0.0 inf
75.5 0.0 inf
76.5 0.0 inf
77.5 0.0 inf
78.5 0.0 inf
79.5 0.0 inf
80.5 0.0 inf
81.5 0.0 inf
82.5 0.0 inf
83.5 0.0 inf
84.5 0.0 inf
85.5 0.0 inf
86.5 0.0 inf
87.5 0.0 inf
88.5 0.0 inf
89.5 0.0 inf
90.5 0.0 inf
91.5 0.0 inf
92.5 0.0 inf
93.5 0.0 inf
94.5 0.0 inf
95.5 0.0 inf
96.5 0.0 inf
97.5 0.0 inf
