0.5 38.5215 0.0016111961114073678
1.5 20.3634 0.0022160260119723635
2.5 20.643500000000003 0.002200940662960881
3.5 18.8442 0.0023036216291179397
4.5 16.7273 0.0024450462413657227
5.5 14.953299999999999 0.0025860176029938106
6.5 13.1007 0.0027628210051353695
7.5 11.7035 0.0029230895494673356
8.5 10.457699999999999 0.00309230206505496
9.5 9.0922 0.003316389335070976
10.5 8.206 0.0034908745631568932
11.5 7.200200000000001 0.003726728202745163
12.5 6.389799999999999 0.003956000770375841
13.5 5.6111 0.004221589448175353
14.5 4.9361 0.004500989763948487
15.5 4.2815 0.0048328356440109415
16.5 3.7826 0.005141677001090764
17.5 3.2892 0.005513848881720789
18.5 2.8045999999999998 0.005971240112315655
19.5 2.3869 0.006472661386718994
20.5 2.0536000000000003 0.006978178464227835
21.5 1.7671999999999999 0.0075224125658143355
22.5 1.5011 0.008161973634076352
23.5 1.2484 0.00895000174525051
24.5 1.043 0.009791694290843173
25.5 0.8477 0.01086122744671008
26.5 0.7114 0.011856133193117539
27.5 0.5640000000000001 0.013315591032282685
28.5 0.4986 0.014161976288736246
29.5 0.40090000000000003 0.01579363044976476
30.5 0.3138 0.017851451337362545
31.5 0.26539999999999997 0.019411072904885092
32.5 0.1995 0.022388683141982252
33.5 0.16549999999999998 0.02458108230429969
34.5 0.1245 0.028341010063256785
35.5 0.1005 0.031544014893825585
36.5 0.0785 0.03569153051241249
37.5 0.0629 0.039872611141445
38.5 0.0559 0.042295493443781355
39.5 0.0369 0.052057920629535355
40.5 0.0298 0.057928444636349226
41.5 0.0229 0.06608186004550898
42.5 0.0182 0.07412493166611012
43.5 0.012299999999999998 0.09016696346674324
44.5 0.009600000000000001 0.10206207261596574
45.5 0.006 0.12909944487358055
46.5 0.0072 0.11785113019775793
47.5 0.0039 0.16012815380508713
48.5 0.0031999999999999997 0.1767766952966369
49.5 0.002 0.22360679774997896
50.5 0.0015 0.2581988897471611
51.5 0.0015 0.2581988897471611
52.5 0.0017 0.24253562503633297
53.5 0.00039999999999999996 0.5000000000000001
54.5 0.00039999999999999996 0.5000000000000001
55.5 0.0002 0.7071067811865475
56.5 0.0002 0.7071067811865475
57.5 0.0002 0.7071067811865475
58.5 0.0001 1.0
59.5 0.00030000000000000003 0.5773502691896257
60.5 0.0001 1.0
61.5 0.0 inf
62.5 0.0 inf
63.5 0.0 inf
64.5 0.0 inf
65.5 0.0 inf
66.5 0.0 inf
67.5 0.0 inf
68.5 0.0 inf
69.5 0.0 inf
70.5 0.0 inf
71.5 0.0 inf
72.5 0.0 inf
73.5 0.0 inf
74.5 0.0 inf
75.5 0.0 inf
76.5 0.0 inf
77.5 0.0 inf
78.5 0.0 inf
79.5 0.0 inf
80.5 0.0 inf
81.5 0.0 inf
82.5 0.0 inf
83.5 0.0 inf
84.5 0.0 inf
85.5 0.0 inf
86.5 0.0 inf
87.5 0.0 inf
88.5 0.0 inf
89.5 0.0 inf
90.5 0.0 inf
91.5 0.0 inf
92.5 0.0 inf
93.5 0.0 inf
94.5 0.0 inf
95.5 0.0 inf
96.5 0.0 inf
97.5 0.0 inf
