0.5 39.3033 0.001595091099988866
1.5 20.7959 0.002192861182256606
2.5 21.098399999999998 0.0021770842659646836
3.5 19.3856 0.0022712261316964366
4.5 17.0283 0.0024233400149352444
5.5 15.307400000000001 0.0025559319363570015
6.5 13.5153 0.0027201143081333036
7.5 11.9805 0.002889099693853606
8.5 10.707799999999999 0.003055975545252517
9.5 9.3261 0.0032745374827558996
10.5 8.3995 0.003450430489623582
11.5 7.3248999999999995 0.003694869890726796
12.5 6.5814 0.0038979912200653205
13.5 5.7455 0.004171921091528828
14.5 5.0344 0.0044568307371148025
15.5 4.3853 0.004775296535722344
16.5 3.891 0.005069549694434739
17.5 3.3247999999999998 0.00548424991339821
18.5 2.8787000000000003 0.005893886877557586
19.5 2.4448999999999996 0.006395425581047302
20.5 2.0953 0.006908390742059059
21.5 1.8303 0.007391606864959246
22.5 1.5425 0.008051696822284746
23.5 1.2781 0.00884540214976044
24.5 1.0681 0.00967595951269639
25.5 0.8874 0.010615495921641366
26.5 0.724 0.01175251236805671
27.5 0.5884 0.01303657981697152
28.5 0.49650000000000005 0.01419189448535977
29.5 0.4131 0.015558667600311219
30.5 0.3278 0.017466083231604194
31.5 0.267 0.01935282499290459
32.5 0.2097 0.021837392736013945
33.5 0.17420000000000002 0.02395939925913801
34.5 0.124 0.02839809171235324
35.5 0.1051 0.030845984923781787
36.5 0.08399999999999999 0.03450327796711771
37.5 0.061 0.0404888165089458
38.5 0.051000000000000004 0.044280744277004756
39.5 0.038000000000000006 0.0512989176042577
40.5 0.026799999999999997 0.06108472217815261
41.5 0.024300000000000002 0.06415002990995841
42.5 0.0168 0.07715167498104596
43.5 0.0132 0.08703882797784893
44.5 0.009600000000000001 0.10206207261596574
45.5 0.0094 0.10314212462587934
46.5 0.0057 0.13245323570650439
47.5 0.0042 0.1543033499620919
48.5 0.0037 0.1643989873053573
49.5 0.002 0.22360679774997896
50.5 0.0021 0.2182178902359924
51.5 0.0017000000000000001 0.24253562503633297
52.5 0.0007 0.3779644730092272
53.5 0.0005 0.4472135954999579
54.5 0.0002 0.7071067811865475
55.5 0.0001 1.0
56.5 0.0005 0.4472135954999579
57.5 0.0001 1.0
58.5 0.0001 1.0
59.5 0.0 inf
60.5 0.0 inf
61.5 0.0 inf
62.5 0.0 inf
63.5 0.0 inf
64.5 0.0 inf
65.5 0.0 inf
66.5 0.0 inf
67.5 0.0 inf
68.5 0.0 inf
69.5 0.0 inf
70.5 0.0 inf
71.5 0.0 inf
72.5 0.0 inf
73.5 0.0 inf
74.5 0.0 inf
75.5 0.0 inf
76.5 0.0 inf
77.5 0.0 inf
78.5 0.0 inf
79.5 0.0 inf
80.5 0.0 inf
81.5 0.0 inf
82.5 0.0 inf
83.5 0.0 inf
84.5 0.0 inf
85.5 0.0 inf
86.5 0.0 inf
87.5 0.0 inf
88.5 0.0 inf
89.5 0.0 inf
90.5 0.0 inf
91.5 0.0 inf
92.5 0.0 inf
93.5 0.0 inf
94.5 0.0 inf
95.5 0.0 inf
96.5 0.0 inf
97.5 0.0 inf
