0.5 38.4285 0.001613144544093926
1.5 20.3726 0.002215525591272372
2.5 20.5279 0.0022071291077285157
3.5 18.7945 0.002306665455923916
4.5 16.689500000000002 0.0024478135643861824
5.5 14.9553 0.0025858446807477168
6.5 13.1586 0.002756735870886677
7.5 11.584 0.0029381280920141774
8.5 10.4008 0.0031007491074425213
9.5 9.0343 0.0033269995797217955
10.5 8.1969 0.003492811767873814
11.5 7.177899999999999 0.0037325127352268736
12.5 6.3788 0.003959410288169449
13.5 5.5672 0.0042382013770569495
14.5 4.9455 0.004496710173672246
15.5 4.2582 0.004846039750501913
16.5 3.7617000000000003 0.005155940791289561
17.5 3.2776 0.005523597501895708
18.5 2.8037 0.0059721984325516965
19.5 2.4218 0.006425854129086496
20.5 2.0754 0.006941432323528748
21.5 1.7496 0.007560153527108575
22.5 1.4649 0.008262205839079906
23.5 1.2309 0.00901339936453716
24.5 1.0406 0.009802979382130766
25.5 0.8532 0.010826163374360516
26.5 0.7010000000000001 0.011943757882416249
27.5 0.5685 0.013262786101068994
28.5 0.49770000000000003 0.014174775185418742
29.5 0.4001 0.015809412247806517
30.5 0.3198 0.01768319639224352
31.5 0.2504 0.019984019174435787
32.5 0.2107 0.021785510047514955
33.5 0.164 0.02469323991623974
34.5 0.1239 0.028409549486356805
35.5 0.1066 0.03062819459158444
36.5 0.0814 0.03504998186163908
37.5 0.064 0.03952847075210474
38.5 0.0532 0.043355498476206
39.5 0.0382 0.05116445100966508
40.5 0.029900000000000003 0.05783149319662401
41.5 0.0224 0.0668153104781061
42.5 0.0171 0.07647191129018725
43.5 0.0094 0.10314212462587934
44.5 0.0091 0.10482848367219183
45.5 0.007599999999999999 0.1147078669352809
46.5 0.005900000000000001 0.13018891098082386
47.5 0.0049 0.14285714285714285
48.5 0.0024000000000000002 0.20412414523193148
49.5 0.0023 0.20851441405707477
50.5 0.0014 0.2672612419124244
51.5 0.0021 0.2182178902359924
52.5 0.0006000000000000001 0.40824829046386296
53.5 0.0007 0.3779644730092272
54.5 0.0005 0.4472135954999579
55.5 0.0001 1.0
56.5 0.0002 0.7071067811865475
57.5 0.0002 0.7071067811865475
58.5 0.0002 0.7071067811865475
59.5 0.0 inf
60.5 0.0 inf
61.5 0.0 inf
62.5 0.0 inf
63.5 0.0 inf
64.5 0.0 inf
65.5 0.0 inf
66.5 0.0 inf
67.5 0.0 inf
68.5 0.0 inf
69.5 0.0 inf
70.5 0.0 inf
71.5 0.0 inf
72.5 0.0 inf
73.5 0.0 inf
74.5 0.0 inf
75.5 0.0 inf
76.5 0.0 inf
77.5 0.0 inf
78.5 0.0 inf
79.5 0.0 inf
80.5 0.0 inf
81.5 0.0 inf
82.5 0.0 inf
83.5 0.0 inf
84.5 0.0 inf
85.5 0.0 inf
86.5 0.0 inf
87.5 0.0 inf
88.5 0.0 inf
89.5 0.0 inf
90.5 0.0 inf
91.5 0.0 inf
92.5 0.0 inf
93.5 0.0 inf
94.5 0.0 inf
95.5 0.0 inf
96.5 0.0 inf
97.5 0.0 inf
