0.5 38.4762 0.0016121443042330223
1.5 20.263199999999998 0.0022214982962869586
2.5 20.5567 0.0022055824684889063
3.5 18.8724 0.00230189989750372
4.5 16.6431 0.002451223370760587
5.5 14.9435 0.002586865423747601
6.5 13.1496 0.002757679107905196
7.5 11.631699999999999 0.0029320974736179867
8.5 10.407 0.003099825329763863
9.5 9.1175 0.0033117848416527006
10.5 8.1173 0.0035098956219945686
11.5 7.136699999999999 0.0037432710844381534
12.5 6.3765 0.003960124302332433
13.5 5.6244 0.004216595104627342
14.5 4.8994 0.004517816123981334
15.5 4.2738 0.004837187285194406
16.5 3.7853000000000003 0.005139842931883824
17.5 3.2638 0.005535262622475403
18.5 2.7897999999999996 0.005987057994630613
19.5 2.3956999999999997 0.006460762604941363
20.5 2.0831 0.006928591242249715
21.5 1.7570999999999999 0.007544001405236361
22.5 1.4697 0.008248702735732498
23.5 1.2423000000000002 0.008971948197771492
24.5 1.0532 0.009744163775668438
25.5 0.8523000000000001 0.010831877897521379
26.5 0.7046 0.011913206796158564
27.5 0.5606 0.013355909059817971
28.5 0.4857 0.014348812093082914
29.5 0.396 0.015891043154093204
30.5 0.3187 0.017713687074079002
31.5 0.2644 0.019447746039610348
32.5 0.2076 0.021947564065307356
33.5 0.1612 0.024906774069335894
34.5 0.1237 0.028432506701809173
35.5 0.1046 0.030919620705155318
36.5 0.0797 0.03542181734879073
37.5 0.0655 0.03907323325822818
38.5 0.0498 0.04481107149482209
39.5 0.0364 0.052414241836095915
40.5 0.0309 0.05688801239885743
41.5 0.022600000000000002 0.06651901052377392
42.5 0.017 0.07669649888473704
43.5 0.0114 0.0936585811581694
44.5 0.010599999999999998 0.09712858623572643
45.5 0.0071 0.11867816581938533
46.5 0.007299999999999999 0.11704114719613057
47.5 0.0048000000000000004 0.14433756729740643
48.5 0.004699999999999999 0.14586499149789456
49.5 0.0019000000000000002 0.22941573387056174
50.5 0.0015 0.2581988897471611
51.5 0.0012000000000000001 0.28867513459481287
52.5 0.0012 0.2886751345948129
53.5 0.0007 0.3779644730092272
54.5 0.0004 0.5
55.5 0.0004 0.5
56.5 0.0001 1.0
57.5 0.0002 0.7071067811865475
58.5 0.0004 0.5
59.5 0.0001 1.0
60.5 0.0001 1.0
61.5 0.0001 1.0
62.5 0.0 inf
63.5 0.0 inf
64.5 0.0 inf
65.5 0.0 inf
66.5 0.0 inf
67.5 0.0 inf
68.5 0.0 inf
69.5 0.0 inf
70.5 0.0 inf
71.5 0.0 inf
72.5 0.0 inf
73.5 0.0 inf
74.5 0.0 inf
75.5 0.0 inf
76.5 0.0 inf
77.5 0.0 inf
78.5 0.0 inf
79.5 0.0 inf
80.5 0.0 inf
81.5 0.0 inf
82.5 0.0 inf
83.5 0.0 inf
84.5 0.0 inf
85.5 0.0 inf
86.5 0.0 inf
87.5 0.0 inf
88.5 0.0 inf
89.5 0.0 inf
90.5 0.0 inf
91.5 0.0 inf
92.5 0.0 inf
93.5 0.0 inf
94.5 0.0 inf
95.5 0.0 inf
96.5 0.0 inf
97.5 0.0 inf
