0.5 42.3097 0.0015373757522706046
1.5 21.436700000000002 0.002159837289171134
2.5 21.4413 0.0021596055918285603
3.5 19.4729 0.002266129285090076
4.5 17.069000000000003 0.002420449136644433
5.5 15.277999999999999 0.0025583899898623313
6.5 13.306799999999999 0.0027413417809482176
7.5 11.8795 0.0029013553220278428
8.5 10.5311 0.003081506808612608
9.5 9.2387 0.0032899899216248104
10.5 8.2624 0.0034789396249461043
11.5 7.2401 0.0037164450652673767
12.5 6.4442 0.00393926769674957
13.5 5.635999999999999 0.004212253577210482
14.5 4.9697 0.004485748426967035
15.5 4.3448 0.004797501344380003
16.5 3.7865 0.005139028419766532
17.5 3.2898 0.005513346045653744
18.5 2.8198999999999996 0.005955018928132183
19.5 2.4177 0.006431300388305433
20.5 2.0731 0.00694528184082806
21.5 1.737 0.007587524226766424
22.5 1.506 0.008148684704723743
23.5 1.2389999999999999 0.00898388836761542
24.5 1.0692 0.009670980886427658
25.5 0.855 0.010814761408717502
26.5 0.7258 0.011737930076466722
27.5 0.5795 0.013136306707967735
28.5 0.492 0.014256648712805027
29.5 0.404 0.015732919388188816
30.5 0.3197 0.017685961768191653
31.5 0.2587 0.01966082717592504
32.5 0.20879999999999999 0.021884405476620426
33.5 0.1587 0.025102185616940248
34.5 0.1212 0.0287242494810713
35.5 0.10550000000000001 0.030787453590353963
36.5 0.08510000000000001 0.03427955850955305
37.5 0.0609 0.04052204492365539
38.5 0.0472 0.04602873089491617
39.5 0.0363 0.0524863881081478
40.5 0.0262 0.06178020632152154
41.5 0.0229 0.06608186004550898
42.5 0.0168 0.07715167498104596
43.5 0.0108 0.09622504486493763
44.5 0.011699999999999999 0.09245003270420486
45.5 0.0059 0.13018891098082389
46.5 0.0051 0.14002800840280097
47.5 0.004 0.15811388300841897
48.5 0.0029 0.18569533817705186
49.5 0.003 0.18257418583505536
50.5 0.0018 0.23570226039551587
51.5 0.0007999999999999999 0.3535533905932738
52.5 0.0007 0.3779644730092272
53.5 0.0007 0.3779644730092272
54.5 0.00039999999999999996 0.5000000000000001
55.5 0.0005 0.4472135954999579
56.5 0.0 inf
57.5 0.0 inf
58.5 0.0 inf
59.5 0.0001 1.0
60.5 0.0 inf
61.5 0.0 inf
62.5 0.0001 1.0
63.5 0.0 inf
64.5 0.0 inf
65.5 0.0 inf
66.5 0.0 inf
67.5 0.0 inf
68.5 0.0 inf
69.5 0.0 inf
70.5 0.0 inf
71.5 0.0 inf
72.5 0.0 inf
73.5 0.0 inf
74.5 0.0 inf
75.5 0.0 inf
76.5 0.0 inf
77.5 0.0 inf
78.5 0.0 inf
79.5 0.0 inf
80.5 0.0 inf
81.5 0.0 inf
82.5 0.0 inf
83.5 0.0 inf
84.5 0.0 inf
85.5 0.0 inf
86.5 0.0 inf
87.5 0.0 inf
88.5 0.0 inf
89.5 0.0 inf
90.5 0.0 inf
91.5 0.0 inf
92.5 0.0 inf
93.5 0.0 inf
94.5 0.0 inf
95.5 0.0 inf
96.5 0.0 inf
97.5 0.0 inf
