0.5 38.4827 0.0016120081472000367
1.5 20.2729 0.0022209667711553956
2.5 20.584 0.002204119381159962
3.5 18.8723 0.0023019059961160993
4.5 16.598 0.0024545513373614943
5.5 14.9097 0.00258979595063463
6.5 13.1388 0.002758812271380534
7.5 11.5959 0.002936620115097304
8.5 10.476700000000001 0.003089496773235867
9.5 9.1247 0.0033104779736727627
10.5 8.1227 0.0035087287324452585
11.5 7.1318 0.003744556796240273
12.5 6.371 0.003961833295029559
13.5 5.6151 0.004220085524275836
14.5 4.9025 0.004516387521771449
15.5 4.2552 0.004847747726359584
16.5 3.7892 0.005137197182388672
17.5 3.262 0.005536789614905936
18.5 2.7957 0.005980737162912245
19.5 2.4038000000000004 0.0064498681176699815
20.5 2.0807 0.006932586010030174
21.5 1.725 0.00761386987626881
22.5 1.4805000000000001 0.008218561212025632
23.5 1.2346 0.008999883002281451
24.5 1.0619 0.009704165388025028
25.5 0.8547 0.010816659234722938
26.5 0.7168 0.01181138978153835
27.5 0.5682 0.013266286902529215
28.5 0.4852 0.014356203435505359
29.5 0.3997 0.01581732090875531
30.5 0.3123 0.017894270903167298
31.5 0.2661 0.01938552480500403
32.5 0.2031 0.022189373390928115
33.5 0.1626 0.02479931753217214
34.5 0.1298 0.027756369082668444
35.5 0.10300000000000001 0.03115884764248779
36.5 0.0826 0.03479445003196105
37.5 0.0662 0.038866103716823586
38.5 0.048600000000000004 0.04536092116265144
39.5 0.0387 0.05083285677753489
40.5 0.0298 0.057928444636349226
41.5 0.0222 0.06711560552140243
42.5 0.015899999999999997 0.07930515857181443
43.5 0.0127 0.08873565094161139
44.5 0.0117 0.09245003270420485
45.5 0.007 0.11952286093343936
46.5 0.0058 0.13130643285972257
47.5 0.0034000000000000002 0.17149858514250882
48.5 0.0037 0.1643989873053573
49.5 0.0031 0.1796053020267749
50.5 0.0012000000000000001 0.28867513459481287
51.5 0.0011 0.30151134457776363
52.5 0.001 0.31622776601683794
53.5 0.0013 0.2773500981126146
54.5 0.0007999999999999999 0.3535533905932738
55.5 0.0005 0.4472135954999579
56.5 0.0 inf
57.5 0.0 inf
58.5 0.0002 0.7071067811865475
59.5 0.0001 1.0
60.5 0.0 inf
61.5 0.0001 1.0
62.5 0.0 inf
63.5 0.0001 1.0
64.5 0.0001 1.0
65.5 0.0 inf
66.5 0.0 inf
67.5 0.0001 1.0
68.5 0.0 inf
69.5 0.0 inf
70.5 0.0 inf
71.5 0.0 inf
72.5 0.0 inf
73.5 0.0 inf
74.5 0.0 inf
75.5 0.0 inf
76.5 0.0 inf
77.5 0.0 inf
78.5 0.0 inf
79.5 0.0 inf
80.5 0.0 inf
81.5 0.0 inf
82.5 0.0 inf
83.5 0.0 inf
84.5 0.0 inf
85.5 0.0 inf
86.5 0.0 inf
87.5 0.0 inf
88.5 0.0 inf
89.5 0.0 inf
90.5 0.0 inf
91.5 0.0 inf
92.5 0.0 inf
93.5 0.0 inf
94.5 0.0 inf
95.5 0.0 inf
96.5 0.0 inf
97.5 0.0 inf
