0.5 40.156800000000004 0.0015780488794702432
1.5 20.9639 0.0021840569587816246
2.5 21.1005 0.0021769759275197006
3.5 19.3353 0.002274178464256265
4.5 16.995 0.0024257129990966505
5.5 15.179300000000001 0.00256669419175758
6.5 13.3473 0.002737179564955609
7.5 11.796199999999999 0.0029115814004017867
8.5 10.5638 0.003076733745287238
9.5 9.1955 0.0032977089705358586
10.5 8.2198 0.003487942964730051
11.5 7.2352 0.003717703323408763
12.5 6.4162 0.00394785373068634
13.5 5.633800000000001 0.004213075939857296
14.5 4.9939 0.0044748664565952495
15.5 4.286300000000001 0.004830128867866747
16.5 3.8087 0.005124029448619724
17.5 3.2984999999999998 0.0055060703474907905
18.5 2.8200000000000003 0.005954913341754136
19.5 2.4373 0.006405388942781568
20.5 2.0858 0.006924105372502064
21.5 1.7622 0.0075330769117594775
22.5 1.4725 0.008240856434303293
23.5 1.2409 0.0089770079071271
24.5 1.0512000000000001 0.009753428933010878
25.5 0.863 0.010764518342983632
26.5 0.713 0.011842822907480814
27.5 0.5724 0.013217526428635735
28.5 0.4923 0.014252304160300428
29.5 0.39039999999999997 0.016004609991611997
30.5 0.329 0.017434201093860166
31.5 0.2624 0.01952172023607576
32.5 0.201 0.022304986837273527
33.5 0.15899999999999997 0.02507849312877596
34.5 0.1243 0.02836380138986998
35.5 0.0998 0.03165444689164592
36.5 0.0797 0.03542181734879073
37.5 0.0659 0.03895446935658099
38.5 0.0536 0.04319342127906801
39.5 0.038599999999999995 0.050898659855928764
40.5 0.031 0.05679618342470648
41.5 0.0237 0.06495698024616309
42.5 0.0169 0.07692307692307693
43.5 0.0116 0.09284766908852593
44.5 0.0095 0.10259783520851541
45.5 0.0074 0.11624763874381928
46.5 0.0058 0.13130643285972257
47.5 0.0049 0.14285714285714285
48.5 0.0031000000000000003 0.17960530202677488
49.5 0.0016 0.25
50.5 0.0017 0.24253562503633297
51.5 0.0013 0.2773500981126146
52.5 0.0005 0.4472135954999579
53.5 0.0009 0.3333333333333333
54.5 0.0006 0.4082482904638631
55.5 0.0006 0.4082482904638631
56.5 0.0002 0.7071067811865475
57.5 0.0002 0.7071067811865475
58.5 0.0001 1.0
59.5 0.0 inf
60.5 0.0 inf
61.5 0.0002 0.7071067811865475
62.5 0.0 inf
63.5 0.0001 1.0
64.5 0.0 inf
65.5 0.0001 1.0
66.5 0.0 inf
67.5 0.0 inf
68.5 0.0 inf
69.5 0.0 inf
70.5 0.0 inf
71.5 0.0 inf
72.5 0.0 inf
73.5 0.0 inf
74.5 0.0 inf
75.5 0.0 inf
76.5 0.0 inf
77.5 0.0 inf
78.5 0.0 inf
79.5 0.0 inf
80.5 0.0 inf
81.5 0.0 inf
82.5 0.0 inf
83.5 0.0 inf
84.5 0.0 inf
85.5 0.0 inf
86.5 0.0 inf
87.5 0.0 inf
88.5 0.0 inf
89.5 0.0 inf
90.5 0.0 inf
91.5 0.0 inf
92.5 0.0 inf
93.5 0.0 inf
94.5 0.0 inf
95.5 0.0 inf
96.5 0.0 inf
97.5 0.0 inf
