0.5 40.7341 0.0015668266051736535
1.5 21.1485 0.0021745040216170778
2.5 21.2325 0.0021701983733360144
3.5 19.4151 0.002269499984490521
4.5 17.053400000000003 0.0024215559650552928
5.5 15.217 0.00256351273750799
6.5 13.2695 0.0027451919747273944
7.5 11.8383 0.002906399628085967
8.5 10.552800000000001 0.0030783368864544295
9.5 9.2295 0.0032916292503124564
10.5 8.2517 0.003481194469067861
11.5 7.2463 0.0037148548129840265
12.5 6.4224 0.003945947698419819
13.5 5.6396 0.004210908930991997
14.5 4.933 0.004502403799713442
15.5 4.3192 0.00481169779144835
16.5 3.8110999999999997 0.005122415792802687
17.5 3.2944 0.00550949553401575
18.5 2.8007 0.005975396168827812
19.5 2.4196 0.006428774790990498
20.5 2.0645 0.006959732640046252
21.5 1.7829000000000002 0.007489218604835229
22.5 1.5067 0.008146791580026083
23.5 1.2395 0.008982076186383142
24.5 1.0523 0.009748329827685625
25.5 0.8507 0.01084205943227777
26.5 0.708 0.011884567213538208
27.5 0.5759000000000001 0.013177300829938648
28.5 0.499 0.01415629900797544
29.5 0.4059 0.015696053644933705
30.5 0.3332 0.017323973216880926
31.5 0.24659999999999999 0.0201374031110059
32.5 0.2042 0.022129526988628804
33.5 0.1627 0.024791695181436636
34.5 0.13219999999999998 0.027503266206804607
35.5 0.10250000000000001 0.031234752377721213
36.5 0.0806 0.03522349768381734
37.5 0.0669 0.038662233651352955
38.5 0.0508 0.04436782547080569
39.5 0.0392 0.050507627227610534
40.5 0.0314 0.05643326479831003
41.5 0.0222 0.06711560552140243
42.5 0.0172 0.07624928516630233
43.5 0.0133 0.086710996952412
44.5 0.0111 0.0949157995752499
45.5 0.0056 0.1336306209562122
46.5 0.0042 0.1543033499620919
47.5 0.004 0.15811388300841897
48.5 0.0031 0.1796053020267749
49.5 0.0019 0.22941573387056174
50.5 0.0019000000000000002 0.22941573387056174
51.5 0.0018 0.23570226039551587
52.5 0.0007999999999999999 0.3535533905932738
53.5 0.0009000000000000001 0.3333333333333333
54.5 0.0008 0.35355339059327373
55.5 0.0005 0.4472135954999579
56.5 0.0001 1.0
57.5 0.0002 0.7071067811865475
58.5 0.0002 0.7071067811865475
59.5 0.0 inf
60.5 0.0002 0.7071067811865475
61.5 0.0 inf
62.5 0.0 inf
63.5 0.0 inf
64.5 0.0 inf
65.5 0.0 inf
66.5 0.0 inf
67.5 0.0 inf
68.5 0.0 inf
69.5 0.0 inf
70.5 0.0 inf
71.5 0.0 inf
72.5 0.0 inf
73.5 0.0 inf
74.5 0.0 inf
75.5 0.0 inf
76.5 0.0 inf
77.5 0.0 inf
78.5 0.0 inf
79.5 0.0 inf
80.5 0.0 inf
81.5 0.0 inf
82.5 0.0 inf
83.5 0.0 inf
84.5 0.0 inf
85.5 0.0 inf
86.5 0.0 inf
87.5 0.0 inf
88.5 0.0 inf
89.5 0.0 inf
90.5 0.0 inf
91.5 0.0 inf
92.5 0.0 inf
93.5 0.0 inf
94.5 0.0 inf
95.5 0.0 inf
96.5 0.0 inf
97.5 0.0 inf
