0.5 38.5191 0.0016112463048235718
1.5 20.3384 0.0022173875653912272
2.5 20.5478 0.0022060600757959447
3.5 18.9024 0.002300072499427791
4.5 16.6993 0.0024470952081259434
5.5 14.9352 0.0025875841285793516
6.5 13.1477 0.0027578783595242173
7.5 11.6341 0.0029317950266349027
8.5 10.459499999999998 0.0030920359728320813
9.5 9.0943 0.0033160064128177386
10.5 8.1776 0.003496931041227769
11.5 7.0855999999999995 0.0037567447154350678
12.5 6.4122 0.003949084895729269
13.5 5.6197 0.0042183579972248095
14.5 4.9307 0.004503453784644328
15.5 4.2796 0.0048339083340732305
16.5 3.7741 0.005147463768079115
17.5 3.2834 0.005518716734094972
18.5 2.8133999999999997 0.005961894113241358
19.5 2.4215999999999998 0.006426119479328349
20.5 2.0553999999999997 0.006975122253167209
21.5 1.7633999999999999 0.007530513332678348
22.5 1.4895 0.00819369410143323
23.5 1.2391999999999999 0.008983163363509197
24.5 1.0532 0.009744163775668438
25.5 0.8539000000000001 0.010821724992750189
26.5 0.7064 0.011898018906823722
27.5 0.569 0.013256957585691467
28.5 0.4971 0.014183327086761071
29.5 0.3839 0.01613953224762664
30.5 0.32530000000000003 0.017533070066522223
31.5 0.2521 0.019916525522623074
32.5 0.20889999999999997 0.02187916683968682
33.5 0.1644 0.0246631811833495
34.5 0.1243 0.02836380138986998
35.5 0.1047 0.03090485136077065
36.5 0.0752 0.03646624787447364
37.5 0.064 0.03952847075210474
38.5 0.0539 0.0430730492253948
39.5 0.036199999999999996 0.052558833122763673
40.5 0.0286 0.05913123959890826
41.5 0.0228 0.06622661785325219
42.5 0.016800000000000002 0.07715167498104596
43.5 0.012 0.09128709291752768
44.5 0.0103 0.09853292781642932
45.5 0.0071 0.11867816581938533
46.5 0.0058 0.13130643285972257
47.5 0.0034 0.17149858514250882
48.5 0.0029 0.18569533817705186
49.5 0.0015999999999999999 0.25000000000000006
50.5 0.0019 0.22941573387056174
51.5 0.001 0.31622776601683794
52.5 0.0007999999999999999 0.3535533905932738
53.5 0.0005 0.4472135954999579
54.5 0.0007999999999999999 0.3535533905932738
55.5 0.0006 0.4082482904638631
56.5 0.0002 0.7071067811865475
57.5 0.0001 1.0
58.5 0.0001 1.0
59.5 0.0002 0.7071067811865475
60.5 0.00030000000000000003 0.5773502691896257
61.5 0.0 inf
62.5 0.0 inf
63.5 0.0001 1.0
64.5 0.0 inf
65.5 0.0 inf
66.5 0.0 inf
67.5 0.0 inf
68.5 0.0 inf
69.5 0.0 inf
70.5 0.0 inf
71.5 0.0 inf
72.5 0.0 inf
73.5 0.0 inf
74.5 0.0 inf
75.5 0.0 inf
76.5 0.0 inf
77.5 0.0 inf
78.5 0.0 inf
79.5 0.0 inf
80.5 0.0 inf
81.5 0.0 inf
82.5 0.0 inf
83.5 0.0 inf
84.5 0.0 inf
85.5 0.0 inf
86.5 0.0 inf
87.5 0.0 inf
88.5 0.0 inf
89.5 0.0 inf
90.5 0.0 inf
91.5 0.0 inf
92.5 0.0 inf
93.5 0.0 inf
94.5 0.0 inf
95.5 0.0 inf
96.5 0.0 inf
97.5 0.0 inf
