0.5 38.4737 0.001612196681510098
1.5 20.3064 0.002219134021429617
2.5 20.5838 0.0022041300891634755
3.5 18.8769 0.002301625510105704
4.5 16.6213 0.0024528303196598637
5.5 14.9252 0.0025884508341673333
6.5 13.0977 0.002763137396122188
7.5 11.677800000000001 0.0029263042866075526
8.5 10.4437 0.0030943740189645305
9.5 9.1013 0.003314730962616992
10.5 8.1539 0.0035020094166428248
11.5 7.179600000000001 0.0037320708131625612
12.5 6.39 0.003955938860646178
13.5 5.5893999999999995 0.004229776350989443
14.5 4.9122 0.00451192611878927
15.5 4.244999999999999 0.0048535683811629015
16.5 3.7862999999999998 0.005139164144895499
17.5 3.2814 0.005520398295648391
18.5 2.7935 0.005983091741797402
19.5 2.4142 0.006435960606789901
20.5 2.061 0.006965639658809549
21.5 1.7572999999999999 0.007543572097999977
22.5 1.4867 0.008201406333705303
23.5 1.2382 0.008986790140419648
24.5 1.0491000000000001 0.009763185848995623
25.5 0.8512 0.0108388746190515
26.5 0.7088000000000001 0.011877858453639496
27.5 0.5764 0.013171584244345806
28.5 0.4807 0.014423243612783817
29.5 0.4043 0.015727081208982963
30.5 0.3183 0.017724813763036796
31.5 0.2595 0.01963049807622355
32.5 0.2021 0.022244202665006454
33.5 0.1555 0.02535915646704869
34.5 0.12569999999999998 0.02820540636632592
35.5 0.1005 0.031544014893825585
36.5 0.077 0.036037498507822355
37.5 0.0629 0.039872611141445
38.5 0.0493 0.0450377349111045
39.5 0.037000000000000005 0.05198752449100363
40.5 0.0288 0.05892556509887897
41.5 0.0237 0.06495698024616309
42.5 0.0173 0.07602859212697055
43.5 0.0125 0.08944271909999159
44.5 0.0095 0.10259783520851541
45.5 0.0063999999999999994 0.12500000000000003
46.5 0.0065 0.12403473458920847
47.5 0.0038 0.16222142113076254
48.5 0.0034999999999999996 0.16903085094570333
49.5 0.0024000000000000002 0.20412414523193148
50.5 0.0016 0.25
51.5 0.0014 0.2672612419124244
52.5 0.0008 0.35355339059327373
53.5 0.0 inf
54.5 0.0002 0.7071067811865475
55.5 0.00030000000000000003 0.5773502691896257
56.5 0.0002 0.7071067811865475
57.5 0.00030000000000000003 0.5773502691896257
58.5 0.0001 1.0
59.5 0.0 inf
60.5 0.0001 1.0
61.5 0.0001 1.0
62.5 0.0 inf
63.5 0.0 inf
64.5 0.0 inf
65.5 0.0001 1.0
66.5 0.0 inf
67.5 0.0 inf
68.5 0.0 inf
69.5 0.0 inf
70.5 0.0 inf
71.5 0.0 inf
72.5 0.0 inf
73.5 0.0 inf
74.5 0.0 inf
75.5 0.0 inf
76.5 0.0 inf
77.5 0.0 inf
78.5 0.0 inf
79.5 0.0 inf
80.5 0.0 inf
81.5 0.0 inf
82.5 0.0 inf
83.5 0.0 inf
84.5 0.0 inf
85.5 0.0 inf
86.5 0.0 inf
87.5 0.0 inf
88.5 0.0 inf
89.5 0.0 inf
90.5 0.0 inf
91.5 0.0 inf
92.5 0.0 inf
93.5 0.0 inf
94.5 0.0 inf
95.5 0.0 inf
96.5 0.0 inf
97.5 0.0 inf
