0.5 38.4675 0.0016123265991899159
1.5 20.2808 0.002220534161335582
2.5 20.5609 0.0022053571884797668
3.5 18.9132 0.0022994157007312924
4.5 16.650199999999998 0.002450700688100508
5.5 14.8849 0.0025919525055803695
6.5 13.084900000000001 0.0027644885533101723
7.5 11.6389 0.0029311904133402875
8.5 10.421700000000001 0.0030976383779174367
9.5 9.0962 0.003315660073619844
10.5 8.1418 0.003504610719911114
11.5 7.134600000000001 0.0037438219415934153
12.5 6.4175 0.003947453849908344
13.5 5.5664 0.004238505922120905
14.5 4.9309 0.0045033624524443
15.5 4.2835 0.0048317072677069774
16.5 3.7765 0.005145827878177981
17.5 3.3042 0.005501319099400082
18.5 2.8032000000000004 0.005972731032093706
19.5 2.3795 0.006482718229087165
20.5 2.0764 0.0069397606156983436
21.5 1.7367 0.007588179538269719
22.5 1.4611999999999998 0.008272659861079428
23.5 1.2509000000000001 0.008941053709835415
24.5 1.0329000000000002 0.0098394508637635
25.5 0.8438 0.01088629852682144
26.5 0.7121 0.011850304423417935
27.5 0.5851999999999999 0.013072174640400055
28.5 0.4889 0.014301776319421837
29.5 0.3975 0.015861031714362882
30.5 0.3146 0.01782873955801673
31.5 0.25479999999999997 0.019810721293758184
32.5 0.2084 0.021905397716916176
33.5 0.1684 0.024368508941428967
34.5 0.128 0.02795084971874737
35.5 0.103 0.03115884764248779
36.5 0.07730000000000001 0.03596750006328032
37.5 0.0655 0.03907323325822818
38.5 0.0463 0.04647394123401731
39.5 0.0406 0.04962916669854651
40.5 0.0284 0.05933908290969266
41.5 0.023600000000000003 0.06509445549041193
42.5 0.0166 0.07761505257063328
43.5 0.012799999999999999 0.08838834764831845
44.5 0.01 0.1
45.5 0.0067 0.12216944435630522
46.5 0.005 0.1414213562373095
47.5 0.0038000000000000004 0.16222142113076252
48.5 0.004 0.15811388300841897
49.5 0.002 0.22360679774997896
50.5 0.0014 0.2672612419124244
51.5 0.0011 0.30151134457776363
52.5 0.0005 0.4472135954999579
53.5 0.0009 0.3333333333333333
54.5 0.0002 0.7071067811865475
55.5 0.0004 0.5
56.5 0.0004 0.5
57.5 0.0001 1.0
58.5 0.0 inf
59.5 0.0002 0.7071067811865475
60.5 0.0 inf
61.5 0.0 inf
62.5 0.0 inf
63.5 0.0002 0.7071067811865475
64.5 0.0 inf
65.5 0.0 inf
66.5 0.0 inf
67.5 0.0 inf
68.5 0.0 inf
69.5 0.0 inf
70.5 0.0 inf
71.5 0.0 inf
72.5 0.0 inf
73.5 0.0 inf
74.5 0.0 inf
75.5 0.0 inf
76.5 0.0 inf
77.5 0.0 inf
78.5 0.0 inf
79.5 0.0 inf
80.5 0.0 inf
81.5 0.0 inf
82.5 0.0 inf
83.5 0.0 inf
84.5 0.0 inf
85.5 0.0 inf
86.5 0.0 inf
87.5 0.0 inf
88.5 0.0 inf
89.5 0.0 inf
90.5 0.0 inf
91.5 0.0 inf
92.5 0.0 inf
93.5 0.0 inf
94.5 0.0 inf
95.5 0.0 inf
96.5 0.0 inf
97.5 0.0 inf
