0.5 38.6893 0.0016076983421375254
1.5 20.380200000000002 0.0022151124558626454
2.5 20.7045 0.0021976960442956733
3.5 18.9806 0.0022953294640772736
4.5 16.706699999999998 0.0024465531947357533
5.5 15.0073 0.0025813608427372433
6.5 13.1863 0.00275383885927887
7.5 11.709 0.0029224029459613363
8.5 10.3519 0.003108064092647243
9.5 9.181999999999999 0.003300132337960182
10.5 8.2536 0.0034807937560341227
11.5 7.2112 0.0037238847331921565
12.5 6.4247 0.00394524132363889
13.5 5.6264 0.004215845607633449
14.5 4.9584 0.004490856940857302
15.5 4.2966 0.00482433589446298
16.5 3.762 0.00515573520741455
17.5 3.2767999999999997 0.005524271728019903
18.5 2.7946999999999997 0.00598180708137425
19.5 2.407 0.006445579284601495
20.5 2.0343 0.0070112023339387805
21.5 1.7591999999999999 0.007539497331327536
22.5 1.5005 0.008163605321754815
23.5 1.2322 0.009008643435571279
24.5 1.0574 0.009724792578464361
25.5 0.8617 0.010772635204927467
26.5 0.7158 0.011819637383815295
27.5 0.5771999999999999 0.01316245316231641
28.5 0.5001 0.014140721622265264
29.5 0.39690000000000003 0.015873015873015872
30.5 0.3285 0.01744746408634046
31.5 0.2557 0.019775826170935523
32.5 0.2086 0.02189489404922193
33.5 0.1607 0.024945491291633412
34.5 0.124 0.02839809171235324
35.5 0.1032 0.031128640318234518
36.5 0.0774 0.03594425773447947
37.5 0.0654 0.039103094350288754
38.5 0.0465 0.04637388957601683
39.5 0.038400000000000004 0.05103103630798287
40.5 0.0314 0.05643326479831003
41.5 0.0211 0.06884283908215143
42.5 0.0164 0.07808688094430304
43.5 0.012199999999999999 0.09053574604251854
44.5 0.0087 0.10721125348377948
45.5 0.0072 0.11785113019775793
46.5 0.0058 0.13130643285972257
47.5 0.0040999999999999995 0.15617376188860607
48.5 0.0040999999999999995 0.15617376188860607
49.5 0.0015999999999999999 0.25000000000000006
50.5 0.0014999999999999998 0.25819888974716115
51.5 0.0009 0.3333333333333333
52.5 0.0007999999999999999 0.3535533905932738
53.5 0.0005 0.4472135954999579
54.5 0.0007 0.3779644730092272
55.5 0.00030000000000000003 0.5773502691896257
56.5 0.00039999999999999996 0.5000000000000001
57.5 0.00030000000000000003 0.5773502691896257
58.5 0.0 inf
59.5 0.0002 0.7071067811865475
60.5 0.0001 1.0
61.5 0.0 inf
62.5 0.0 inf
63.5 0.0 inf
64.5 0.0 inf
65.5 0.0 inf
66.5 0.0 inf
67.5 0.0 inf
68.5 0.0 inf
69.5 0.0 inf
70.5 0.0 inf
71.5 0.0 inf
72.5 0.0 inf
73.5 0.0 inf
74.5 0.0 inf
75.5 0.0 inf
76.5 0.0 inf
77.5 0.0 inf
78.5 0.0 inf
79.5 0.0 inf
80.5 0.0 inf
81.5 0.0 inf
82.5 0.0 inf
83.5 0.0 inf
84.5 0.0 inf
85.5 0.0 inf
86.5 0.0 inf
87.5 0.0 inf
88.5 0.0 inf
89.5 0.0 inf
90.5 0.0 inf
91.5 0.0 inf
92.5 0.0 inf
93.5 0.0 inf
94.5 0.0 inf
95.5 0.0 inf
96.5 0.0 inf
97.5 0.0 inf
