0.5 38.4966 0.0016117170963509733
1.5 20.2874 0.0022201729342288252
2.5 20.5537 0.002205743425055837
3.5 18.9283 0.002298498341419423
4.5 16.6141 0.0024533617497511854
5.5 14.959299999999999 0.002585498940296956
6.5 13.1318 0.0027595474757328414
7.5 11.645 0.002930422590081847
8.5 10.4606 0.003091873394729944
9.5 9.089400000000001 0.0033169001044900835
10.5 8.1953 0.0034931527087844086
11.5 7.1205 0.0037475268627787162
12.5 6.3507 0.003968160239196542
13.5 5.5822 0.004232503284450276
14.5 4.9554 0.004492216117953541
15.5 4.277 0.004835377383897169
16.5 3.7811 0.005142696777180447
17.5 3.2858 0.005516700887174889
18.5 2.8095 0.005966030671979472
19.5 2.3719 0.00649309582831197
20.5 2.0684 0.006953168202802861
21.5 1.7455 0.007569027330841985
22.5 1.4983 0.008169596559745706
23.5 1.2597 0.008909768813654644
24.5 1.0528 0.009746014694818131
25.5 0.8641000000000001 0.010757664540779643
26.5 0.6986 0.01196425633779952
27.5 0.5737 0.0132025425264069
28.5 0.495 0.01421338109037403
29.5 0.3992 0.01582722344582296
30.5 0.3198 0.01768319639224352
31.5 0.2541 0.019837990021453852
32.5 0.2054 0.02206478908203439
33.5 0.1612 0.024906774069335894
34.5 0.1271 0.02804963567266072
35.5 0.10070000000000001 0.031512674583162724
36.5 0.0809 0.035158127696731496
37.5 0.0638 0.03959037912324479
38.5 0.0505 0.04449941594899847
39.5 0.0373 0.05177803730784977
40.5 0.0266 0.06131393394849658
41.5 0.018500000000000003 0.07352146220938077
42.5 0.0186 0.07332355751067665
43.5 0.012400000000000001 0.08980265101338744
44.5 0.0085 0.10846522890932808
45.5 0.0078 0.11322770341445956
46.5 0.0057 0.13245323570650439
47.5 0.0046 0.14744195615489714
48.5 0.0034999999999999996 0.16903085094570333
49.5 0.0019 0.22941573387056174
50.5 0.0018 0.23570226039551587
51.5 0.0014 0.2672612419124244
52.5 0.0002 0.7071067811865475
53.5 0.0005 0.4472135954999579
54.5 0.0006000000000000001 0.40824829046386296
55.5 0.0001 1.0
56.5 0.0002 0.7071067811865475
57.5 0.0001 1.0
58.5 0.0001 1.0
59.5 0.0001 1.0
60.5 0.0001 1.0
61.5 0.0 inf
62.5 0.0001 1.0
63.5 0.0 inf
64.5 0.0 inf
65.5 0.0 inf
66.5 0.0001 1.0
67.5 0.0 inf
68.5 0.0 inf
69.5 0.0 inf
70.5 0.0 inf
71.5 0.0 inf
72.5 0.0 inf
73.5 0.0001 1.0
74.5 0.0 inf
75.5 0.0 inf
76.5 0.0 inf
77.5 0.0 inf
78.5 0.0 inf
79.5 0.0 inf
80.5 0.0 inf
81.5 0.0 inf
82.5 0.0 inf
83.5 0.0 inf
84.5 0.0 inf
85.5 0.0 inf
86.5 0.0 inf
87.5 0.0 inf
88.5 0.0 inf
89.5 0.0 inf
90.5 0.0 inf
91.5 0.0 inf
92.5 0.0 inf
93.5 0.0 inf
94.5 0.0 inf
95.5 0.0 inf
96.5 0.0 inf
97.5 0.0 inf
