0.5 38.464 0.0016123999536867145
1.5 20.253800000000002 0.0022220137467616565
2.5 20.5839 0.002204124735142211
3.5 18.8649 0.0023023574279879117
4.5 16.625 0.0024525573579398633
5.5 14.9177 0.002589101435191921
6.5 13.1364 0.0027590642752423414
7.5 11.6573 0.002928876189511753
8.5 10.3689 0.0031055151836892644
9.5 9.0776 0.003319055228648997
10.5 8.167 0.0034991996496097602
11.5 7.2052 0.0037254349093731346
12.5 6.396599999999999 0.003953897468749536
13.5 5.5809999999999995 0.004232958286327618
14.5 4.9422 0.004498211192176746
15.5 4.2483 0.004851682934366603
16.5 3.7720000000000002 0.0051488964523054995
17.5 3.2848 0.0055175405548997525
18.5 2.8110999999999997 0.0059643325808867685
19.5 2.3655 0.006501873622295032
20.5 2.0475 0.0069885655781461225
21.5 1.7496 0.007560153527108575
22.5 1.4898 0.008192869080628497
23.5 1.2410999999999999 0.00897628456738078
24.5 1.0431 0.009791224924100778
25.5 0.8649 0.010752688172043012
26.5 0.7172000000000001 0.01180809557152266
27.5 0.5707 0.013237197960578956
28.5 0.4979 0.014171927987401588
29.5 0.4026 0.015760250451281974
30.5 0.3207 0.017658366242304668
31.5 0.26280000000000003 0.019506857866021757
32.5 0.1943 0.02268629628464662
33.5 0.1649 0.024625761678892605
34.5 0.12819999999999998 0.027929038673897285
35.5 0.1006 0.03152833305597158
36.5 0.0809 0.035158127696731496
37.5 0.0628 0.03990434422338111
38.5 0.0485 0.045407660918649985
39.5 0.0372 0.05184758473652126
40.5 0.029 0.058722021951470346
41.5 0.02 0.07071067811865475
42.5 0.0186 0.07332355751067665
43.5 0.0111 0.0949157995752499
44.5 0.0094 0.10314212462587934
45.5 0.0074 0.11624763874381928
46.5 0.0068 0.12126781251816648
47.5 0.0045000000000000005 0.14907119849998599
48.5 0.0037 0.1643989873053573
49.5 0.0024999999999999996 0.2
50.5 0.0017000000000000001 0.24253562503633297
51.5 0.001 0.31622776601683794
52.5 0.0007 0.3779644730092272
53.5 0.0007 0.3779644730092272
54.5 0.0005 0.4472135954999579
55.5 0.00030000000000000003 0.5773502691896257
56.5 0.0001 1.0
57.5 0.0002 0.7071067811865475
58.5 0.0 inf
59.5 0.0 inf
60.5 0.0 inf
61.5 0.0001 1.0
62.5 0.0001 1.0
63.5 0.0 inf
64.5 0.0 inf
65.5 0.0 inf
66.5 0.0 inf
67.5 0.0 inf
68.5 0.0 inf
69.5 0.0 inf
70.5 0.0 inf
71.5 0.0 inf
72.5 0.0 inf
73.5 0.0 inf
74.5 0.0 inf
75.5 0.0 inf
76.5 0.0 inf
77.5 0.0 inf
78.5 0.0 inf
79.5 0.0 inf
80.5 0.0 inf
81.5 0.0 inf
82.5 0.0 inf
83.5 0.0 inf
84.5 0.0 inf
85.5 0.0 inf
86.5 0.0 inf
87.5 0.0 inf
88.5 0.0 inf
89.5 0.0 inf
90.5 0.0 inf
91.5 0.0 inf
92.5 0.0 inf
93.5 0.0 inf
94.5 0.0 inf
95.5 0.0 inf
96.5 0.0 inf
97.5 0.0 inf
