0.5 41.2252 0.0015574661424752622
1.5 21.2437 0.0021696262172078893
2.5 21.320999999999998 0.002165689619622336
3.5 19.4222 0.002269085126164184
4.5 17.0409 0.0024224439434107742
5.5 15.1833 0.002566356075108206
6.5 13.400400000000001 0.0027317510514412798
7.5 11.812999999999999 0.002909510293527397
8.5 10.5611 0.003077127011624866
9.5 9.172799999999999 0.003301786882293031
10.5 8.2944 0.003472222222222222
11.5 7.2126 0.0037235233037742396
12.5 6.4547 0.003936062346713722
13.5 5.6451 0.004208857094616597
14.5 4.9719 0.0044847558749781255
15.5 4.2919 0.004826976703254119
16.5 3.8459 0.00509918778956644
17.5 3.3301 0.005479883963589628
18.5 2.7727 0.006005491530035629
19.5 2.3994999999999997 0.006455644741700718
20.5 2.0879 0.006920622380178619
21.5 1.7769 0.007501852248438978
22.5 1.4483 0.00830942045350624
23.5 1.2583 0.008914723994723006
24.5 1.0467 0.009774372545130371
25.5 0.8641 0.010757664540779643
26.5 0.7258 0.011737930076466722
27.5 0.5892999999999999 0.013026621048098595
28.5 0.4886 0.014306166285142278
29.5 0.3916 0.01598006930251483
30.5 0.33089999999999997 0.017384076178023157
31.5 0.256 0.01976423537605237
32.5 0.2026 0.022216737285146886
33.5 0.1695 0.024289308377863007
34.5 0.12359999999999999 0.028444006199428717
35.5 0.105 0.030860669992418384
36.5 0.0808 0.03517987723651459
37.5 0.0672 0.03857583749052298
38.5 0.047299999999999995 0.04598004898717029
39.5 0.039400000000000004 0.05037927218598784
40.5 0.028999999999999998 0.058722021951470346
41.5 0.0233 0.06551217820804184
42.5 0.0166 0.07761505257063328
43.5 0.011 0.09534625892455924
44.5 0.0083 0.10976425998969035
45.5 0.0066 0.12309149097933272
46.5 0.006 0.12909944487358055
47.5 0.0045000000000000005 0.14907119849998599
48.5 0.0031999999999999997 0.1767766952966369
49.5 0.0026 0.19611613513818404
50.5 0.0011 0.30151134457776363
51.5 0.0015999999999999999 0.25000000000000006
52.5 0.0012000000000000001 0.28867513459481287
53.5 0.0007 0.3779644730092272
54.5 0.0005 0.4472135954999579
55.5 0.0002 0.7071067811865475
56.5 0.0003 0.5773502691896258
57.5 0.00039999999999999996 0.5000000000000001
58.5 0.0002 0.7071067811865475
59.5 0.0001 1.0
60.5 0.0001 1.0
61.5 0.0 inf
62.5 0.0 inf
63.5 0.0 inf
64.5 0.0001 1.0
65.5 0.0 inf
66.5 0.0002 0.7071067811865475
67.5 0.0 inf
68.5 0.0 inf
69.5 0.0 inf
70.5 0.0 inf
71.5 0.0 inf
72.5 0.0 inf
73.5 0.0 inf
74.5 0.0 inf
75.5 0.0 inf
76.5 0.0 inf
77.5 0.0 inf
78.5 0.0 inf
79.5 0.0 inf
80.5 0.0 inf
81.5 0.0 inf
82.5 0.0 inf
83.5 0.0 inf
84.5 0.0 inf
85.5 0.0 inf
86.5 0.0 inf
87.5 0.0 inf
88.5 0.0 inf
89.5 0.0 inf
90.5 0.0 inf
91.5 0.0 inf
92.5 0.0 inf
93.5 0.0 inf
94.5 0.0 inf
95.5 0.0 inf
96.5 0.0 inf
97.5 0.0 inf
