0.5 38.4874 0.0016119097166797803
1.5 20.2717 0.002221032506162449
2.5 20.5805 0.002204306793756254
3.5 18.8031 0.0023061378942001633
4.5 16.6156 0.0024532510066638514
5.5 14.9596 0.002585473015353413
6.5 13.0993 0.002762968640736701
7.5 11.611699999999999 0.002934621510579065
8.5 10.441600000000001 0.003094685171409854
9.5 9.1235 0.0033106956775665734
10.5 8.1843 0.003495499383357697
11.5 7.101 0.0037526688620536466
12.5 6.3861 0.0039571466249135444
13.5 5.5954999999999995 0.004227470152118416
14.5 4.9204 0.004508164918325264
15.5 4.2721 0.004838149622274492
16.5 3.7767999999999997 0.0051456235015866145
17.5 3.2774 0.0055237660352830415
18.5 2.7977 0.00597859904717006
19.5 2.399 0.0064563174499546894
20.5 2.0567 0.006972917485273305
21.5 1.759 0.007539925943211076
22.5 1.4883000000000002 0.00819699667879484
23.5 1.2404 0.008978817021816094
24.5 1.0446 0.009784192512847968
25.5 0.8516 0.01083632878821919
26.5 0.7189000000000001 0.011794125865200426
27.5 0.5768 0.013167016328743083
28.5 0.5026999999999999 0.014104105809173007
29.5 0.39980000000000004 0.01581534263085266
30.5 0.3145 0.0178315737905373
31.5 0.2534 0.019865371663225287
32.5 0.19319999999999998 0.022750787759664503
33.5 0.1632 0.024753688574416854
34.5 0.1295 0.02778850071883642
35.5 0.10300000000000001 0.03115884764248779
36.5 0.0797 0.03542181734879073
37.5 0.0633 0.039746431675858215
38.5 0.0493 0.0450377349111045
39.5 0.0359 0.05277798139692595
40.5 0.0306 0.05716619504750295
41.5 0.0199 0.07088812050083358
42.5 0.0182 0.07412493166611012
43.5 0.012400000000000001 0.08980265101338744
44.5 0.0101 0.09950371902099892
45.5 0.007299999999999999 0.11704114719613057
46.5 0.0060999999999999995 0.12803687993289598
47.5 0.0039 0.16012815380508713
48.5 0.0039 0.16012815380508713
49.5 0.0015999999999999999 0.25000000000000006
50.5 0.0017000000000000001 0.24253562503633297
51.5 0.0016 0.25
52.5 0.0007 0.3779644730092272
53.5 0.0009 0.3333333333333333
54.5 0.0006000000000000001 0.40824829046386296
55.5 0.00039999999999999996 0.5000000000000001
56.5 0.00030000000000000003 0.5773502691896257
57.5 0.0005 0.4472135954999579
58.5 0.0002 0.7071067811865475
59.5 0.0 inf
60.5 0.0 inf
61.5 0.0001 1.0
62.5 0.0001 1.0
63.5 0.0 inf
64.5 0.0 inf
65.5 0.0 inf
66.5 0.0 inf
67.5 0.0 inf
68.5 0.0 inf
69.5 0.0 inf
70.5 0.0 inf
71.5 0.0 inf
72.5 0.0 inf
73.5 0.0 inf
74.5 0.0 inf
75.5 0.0 inf
76.5 0.0 inf
77.5 0.0 inf
78.5 0.0 inf
79.5 0.0 inf
80.5 0.0 inf
81.5 0.0 inf
82.5 0.0 inf
83.5 0.0 inf
84.5 0.0 inf
85.5 0.0 inf
86.5 0.0 inf
87.5 0.0 inf
88.5 0.0 inf
89.5 0.0 inf
90.5 0.0 inf
91.5 0.0 inf
92.5 0.0 inf
93.5 0.0 inf
94.5 0.0 inf
95.5 0.0 inf
96.5 0.0 inf
97.5 0.0 inf
