0.5 38.5869 0.0016098301437892184
1.5 20.4052 0.00221375508657166
2.5 20.6346 0.0022014152604856465
3.5 18.9619 0.002296460998463039
4.5 16.6534 0.0024504652221006033
5.5 14.95 0.0025863030005593584
6.5 13.188099999999999 0.0027536509217027105
7.5 11.6939 0.0029242891451025433
8.5 10.411100000000001 0.0030992148978517364
9.5 9.1076 0.0033135843148925826
10.5 8.1802 0.0034963752636627066
11.5 7.1639 0.00373615807319795
12.5 6.3698 0.003962206460283211
13.5 5.6267 0.004215733217552139
14.5 4.9543 0.004492714792183417
15.5 4.266500000000001 0.0048413237407870105
16.5 3.8103 0.0051229535086727215
17.5 3.2706 0.005529505365291336
18.5 2.8032 0.005972731032093707
19.5 2.4130000000000003 0.0064375607296191135
20.5 2.0432 0.006995915577605967
21.5 1.767 0.007522838270382504
22.5 1.5 0.00816496580927726
23.5 1.2406000000000001 0.00897809324469817
24.5 1.0665 0.009683214896235446
25.5 0.8519 0.010834420591898543
26.5 0.706 0.011901388973144479
27.5 0.5792999999999999 0.01313857412952738
28.5 0.4943 0.01422344162731625
29.5 0.3982 0.01584708444428277
30.5 0.32489999999999997 0.01754385964912281
31.5 0.2609 0.01957775820486337
32.5 0.2064 0.022011272658140596
33.5 0.1628 0.02478407985483048
34.5 0.1223 0.028594780785029784
35.5 0.1008 0.0314970394174356
36.5 0.0775 0.03592106040535498
37.5 0.0665 0.038778336716474064
38.5 0.047799999999999995 0.04573893537463483
39.5 0.036500000000000005 0.05234239225902136
40.5 0.0266 0.06131393394849658
41.5 0.0216 0.06804138174397717
42.5 0.0182 0.07412493166611012
43.5 0.0104 0.09805806756909202
44.5 0.0121 0.09090909090909091
45.5 0.0079 0.11250879009260237
46.5 0.0071 0.11867816581938533
47.5 0.0039 0.16012815380508713
48.5 0.003 0.18257418583505536
49.5 0.0018 0.23570226039551587
50.5 0.0012000000000000001 0.28867513459481287
51.5 0.0013 0.2773500981126146
52.5 0.0007 0.3779644730092272
53.5 0.0005 0.4472135954999579
54.5 0.0002 0.7071067811865475
55.5 0.0005 0.4472135954999579
56.5 0.0001 1.0
57.5 0.0 inf
58.5 0.00030000000000000003 0.5773502691896257
59.5 0.0 inf
60.5 0.0001 1.0
61.5 0.0001 1.0
62.5 0.0 inf
63.5 0.0001 1.0
64.5 0.0 inf
65.5 0.0 inf
66.5 0.0 inf
67.5 0.0 inf
68.5 0.0 inf
69.5 0.0 inf
70.5 0.0 inf
71.5 0.0 inf
72.5 0.0 inf
73.5 0.0 inf
74.5 0.0 inf
75.5 0.0 inf
76.5 0.0 inf
77.5 0.0 inf
78.5 0.0 inf
79.5 0.0 inf
80.5 0.0 inf
81.5 0.0 inf
82.5 0.0 inf
83.5 0.0 inf
84.5 0.0 inf
85.5 0.0 inf
86.5 0.0 inf
87.5 0.0 inf
88.5 0.0 inf
89.5 0.0 inf
90.5 0.0 inf
91.5 0.0 inf
92.5 0.0 inf
93.5 0.0 inf
94.5 0.0 inf
95.5 0.0 inf
96.5 0.0 inf
97.5 0.0 inf
