0.5 38.7757 0.001605906206854604
1.5 20.4972 0.0022087813702538132
2.5 20.735500000000002 0.0021960526293832747
3.5 19.0001 0.002294151301473294
4.5 16.8126 0.0024388357903663118
5.5 15.0484 0.0025778333424604388
6.5 13.2817 0.0027439308772566787
7.5 11.7361 0.0029190269142513347
8.5 10.5439 0.0030796358090211867
9.5 9.113 0.0033126024205214605
10.5 8.286999999999999 0.0034737721625471237
11.5 7.1865000000000006 0.0037302787396393416
12.5 6.4729 0.0039305248935625064
13.5 5.6592 0.004203610602544319
14.5 4.9643 0.004488187487643433
15.5 4.3095 0.004817109931424227
16.5 3.8112 0.005122348590223522
17.5 3.2877 0.005515106574052952
18.5 2.8110999999999997 0.0059643325808867685
19.5 2.4337999999999997 0.006409993020162401
20.5 2.0818000000000003 0.006930754217295483
21.5 1.7801 0.007495106356220109
22.5 1.4903 0.008191494599587968
23.5 1.2384 0.008986064433619868
24.5 1.0533000000000001 0.00974370121063171
25.5 0.8591 0.010788924165398667
26.5 0.7239 0.01175332408973935
27.5 0.5805 0.013124987182635961
28.5 0.507 0.014044168141158105
29.5 0.40700000000000003 0.01567482841055192
30.5 0.3235 0.017581780649842196
31.5 0.254 0.019841894753313626
32.5 0.2074 0.02195814375455294
33.5 0.1643 0.02467068557457242
34.5 0.1276 0.027994625547792716
35.5 0.10339999999999999 0.031098520678556146
36.5 0.0798 0.03539961627023943
37.5 0.0669 0.038662233651352955
38.5 0.0508 0.04436782547080569
39.5 0.0372 0.05184758473652126
40.5 0.0326 0.05538487756217114
41.5 0.0245 0.06388765649999399
42.5 0.0156 0.08006407690254357
43.5 0.014000000000000002 0.08451542547285164
44.5 0.011 0.09534625892455924
45.5 0.0071 0.11867816581938533
46.5 0.0052 0.1386750490563073
47.5 0.0042 0.1543033499620919
48.5 0.0047 0.14586499149789456
49.5 0.0034999999999999996 0.16903085094570333
50.5 0.0014 0.2672612419124244
51.5 0.0016 0.25
52.5 0.0007 0.3779644730092272
53.5 0.0006 0.4082482904638631
54.5 0.0006 0.4082482904638631
55.5 0.0002 0.7071067811865475
56.5 0.0005 0.4472135954999579
57.5 0.0001 1.0
58.5 0.0002 0.7071067811865475
59.5 0.0002 0.7071067811865475
60.5 0.0 inf
61.5 0.0 inf
62.5 0.0 inf
63.5 0.0 inf
64.5 0.0 inf
65.5 0.0 inf
66.5 0.0 inf
67.5 0.0 inf
68.5 0.0 inf
69.5 0.0 inf
70.5 0.0 inf
71.5 0.0 inf
72.5 0.0 inf
73.5 0.0 inf
74.5 0.0 inf
75.5 0.0 inf
76.5 0.0 inf
77.5 0.0 inf
78.5 0.0 inf
79.5 0.0 inf
80.5 0.0 inf
81.5 0.0 inf
82.5 0.0 inf
83.5 0.0 inf
84.5 0.0 inf
85.5 0.0 inf
86.5 0.0 inf
87.5 0.0 inf
88.5 0.0 inf
89.5 0.0 inf
90.5 0.0 inf
91.5 0.0 inf
92.5 0.0 inf
93.5 0.0 inf
94.5 0.0 inf
95.5 0.0 inf
96.5 0.0 inf
97.5 0.0 inf
