0.5 38.5261 0.0016110999204698186
1.5 20.3352 0.0022175620254674525
2.5 20.6402 0.0022011166015152737
3.5 18.874499999999998 0.0023017718378398576
4.5 16.662 0.0024498327433789737
5.5 14.996 0.002582333231526282
6.5 13.0828 0.0027647104168644025
7.5 11.6556 0.0029290897738824453
8.5 10.4299 0.0030964204549668393
9.5 9.1354 0.0033085386774956566
10.5 8.2193 0.0034880490531415133
11.5 7.1728000000000005 0.0037338394439350208
12.5 6.3804 0.003958913810388417
13.5 5.629300000000001 0.0042147595465553776
14.5 4.9396 0.004499394872081821
15.5 4.2954 0.004825009731451316
16.5 3.7851 0.005139978721560133
17.5 3.2738 0.005526802276653036
18.5 2.8124000000000002 0.005962953949011954
19.5 2.3876 0.006471712485079142
20.5 2.0484 0.006987030135838642
21.5 1.7753 0.007505232032244362
22.5 1.4733999999999998 0.008238339160060955
23.5 1.2273999999999998 0.00902624132328994
24.5 1.0514999999999999 0.009752037474421446
25.5 0.867 0.010739657990297375
26.5 0.7133 0.01184033221596584
27.5 0.5740000000000001 0.013199091933711365
28.5 0.49249999999999994 0.014249409997581931
29.5 0.40259999999999996 0.015760250451281974
30.5 0.31889999999999996 0.017708131581681406
31.5 0.2454 0.020186578771802504
32.5 0.208 0.021926450482675733
33.5 0.1621 0.024837535026770382
34.5 0.12329999999999999 0.0284785885905587
35.5 0.1028 0.031189143077590267
36.5 0.078 0.03580574370197165
37.5 0.06470000000000001 0.03931405669853757
38.5 0.0485 0.045407660918649985
39.5 0.0398 0.05012547071170855
40.5 0.0288 0.05892556509887897
41.5 0.022199999999999998 0.06711560552140243
42.5 0.0201 0.07053456158585983
43.5 0.0129 0.08804509063256238
44.5 0.0095 0.10259783520851541
45.5 0.0068000000000000005 0.12126781251816648
46.5 0.006 0.12909944487358055
47.5 0.0036999999999999997 0.1643989873053573
48.5 0.0034999999999999996 0.16903085094570333
49.5 0.0021999999999999997 0.21320071635561047
50.5 0.0012000000000000001 0.28867513459481287
51.5 0.0011 0.30151134457776363
52.5 0.0017000000000000001 0.24253562503633297
53.5 0.0010999999999999998 0.3015113445777637
54.5 0.00030000000000000003 0.5773502691896257
55.5 0.00039999999999999996 0.5000000000000001
56.5 0.00030000000000000003 0.5773502691896257
57.5 0.0001 1.0
58.5 0.0001 1.0
59.5 0.0 inf
60.5 0.0 inf
61.5 0.0003 0.5773502691896258
62.5 0.0 inf
63.5 0.0 inf
64.5 0.0 inf
65.5 0.0 inf
66.5 0.0 inf
67.5 0.0 inf
68.5 0.0 inf
69.5 0.0 inf
70.5 0.0 inf
71.5 0.0 inf
72.5 0.0 inf
73.5 0.0 inf
74.5 0.0 inf
75.5 0.0 inf
76.5 0.0 inf
77.5 0.0 inf
78.5 0.0 inf
79.5 0.0 inf
80.5 0.0 inf
81.5 0.0 inf
82.5 0.0 inf
83.5 0.0 inf
84.5 0.0 inf
85.5 0.0 inf
86.5 0.0 inf
87.5 0.0 inf
88.5 0.0 inf
89.5 0.0 inf
90.5 0.0 inf
91.5 0.0 inf
92.5 0.0 inf
93.5 0.0 inf
94.5 0.0 inf
95.5 0.0 inf
96.5 0.0 inf
97.5 0.0 inf
