0.5 39.8332 0.001584445850853977
1.5 21.080299999999998 0.0021780187111646904
2.5 21.4311 0.002160119456180838
3.5 19.635599999999997 0.0022567212157380326
4.5 17.415399999999998 0.002396256329670781
5.5 15.5626 0.0025348888578897643
6.5 13.604199999999999 0.0027112121120032116
7.5 12.0724 0.002878082187665418
8.5 10.884699999999999 0.0030310407011378167
9.5 9.4997 0.0032444796516457723
10.5 8.5046 0.003429043969393655
11.5 7.4111 0.0036733191534508475
12.5 6.6744 0.003870738968286765
13.5 5.8417 0.004137427292788613
14.5 5.148 0.004407382377899542
15.5 4.4204 0.0047562997292315695
16.5 3.9322 0.0050429214158147564
17.5 3.4122000000000003 0.005413557583412851
18.5 2.9463 0.005825879761525927
19.5 2.4958 0.006329874650100462
20.5 2.1521 0.006816615162599926
21.5 1.8324 0.007387370119632271
22.5 1.5447 0.008045961066284
23.5 1.3052000000000001 0.008753091481365443
24.5 1.0966 0.009549395470781244
25.5 0.8677 0.010735325111764085
26.5 0.7413000000000001 0.011614566367080564
27.5 0.6059 0.012846934910327694
28.5 0.5139 0.01394956584395624
29.5 0.42010000000000003 0.015428498379527544
30.5 0.3349 0.017279947800812528
31.5 0.26949999999999996 0.01926285321323549
32.5 0.21300000000000002 0.021667569500871973
33.5 0.1669 0.024477768982403232
34.5 0.1395 0.026773977630083295
35.5 0.1067 0.03061383874613135
36.5 0.0801 0.03533326266687867
37.5 0.06420000000000001 0.03946685189819291
38.5 0.0523 0.04372694694466261
39.5 0.0408 0.04950737714883371
40.5 0.0297 0.058025885318565944
41.5 0.0211 0.06884283908215143
42.5 0.0197 0.07124704998790965
43.5 0.0146 0.0827605888602368
44.5 0.0111 0.0949157995752499
45.5 0.008400000000000001 0.10910894511799617
46.5 0.0058 0.13130643285972257
47.5 0.0046 0.14744195615489714
48.5 0.003 0.18257418583505536
49.5 0.0019000000000000002 0.22941573387056174
50.5 0.0013 0.2773500981126146
51.5 0.0012 0.2886751345948129
52.5 0.00039999999999999996 0.5000000000000001
53.5 0.0004 0.5
54.5 0.0005 0.4472135954999579
55.5 0.0008 0.35355339059327373
56.5 0.0002 0.7071067811865475
57.5 0.00039999999999999996 0.5000000000000001
58.5 0.00039999999999999996 0.5000000000000001
59.5 0.0001 1.0
60.5 0.0 inf
61.5 0.0002 0.7071067811865475
62.5 0.0 inf
63.5 0.0 inf
64.5 0.0 inf
65.5 0.0 inf
66.5 0.0 inf
67.5 0.0 inf
68.5 0.0 inf
69.5 0.0 inf
70.5 0.0 inf
71.5 0.0 inf
72.5 0.0 inf
73.5 0.0 inf
74.5 0.0 inf
75.5 0.0 inf
76.5 0.0 inf
77.5 0.0 inf
78.5 0.0 inf
79.5 0.0 inf
80.5 0.0 inf
81.5 0.0 inf
82.5 0.0 inf
83.5 0.0 inf
84.5 0.0 inf
85.5 0.0 inf
86.5 0.0 inf
87.5 0.0 inf
88.5 0.0 inf
89.5 0.0 inf
90.5 0.0 inf
91.5 0.0 inf
92.5 0.0 inf
93.5 0.0 inf
94.5 0.0 inf
95.5 0.0 inf
96.5 0.0 inf
97.5 0.0 inf
