0.5 38.6211 0.0016091172124544882
1.5 20.4331 0.002212243204750714
2.5 20.576700000000002 0.0022045103244274947
3.5 19.0206 0.0022929146743288927
4.5 16.740000000000002 0.0024441185836892214
5.5 14.9629 0.0025851878924350816
6.5 13.2034 0.0027520550043098795
7.5 11.7568 0.002916456041335988
8.5 10.473500000000001 0.0030899687088178163
9.5 9.0726 0.0033199696848312202
10.5 8.2221 0.0034874550826851677
11.5 7.2153 0.0037228265584126853
12.5 6.4 0.003952847075210474
13.5 5.610799999999999 0.004221702307295783
14.5 4.954599999999999 0.004492578773651069
15.5 4.3073999999999995 0.0048182840385646965
16.5 3.7923999999999998 0.00513502935987105
17.5 3.2991 0.005505569636322794
18.5 2.8078000000000003 0.005967836483902417
19.5 2.4111000000000002 0.006440096700065961
20.5 2.0837000000000003 0.0069275936288574515
21.5 1.7619 0.00753371821571601
22.5 1.4665 0.008257697439132145
23.5 1.2347000000000001 0.008999518538636928
24.5 1.0388000000000002 0.009811468853477787
25.5 0.8705 0.010718045892519974
26.5 0.7235 0.011756572659201533
27.5 0.5825 0.013102435641608368
28.5 0.4974 0.014179049201854005
29.5 0.39890000000000003 0.01583317390287102
30.5 0.3241 0.017565498707177146
31.5 0.2626 0.019514284806274117
32.5 0.20700000000000002 0.0219793491131929
33.5 0.1598 0.025015639663712997
34.5 0.124 0.02839809171235324
35.5 0.10600000000000001 0.03071475584169756
36.5 0.08310000000000001 0.03468961565679801
37.5 0.0664 0.03880752628531664
38.5 0.0499 0.04476614810358452
39.5 0.0377 0.051502620262460476
40.5 0.0302 0.0575435337648436
41.5 0.0221 0.06726727939963124
42.5 0.0161 0.07881104062391006
43.5 0.0139 0.08481889296799709
44.5 0.0118 0.09205746178983235
45.5 0.0069 0.1203858530857692
46.5 0.0055 0.13483997249264842
47.5 0.0036 0.16666666666666666
48.5 0.0038 0.16222142113076254
49.5 0.0024000000000000002 0.20412414523193148
50.5 0.001 0.31622776601683794
51.5 0.001 0.31622776601683794
52.5 0.0003 0.5773502691896258
53.5 0.0007 0.3779644730092272
54.5 0.0004 0.5
55.5 0.0002 0.7071067811865475
56.5 0.0002 0.7071067811865475
57.5 0.0001 1.0
58.5 0.0001 1.0
59.5 0.0 inf
60.5 0.0001 1.0
61.5 0.0001 1.0
62.5 0.0001 1.0
63.5 0.0001 1.0
64.5 0.0 inf
65.5 0.0001 1.0
66.5 0.0 inf
67.5 0.0 inf
68.5 0.0 inf
69.5 0.0 inf
70.5 0.0 inf
71.5 0.0 inf
72.5 0.0 inf
73.5 0.0 inf
74.5 0.0 inf
75.5 0.0 inf
76.5 0.0 inf
77.5 0.0 inf
78.5 0.0 inf
79.5 0.0 inf
80.5 0.0 inf
81.5 0.0 inf
82.5 0.0 inf
83.5 0.0 inf
84.5 0.0 inf
85.5 0.0 inf
86.5 0.0 inf
87.5 0.0 inf
88.5 0.0 inf
89.5 0.0 inf
90.5 0.0 inf
91.5 0.0 inf
92.5 0.0 inf
93.5 0.0 inf
94.5 0.0 inf
95.5 0.0 inf
96.5 0.0 inf
97.5 0.0 inf
