0.5 60.9121 0.0012812922927281213
1.5 32.6688 0.0017495784024014118
2.5 32.8578 0.0017445393066714535
3.5 29.8209 0.0018312162214896741
4.5 25.9715 0.0019622371031338586
5.5 23.099899999999998 0.002080630449975184
6.5 20.0791 0.0022316592262311245
7.5 17.6667 0.002379152512671989
8.5 15.611 0.0025309562506353597
9.5 13.5595 0.0027156773012262415
10.5 11.9677 0.002890644292786148
11.5 10.4851 0.0030882589704152607
12.5 9.283999999999999 0.003281953580114288
13.5 8.0364 0.0035275179105326263
14.5 7.0207 0.0037740686193581396
15.5 6.0631 0.004061183699715253
16.5 5.3012999999999995 0.004343189804936081
17.5 4.5651 0.004680312509283153
18.5 3.8605 0.005089536363082696
19.5 3.3096 0.0054968292440255384
20.5 2.8287 0.005945748770987287
21.5 2.3759 0.006487627726935049
22.5 1.9931 0.0070832970561236
23.5 1.6717 0.007734296708580515
24.5 1.3984 0.00845637614364673
25.5 1.1431 0.009353149747562713
26.5 0.9533 0.010242010187671149
27.5 0.7579 0.011486667409215924
28.5 0.6335999999999999 0.012562972690740151
29.5 0.5305 0.013729581703773907
30.5 0.41569999999999996 0.015509935357050633
31.5 0.3363 0.01724394251251618
32.5 0.2582 0.019679854401103796
33.5 0.22060000000000002 0.021291058142914557
34.5 0.1614 0.024891337579430815
35.5 0.1318 0.027544969439561987
36.5 0.1023 0.03126526997403612
37.5 0.0817 0.03498557142706598
38.5 0.0683 0.03826393658966905
39.5 0.0477 0.04578685464956301
40.5 0.0353 0.05322462954123495
41.5 0.026000000000000002 0.062017367294604234
42.5 0.024300000000000002 0.06415002990995841
43.5 0.0153 0.08084520834544433
44.5 0.0126 0.0890870806374748
45.5 0.0095 0.10259783520851541
46.5 0.0068000000000000005 0.12126781251816648
47.5 0.0046 0.14744195615489714
48.5 0.004 0.15811388300841897
49.5 0.0037 0.1643989873053573
50.5 0.0016 0.25
51.5 0.0009 0.3333333333333333
52.5 0.0007999999999999999 0.3535533905932738
53.5 0.001 0.31622776601683794
54.5 0.00030000000000000003 0.5773502691896257
55.5 0.0005 0.4472135954999579
56.5 0.00030000000000000003 0.5773502691896257
57.5 0.00039999999999999996 0.5000000000000001
58.5 0.0 inf
59.5 0.0001 1.0
60.5 0.0 inf
61.5 0.0001 1.0
62.5 0.0 inf
63.5 0.0001 1.0
64.5 0.0 inf
65.5 0.0 inf
66.5 0.0001 1.0
67.5 0.0 inf
68.5 0.0 inf
69.5 0.0 inf
70.5 0.0 inf
71.5 0.0 inf
72.5 0.0 inf
73.5 0.0 inf
74.5 0.0 inf
75.5 0.0 inf
76.5 0.0 inf
77.5 0.0 inf
78.5 0.0 inf
79.5 0.0 inf
80.5 0.0 inf
81.5 0.0 inf
82.5 0.0 inf
83.5 0.0 inf
84.5 0.0 inf
85.5 0.0 inf
86.5 0.0 inf
87.5 0.0 inf
88.5 0.0 inf
89.5 0.0 inf
90.5 0.0 inf
91.5 0.0 inf
92.5 0.0 inf
93.5 0.0 inf
94.5 0.0 inf
95.5 0.0 inf
96.5 0.0 inf
97.5 0.0 inf
