0.5 42.2233 0.0015389478864182094
1.5 22.5416 0.0021062389050866895
2.5 22.798299999999998 0.0020943476216630005
3.5 20.9556 0.002184489441701022
4.5 18.4568 0.00232767207771499
5.5 16.5568 0.00245760339699063
6.5 14.5885 0.002618150937165447
7.5 12.9616 0.002777606325888729
8.5 11.5415 0.002943532749141992
9.5 10.0966 0.0031471136344209
10.5 9.036200000000001 0.003326649784922875
11.5 7.9362 0.003549716735032428
12.5 7.093999999999999 0.003754519877353774
13.5 6.1558 0.004030489084786316
14.5 5.4409 0.0042871100109672655
15.5 4.7595 0.004583733233755091
16.5 4.1701 0.004896962352520962
17.5 3.6489000000000003 0.005235028125198716
18.5 3.0926 0.005686409402392008
19.5 2.6519 0.006140750161787468
20.5 2.2957 0.006599977164118518
21.5 1.92 0.007216878364870321
22.5 1.6141 0.00787108824176547
23.5 1.3689 0.008547008547008548
24.5 1.1659000000000002 0.009261244478136567
25.5 0.9325 0.010355607461569955
26.5 0.7828999999999999 0.011301780114049633
27.5 0.6285000000000001 0.012613841193622015
28.5 0.5497000000000001 0.01348767620815716
29.5 0.43100000000000005 0.015232155510134432
30.5 0.3507 0.01688620732191951
31.5 0.2831 0.018794469225606538
32.5 0.22560000000000002 0.021053798026662976
33.5 0.1805 0.023537557657892522
34.5 0.1348 0.027236735535142165
35.5 0.1101 0.03013743873394561
36.5 0.08829999999999999 0.033652679406803235
37.5 0.07050000000000001 0.037662178857735464
38.5 0.052500000000000005 0.04364357804719848
39.5 0.044 0.04767312946227962
40.5 0.0356 0.052999894000318
41.5 0.0232 0.06565321642986129
42.5 0.018 0.07453559924999299
43.5 0.0137 0.0854357657716761
44.5 0.009899999999999999 0.10050378152592121
45.5 0.0086 0.10783277320343841
46.5 0.006200000000000001 0.1270001270001905
47.5 0.0049 0.14285714285714285
48.5 0.0033 0.17407765595569785
49.5 0.002 0.22360679774997896
50.5 0.001 0.31622776601683794
51.5 0.0016 0.25
52.5 0.0007 0.3779644730092272
53.5 0.0007 0.3779644730092272
54.5 0.00030000000000000003 0.5773502691896257
55.5 0.00030000000000000003 0.5773502691896257
56.5 0.00039999999999999996 0.5000000000000001
57.5 0.0001 1.0
58.5 0.0003 0.5773502691896258
59.5 0.0001 1.0
60.5 0.0 inf
61.5 0.0 inf
62.5 0.0 inf
63.5 0.0 inf
64.5 0.0 inf
65.5 0.0001 1.0
66.5 0.0 inf
67.5 0.0 inf
68.5 0.0 inf
69.5 0.0 inf
70.5 0.0 inf
71.5 0.0 inf
72.5 0.0 inf
73.5 0.0 inf
74.5 0.0 inf
75.5 0.0 inf
76.5 0.0 inf
77.5 0.0 inf
78.5 0.0 inf
79.5 0.0 inf
80.5 0.0 inf
81.5 0.0 inf
82.5 0.0 inf
83.5 0.0 inf
84.5 0.0 inf
85.5 0.0 inf
86.5 0.0 inf
87.5 0.0 inf
88.5 0.0 inf
89.5 0.0 inf
90.5 0.0 inf
91.5 0.0 inf
92.5 0.0 inf
93.5 0.0 inf
94.5 0.0 inf
95.5 0.0 inf
96.5 0.0 inf
97.5 0.0 inf
