0.5 38.5835 0.0016099010718013732
1.5 20.3887 0.002214650670200281
2.5 20.616999999999997 0.0022023546950135668
3.5 18.962899999999998 0.0022964004462459474
4.5 16.691 0.0024477035708913787
5.5 14.9732 0.002584298569641945
6.5 13.200099999999999 0.002752398987081908
7.5 11.678899999999999 0.0029261664735209503
8.5 10.4363 0.003095470878487506
9.5 9.123899999999999 0.00331062310482982
10.5 8.179300000000001 0.0034965676182150598
11.5 7.196 0.003727815610695964
12.5 6.3676 0.003962890870534041
13.5 5.643800000000001 0.004209341803428073
14.5 4.9587 0.004490721090991406
15.5 4.313700000000001 0.004814764289775638
16.5 3.7832999999999997 0.005141201313146476
17.5 3.3138 0.005493344724344764
18.5 2.7935 0.005983091741797402
19.5 2.3971999999999998 0.006458740942086403
20.5 2.0846 0.0069260980164223985
21.5 1.7497 0.007559937482599489
22.5 1.4853 0.008205270625262636
23.5 1.2368000000000001 0.00899187501582008
24.5 1.0552000000000001 0.009734924972248867
25.5 0.8357 0.010938928884083116
26.5 0.71 0.011867816581938534
27.5 0.5829 0.013097939266856333
28.5 0.4985 0.014163396676512622
29.5 0.4068 0.01567868113972662
30.5 0.3214 0.017639126052343954
31.5 0.2619 0.01954034605868497
32.5 0.2047 0.02210248368512676
33.5 0.1565 0.025278006958277935
34.5 0.1276 0.027994625547792716
35.5 0.101 0.03146583877637763
36.5 0.0801 0.03533326266687867
37.5 0.0665 0.038778336716474064
38.5 0.0529 0.043478260869565216
39.5 0.034699999999999995 0.0536828127095019
40.5 0.0288 0.05892556509887897
41.5 0.0225 0.06666666666666667
42.5 0.018500000000000003 0.07352146220938077
43.5 0.0133 0.086710996952412
44.5 0.0093 0.10369516947304253
45.5 0.0066 0.12309149097933272
46.5 0.0055 0.13483997249264842
47.5 0.0033 0.17407765595569785
48.5 0.0029 0.18569533817705186
49.5 0.0026 0.19611613513818404
50.5 0.0018 0.23570226039551587
51.5 0.0017000000000000001 0.24253562503633297
52.5 0.0007999999999999999 0.3535533905932738
53.5 0.0007 0.3779644730092272
54.5 0.00030000000000000003 0.5773502691896257
55.5 0.0004 0.5
56.5 0.0001 1.0
57.5 0.0001 1.0
58.5 0.0001 1.0
59.5 0.0 inf
60.5 0.0001 1.0
61.5 0.0 inf
62.5 0.0 inf
63.5 0.0 inf
64.5 0.0 inf
65.5 0.0 inf
66.5 0.0 inf
67.5 0.0 inf
68.5 0.0 inf
69.5 0.0 inf
70.5 0.0 inf
71.5 0.0 inf
72.5 0.0 inf
73.5 0.0 inf
74.5 0.0 inf
75.5 0.0 inf
76.5 0.0 inf
77.5 0.0 inf
78.5 0.0 inf
79.5 0.0 inf
80.5 0.0 inf
81.5 0.0 inf
82.5 0.0 inf
83.5 0.0 inf
84.5 0.0 inf
85.5 0.0 inf
86.5 0.0 inf
87.5 0.0 inf
88.5 0.0 inf
89.5 0.0 inf
90.5 0.0 inf
91.5 0.0 inf
92.5 0.0 inf
93.5 0.0 inf
94.5 0.0 inf
95.5 0.0 inf
96.5 0.0 inf
97.5 0.0 inf
