0.5 38.4762 0.0016121443042330223
1.5 20.3047 0.0022192269173817
2.5 20.605400000000003 0.002202974525736333
3.5 18.8277 0.0023046308185805586
4.5 16.6189 0.0024530074246502326
5.5 14.980699999999999 0.0025836515816580388
6.5 13.1086 0.002761988361856255
7.5 11.6391 0.002931165229236659
8.5 10.4384 0.0030951594890111394
9.5 9.1052 0.003314020992745724
10.5 8.1797 0.003496482123383559
11.5 7.156000000000001 0.0037382198051140758
12.5 6.3416999999999994 0.0039709750033926315
13.5 5.6062 0.004223433948037863
14.5 4.9276 0.004504870144710026
15.5 4.258 0.004846153559399206
16.5 3.7746 0.005147122829023105
17.5 3.262 0.005536789614905936
18.5 2.801 0.005975076164034408
19.5 2.4047 0.006448661018125021
20.5 2.0645 0.006959732640046252
21.5 1.7793999999999999 0.007496580465066346
22.5 1.4693999999999998 0.00824954474081158
23.5 1.2374 0.008989694726836932
24.5 1.0724 0.009656541190600236
25.5 0.8568 0.010803395392536073
26.5 0.7030000000000001 0.0119267560832174
27.5 0.5825 0.013102435641608368
28.5 0.49129999999999996 0.01426680147272547
29.5 0.3973 0.015865023417386784
30.5 0.31610000000000005 0.0177863875949011
31.5 0.2526 0.019896804232983473
32.5 0.201 0.022304986837273527
33.5 0.1618 0.02486055050818142
34.5 0.1254 0.02823912473624525
35.5 0.1005 0.031544014893825585
36.5 0.07680000000000001 0.03608439182435161
37.5 0.0638 0.03959037912324479
38.5 0.0517 0.04397994971335425
39.5 0.03949999999999999 0.05031546054266276
40.5 0.0262 0.06178020632152154
41.5 0.0239 0.06468462273531508
42.5 0.016399999999999998 0.07808688094430304
43.5 0.012199999999999999 0.09053574604251854
44.5 0.0109 0.09578262852211514
45.5 0.0059 0.13018891098082389
46.5 0.0052 0.1386750490563073
47.5 0.003 0.18257418583505536
48.5 0.0028 0.1889822365046136
49.5 0.0028 0.1889822365046136
50.5 0.0021999999999999997 0.21320071635561047
51.5 0.0012 0.2886751345948129
52.5 0.001 0.31622776601683794
53.5 0.0005 0.4472135954999579
54.5 0.00030000000000000003 0.5773502691896257
55.5 0.0004 0.5
56.5 0.0001 1.0
57.5 0.0002 0.7071067811865475
58.5 0.0005 0.4472135954999579
59.5 0.0003 0.5773502691896258
60.5 0.0 inf
61.5 0.0002 0.7071067811865475
62.5 0.0001 1.0
63.5 0.0 inf
64.5 0.0 inf
65.5 0.0 inf
66.5 0.0 inf
67.5 0.0 inf
68.5 0.0 inf
69.5 0.0 inf
70.5 0.0 inf
71.5 0.0 inf
72.5 0.0 inf
73.5 0.0 inf
74.5 0.0 inf
75.5 0.0 inf
76.5 0.0 inf
77.5 0.0 inf
78.5 0.0 inf
79.5 0.0 inf
80.5 0.0 inf
81.5 0.0 inf
82.5 0.0 inf
83.5 0.0 inf
84.5 0.0 inf
85.5 0.0 inf
86.5 0.0 inf
87.5 0.0 inf
88.5 0.0 inf
89.5 0.0 inf
90.5 0.0 inf
91.5 0.0 inf
92.5 0.0 inf
93.5 0.0 inf
94.5 0.0 inf
95.5 0.0 inf
96.5 0.0 inf
97.5 0.0 inf
