0.5 90.4008 0.0010517532510140272
1.5 46.0072 0.001474304185735921
2.5 44.4846 0.0014993228338301928
3.5 38.9276 0.0016027699284044128
4.5 32.751099999999994 0.001747378768276191
5.5 28.1665 0.0018842284537126254
6.5 23.9351 0.0020440069909900744
7.5 20.472 0.0022101404014184312
8.5 17.759900000000002 0.002372901669857064
9.5 15.129999999999999 0.002570872483645304
10.5 13.2463 0.002747594932221225
11.5 11.3581 0.002967202293376701
12.5 9.9343 0.003172717211427649
13.5 8.5312 0.0034236939729048546
14.5 7.3824000000000005 0.0036804524702517766
15.5 6.2229 0.004008700303632983
16.5 5.428100000000001 0.004292161750622408
17.5 4.6433 0.004640733486910748
18.5 3.9205 0.005050440638602785
19.5 3.3529999999999998 0.005461138908210344
20.5 2.7945 0.005982021133979616
21.5 2.3747999999999996 0.006489130077512461
22.5 1.9859 0.007096125898652388
23.5 1.6608 0.00775963569055251
24.5 1.392 0.008475793795260131
25.5 1.1102 0.00949072497576786
26.5 0.9405 0.0103114704148291
27.5 0.7274 0.01172501350575771
28.5 0.6439 0.012462087247901644
29.5 0.5004000000000001 0.014136482161332847
30.5 0.3994 0.015823260199624396
31.5 0.3318 0.017360483211470365
32.5 0.2531 0.019877141411466247
33.5 0.2042 0.022129526988628804
34.5 0.1593 0.025054867600094295
35.5 0.131 0.02762894819977688
36.5 0.10350000000000001 0.03108349360801046
37.5 0.0774 0.03594425773447947
38.5 0.061599999999999995 0.040291148201269014
39.5 0.0436 0.04789131426105757
40.5 0.037 0.05198752449100364
41.5 0.027700000000000002 0.06008417681261097
42.5 0.0196 0.07142857142857142
43.5 0.0149 0.08192319205190406
44.5 0.011699999999999999 0.09245003270420486
45.5 0.0097 0.10153461651336192
46.5 0.0074 0.11624763874381928
47.5 0.0059 0.13018891098082389
48.5 0.0043 0.15249857033260467
49.5 0.0023 0.20851441405707477
50.5 0.0021000000000000003 0.21821789023599233
51.5 0.0009 0.3333333333333333
52.5 0.0012000000000000001 0.28867513459481287
53.5 0.0007 0.3779644730092272
54.5 0.0002 0.7071067811865475
55.5 0.0005 0.4472135954999579
56.5 0.00030000000000000003 0.5773502691896257
57.5 0.0002 0.7071067811865475
58.5 0.0001 1.0
59.5 0.0 inf
60.5 0.0001 1.0
61.5 0.0 inf
62.5 0.0002 0.7071067811865475
63.5 0.0001 1.0
64.5 0.0001 1.0
65.5 0.0 inf
66.5 0.0 inf
67.5 0.0 inf
68.5 0.0 inf
69.5 0.0 inf
70.5 0.0 inf
71.5 0.0 inf
72.5 0.0 inf
73.5 0.0 inf
74.5 0.0 inf
75.5 0.0 inf
76.5 0.0 inf
77.5 0.0 inf
78.5 0.0 inf
79.5 0.0 inf
80.5 0.0 inf
81.5 0.0 inf
82.5 0.0 inf
83.5 0.0 inf
84.5 0.0 inf
85.5 0.0 inf
86.5 0.0 inf
87.5 0.0 inf
88.5 0.0 inf
89.5 0.0 inf
90.5 0.0 inf
91.5 0.0 inf
92.5 0.0 inf
93.5 0.0 inf
94.5 0.0 inf
95.5 0.0 inf
96.5 0.0 inf
97.5 0.0 inf
