0.5 38.4403 0.001612896931996156
1.5 20.3161 0.0022186041911474385
2.5 20.573999999999998 0.002204654972590403
3.5 18.9193 0.002299044979653744
4.5 16.596600000000002 0.0024546548615594294
5.5 14.937100000000001 0.002587419552918877
6.5 13.1339 0.0027593268527129284
7.5 11.6091 0.0029349501143798103
8.5 10.4047 0.003100167925143621
9.5 9.1325 0.0033090639444317716
10.5 8.1841 0.0034955420939554193
11.5 7.131 0.0037447668342029824
12.5 6.382099999999999 0.003958386507328679
13.5 5.5957 0.004227394602894421
14.5 4.9384 0.004499941501140726
15.5 4.2681000000000004 0.004840416212369676
16.5 3.7615 0.0051560778608697126
17.5 3.2899000000000003 0.0055132622530165475
18.5 2.7803 0.0059972778536414644
19.5 2.3876 0.006471712485079142
20.5 2.0662000000000003 0.006956868933691743
21.5 1.7769 0.007501852248438978
22.5 1.4706000000000001 0.008246178266588224
23.5 1.2357 0.008995876335833408
24.5 1.0499 0.009759465477002299
25.5 0.8564 0.01080591807684192
26.5 0.7187 0.011795766787067874
27.5 0.5645 0.013309692652798466
28.5 0.5017 0.014118155126142938
29.5 0.403 0.015752427045264396
30.5 0.3307 0.01738933213465966
31.5 0.263 0.019499439399175793
32.5 0.2044 0.02211869776019044
33.5 0.1593 0.025054867600094295
34.5 0.129 0.027842302319485226
35.5 0.0964 0.03220783132004154
36.5 0.0781 0.03578281334822566
37.5 0.066 0.03892494720807615
38.5 0.051000000000000004 0.044280744277004756
39.5 0.040499999999999994 0.04969039949999533
40.5 0.0286 0.05913123959890826
41.5 0.0216 0.06804138174397717
42.5 0.0177 0.07516460280028289
43.5 0.012400000000000001 0.08980265101338744
44.5 0.0093 0.10369516947304253
45.5 0.0074 0.11624763874381928
46.5 0.0042 0.1543033499620919
47.5 0.004399999999999999 0.15075567228888184
48.5 0.0034000000000000002 0.17149858514250882
49.5 0.0015 0.2581988897471611
50.5 0.0016 0.25
51.5 0.0012 0.2886751345948129
52.5 0.0006 0.4082482904638631
53.5 0.0006000000000000001 0.40824829046386296
54.5 0.0002 0.7071067811865475
55.5 0.0004 0.5
56.5 0.00030000000000000003 0.5773502691896257
57.5 0.0002 0.7071067811865475
58.5 0.0 inf
59.5 0.0 inf
60.5 0.0 inf
61.5 0.0 inf
62.5 0.0002 0.7071067811865475
63.5 0.0001 1.0
64.5 0.0001 1.0
65.5 0.0001 1.0
66.5 0.0 inf
67.5 0.0 inf
68.5 0.0 inf
69.5 0.0 inf
70.5 0.0 inf
71.5 0.0 inf
72.5 0.0 inf
73.5 0.0 inf
74.5 0.0 inf
75.5 0.0 inf
76.5 0.0 inf
77.5 0.0 inf
78.5 0.0 inf
79.5 0.0 inf
80.5 0.0 inf
81.5 0.0 inf
82.5 0.0 inf
83.5 0.0 inf
84.5 0.0 inf
85.5 0.0 inf
86.5 0.0 inf
87.5 0.0 inf
88.5 0.0 inf
89.5 0.0 inf
90.5 0.0 inf
91.5 0.0 inf
92.5 0.0 inf
93.5 0.0 inf
94.5 0.0 inf
95.5 0.0 inf
96.5 0.0 inf
97.5 0.0 inf
