0.5 8815.0 0.01065096215818389
1.5 3977.0 0.01585704302280871
2.5 3349.0 0.017279947800812524
3.5 2632.0 0.019492029389636262
4.5 2078.0 0.02193699965359284
5.5 1609.0 0.024929982747211407
6.5 1180.0 0.0291111254869791
7.5 982.0 0.03191128231363014
8.5 719.0 0.03729370703141007
9.5 584.0 0.0413802944301184
10.5 470.0 0.04612656040144425
11.5 376.0 0.05157106231293967
12.5 326.0 0.05538487756217113
13.5 243.0 0.06415002990995841
14.5 193.0 0.07198157507486945
15.5 147.0 0.08247860988423225
16.5 128.0 0.08838834764831843
17.5 89.0 0.105999788000636
18.5 68.0 0.12126781251816648
19.5 58.0 0.13130643285972254
20.5 40.0 0.15811388300841897
21.5 31.0 0.1796053020267749
22.5 24.0 0.20412414523193154
23.5 20.0 0.22360679774997896
24.5 20.0 0.22360679774997896
25.5 9.0 0.3333333333333333
26.5 7.0 0.3779644730092272
27.5 4.0 0.5
28.5 3.0 0.5773502691896258
29.5 6.0 0.4082482904638631
30.5 1.0 1.0
31.5 0.0 inf
32.5 1.0 1.0
33.5 0.0 inf
34.5 1.0 1.0
35.5 0.0 inf
36.5 0.0 inf
37.5 0.0 inf
38.5 0.0 inf
39.5 0.0 inf
40.5 0.0 inf
41.5 0.0 inf
42.5 0.0 inf
43.5 0.0 inf
44.5 0.0 inf
45.5 0.0 inf
46.5 0.0 inf
47.5 0.0 inf
48.5 0.0 inf
49.5 0.0 inf
50.5 0.0 inf
51.5 0.0 inf
52.5 0.0 inf
53.5 0.0 inf
54.5 0.0 inf
55.5 0.0 inf
56.5 0.0 inf
57.5 0.0 inf
58.5 0.0 inf
59.5 0.0 inf
60.5 0.0 inf
61.5 0.0 inf
62.5 0.0 inf
63.5 0.0 inf
64.5 0.0 inf
65.5 0.0 inf
66.5 0.0 inf
67.5 0.0 inf
68.5 0.0 inf
69.5 0.0 inf
70.5 0.0 inf
71.5 0.0 inf
72.5 0.0 inf
73.5 0.0 inf
74.5 0.0 inf
75.5 0.0 inf
76.5 0.0 inf
77.5 0.0 inf
78.5 0.0 inf
79.5 0.0 inf
80.5 0.0 inf
81.5 0.0 inf
82.5 0.0 inf
83.5 0.0 inf
84.5 0.0 inf
85.5 0.0 inf
86.5 0.0 inf
87.5 0.0 inf
88.5 0.0 inf
89.5 0.0 inf
90.5 0.0 inf
91.5 0.0 inf
92.5 0.0 inf
93.5 0.0 inf
94.5 0.0 inf
95.5 0.0 inf
96.5 0.0 inf
97.5 0.0 inf
