0.5 40.3735 0.0015738081858277845
1.5 21.3687 0.0021632711030841007
2.5 21.73 0.0021452116007007207
3.5 19.9931 0.0022364537990601082
4.5 17.568800000000003 0.0023857720727350853
5.5 15.817 0.002514420696116978
6.5 13.8178 0.0026901751013944483
7.5 12.3198 0.0028490375368894847
8.5 11.0487 0.0030084611614898072
9.5 9.668199999999999 0.0032160825460116546
10.5 8.6552 0.00339908046916557
11.5 7.6033 0.0036265939833595847
12.5 6.766500000000001 0.0038443060661547414
13.5 5.9213000000000005 0.004109523492829591
14.5 5.2359 0.004370230345397692
15.5 4.5535 0.004686270244236926
16.5 4.0241 0.004985005223727398
17.5 3.4287 0.0054005159899476966
18.5 2.9798 0.005793038864174052
19.5 2.5712 0.006236372822908353
20.5 2.2004 0.006741385799232379
21.5 1.874 0.0073049156707140255
22.5 1.574 0.007970721518456007
23.5 1.3152 0.008719751330189448
24.5 1.0902 0.009577384233409298
25.5 0.9051 0.01051118591209064
26.5 0.7551 0.011507944662662088
27.5 0.6159 0.012742214098544197
28.5 0.5257000000000001 0.013792119503385363
29.5 0.4119 0.015581314872270007
30.5 0.3407 0.01713223146171117
31.5 0.2651 0.019422053054479065
32.5 0.2131 0.02166248500719623
33.5 0.1733 0.024021532944603168
34.5 0.1351 0.02720647808954716
35.5 0.10650000000000001 0.03064257065179478
36.5 0.0797 0.03542181734879073
37.5 0.07 0.03779644730092272
38.5 0.0539 0.0430730492253948
39.5 0.0426 0.04845015831115092
40.5 0.0312 0.05661385170722978
41.5 0.0259 0.062136976600120006
42.5 0.019799999999999998 0.07106690545187015
43.5 0.013600000000000001 0.08574929257125441
44.5 0.0109 0.09578262852211514
45.5 0.0068000000000000005 0.12126781251816648
46.5 0.0054 0.13608276348795434
47.5 0.0033 0.17407765595569785
48.5 0.0037 0.1643989873053573
49.5 0.0022 0.21320071635561041
50.5 0.0019000000000000002 0.22941573387056174
51.5 0.0017000000000000001 0.24253562503633297
52.5 0.0007999999999999999 0.3535533905932738
53.5 0.0004 0.5
54.5 0.0002 0.7071067811865475
55.5 0.0004 0.5
56.5 0.0 inf
57.5 0.00039999999999999996 0.5000000000000001
58.5 0.0001 1.0
59.5 0.0001 1.0
60.5 0.0 inf
61.5 0.0 inf
62.5 0.0 inf
63.5 0.0 inf
64.5 0.0 inf
65.5 0.0 inf
66.5 0.0 inf
67.5 0.0 inf
68.5 0.0 inf
69.5 0.0 inf
70.5 0.0 inf
71.5 0.0 inf
72.5 0.0 inf
73.5 0.0 inf
74.5 0.0 inf
75.5 0.0 inf
76.5 0.0 inf
77.5 0.0 inf
78.5 0.0 inf
79.5 0.0 inf
80.5 0.0 inf
81.5 0.0 inf
82.5 0.0 inf
83.5 0.0 inf
84.5 0.0 inf
85.5 0.0 inf
86.5 0.0 inf
87.5 0.0 inf
88.5 0.0 inf
89.5 0.0 inf
90.5 0.0 inf
91.5 0.0 inf
92.5 0.0 inf
93.5 0.0 inf
94.5 0.0 inf
95.5 0.0 inf
96.5 0.0 inf
97.5 0.0 inf
