0.5 11357.0 0.009383571922805612
1.5 4824.0 0.01439780709302267
2.5 4233.0 0.015370070720163592
3.5 3147.0 0.017825906676524627
4.5 2437.0 0.020256865075416467
5.5 1806.0 0.023531040266750583
6.5 1386.0 0.026860765467512676
7.5 1078.0 0.03045724519365863
8.5 876.0 0.033786868919974296
9.5 669.0 0.038662233651352955
10.5 547.0 0.04275691248090128
11.5 406.0 0.04962916669854651
12.5 340.0 0.05423261445466404
13.5 248.0 0.06350006350009525
14.5 221.0 0.06726727939963124
15.5 173.0 0.07602859212697055
16.5 122.0 0.09053574604251853
17.5 96.0 0.10206207261596577
18.5 79.0 0.1125087900926024
19.5 50.0 0.1414213562373095
20.5 65.0 0.12403473458920847
21.5 37.0 0.1643989873053573
22.5 20.0 0.22360679774997896
23.5 23.0 0.20851441405707477
24.5 15.0 0.2581988897471611
25.5 17.0 0.24253562503633297
26.5 12.0 0.2886751345948129
27.5 5.0 0.4472135954999579
28.5 6.0 0.4082482904638631
29.5 5.0 0.4472135954999579
30.5 2.0 0.7071067811865475
31.5 1.0 1.0
32.5 1.0 1.0
33.5 0.0 inf
34.5 0.0 inf
35.5 0.0 inf
36.5 0.0 inf
37.5 0.0 inf
38.5 0.0 inf
39.5 0.0 inf
40.5 0.0 inf
41.5 0.0 inf
42.5 0.0 inf
43.5 0.0 inf
44.5 0.0 inf
45.5 0.0 inf
46.5 0.0 inf
47.5 0.0 inf
48.5 0.0 inf
49.5 0.0 inf
50.5 0.0 inf
51.5 0.0 inf
52.5 0.0 inf
53.5 0.0 inf
54.5 0.0 inf
55.5 0.0 inf
56.5 0.0 inf
57.5 0.0 inf
58.5 0.0 inf
59.5 0.0 inf
60.5 0.0 inf
61.5 0.0 inf
62.5 0.0 inf
63.5 0.0 inf
64.5 0.0 inf
65.5 0.0 inf
66.5 0.0 inf
67.5 0.0 inf
68.5 0.0 inf
69.5 0.0 inf
70.5 0.0 inf
71.5 0.0 inf
72.5 0.0 inf
73.5 0.0 inf
74.5 0.0 inf
75.5 0.0 inf
76.5 0.0 inf
77.5 0.0 inf
78.5 0.0 inf
79.5 0.0 inf
80.5 0.0 inf
81.5 0.0 inf
82.5 0.0 inf
83.5 0.0 inf
84.5 0.0 inf
85.5 0.0 inf
86.5 0.0 inf
87.5 0.0 inf
88.5 0.0 inf
89.5 0.0 inf
90.5 0.0 inf
91.5 0.0 inf
92.5 0.0 inf
93.5 0.0 inf
94.5 0.0 inf
95.5 0.0 inf
96.5 0.0 inf
97.5 0.0 inf
