0.5 40.6825 0.0015678199393213482
1.5 21.622 0.002150562499421112
2.5 21.9279 0.0021355093586129213
3.5 20.1755 0.0022263213276861415
4.5 17.7358 0.002374513311749494
5.5 15.9347 0.0025051172313635055
6.5 14.0683 0.002666116910792714
7.5 12.4576 0.0028332363753475185
8.5 11.138100000000001 0.0029963631241391184
9.5 9.714500000000001 0.003208409352926022
10.5 8.7286 0.003384758629029395
11.5 7.6685 0.0036111438511825613
12.5 6.8177 0.003829843754562105
13.5 6.0306999999999995 0.004072078462606196
14.5 5.2978000000000005 0.004344624235688273
15.5 4.5621 0.004681851124173753
16.5 4.0635 0.004960778863737864
17.5 3.5139 0.005334642259482302
18.5 3.0125 0.005761512019156774
19.5 2.5628 0.006246584832499383
20.5 2.2004 0.006741385799232379
21.5 1.8772 0.007298686792437225
22.5 1.5735999999999999 0.007971734509693301
23.5 1.3458999999999999 0.008619728829320395
24.5 1.1187999999999998 0.009454177920756063
25.5 0.9167000000000001 0.010444469459623476
26.5 0.7561 0.01150033207688315
27.5 0.626 0.012639003479138967
28.5 0.5207999999999999 0.013856849886842335
29.5 0.437 0.01512722552040129
30.5 0.35 0.016903085094570332
31.5 0.28400000000000003 0.018764665626020038
32.5 0.2154 0.021546520679428582
33.5 0.17320000000000002 0.024028466566610635
34.5 0.1315 0.027576371656986686
35.5 0.11149999999999999 0.029947637411773996
36.5 0.08310000000000001 0.03468961565679801
37.5 0.0663 0.03883678186903087
38.5 0.0508 0.04436782547080569
39.5 0.0437 0.047836487323493986
40.5 0.0274 0.0604122093330177
41.5 0.027700000000000002 0.06008417681261097
42.5 0.017300000000000003 0.07602859212697054
43.5 0.0135 0.08606629658238704
44.5 0.011099999999999999 0.0949157995752499
45.5 0.0078 0.11322770341445956
46.5 0.0057 0.13245323570650439
47.5 0.0051 0.14002800840280097
48.5 0.0029 0.18569533817705186
49.5 0.0029 0.18569533817705186
50.5 0.002 0.22360679774997896
51.5 0.0006 0.4082482904638631
52.5 0.0012000000000000001 0.28867513459481287
53.5 0.001 0.31622776601683794
54.5 0.00030000000000000003 0.5773502691896257
55.5 0.0002 0.7071067811865475
56.5 0.0003 0.5773502691896258
57.5 0.0003 0.5773502691896258
58.5 0.0 inf
59.5 0.0001 1.0
60.5 0.0 inf
61.5 0.0 inf
62.5 0.0001 1.0
63.5 0.0002 0.7071067811865475
64.5 0.0 inf
65.5 0.0 inf
66.5 0.0 inf
67.5 0.0 inf
68.5 0.0 inf
69.5 0.0 inf
70.5 0.0 inf
71.5 0.0 inf
72.5 0.0 inf
73.5 0.0 inf
74.5 0.0 inf
75.5 0.0 inf
76.5 0.0 inf
77.5 0.0 inf
78.5 0.0 inf
79.5 0.0 inf
80.5 0.0 inf
81.5 0.0 inf
82.5 0.0 inf
83.5 0.0 inf
84.5 0.0 inf
85.5 0.0 inf
86.5 0.0 inf
87.5 0.0 inf
88.5 0.0 inf
89.5 0.0 inf
90.5 0.0 inf
91.5 0.0 inf
92.5 0.0 inf
93.5 0.0 inf
94.5 0.0 inf
95.5 0.0 inf
96.5 0.0 inf
97.5 0.0 inf
