0.5 38.9001 0.0016033363586448405
1.5 20.618000000000002 0.00220230128582257
2.5 20.847299999999997 0.0021901562126588796
3.5 19.0898 0.0022887550249349876
4.5 16.9169 0.0024313059278500537
5.5 15.1522 0.0025689884572499453
6.5 13.296299999999999 0.00274242397705885
7.5 11.7847 0.002913001675059465
8.5 10.6181 0.0030688565930106575
9.5 9.2131 0.003294557619577617
10.5 8.286000000000001 0.003473981773177125
11.5 7.2545 0.0037127547080607927
12.5 6.500299999999999 0.003922232190757482
13.5 5.670999999999999 0.004199234969076604
14.5 4.9793 0.0044814221199367755
15.5 4.322 0.004810138914007576
16.5 3.8358 0.005105896681980124
17.5 3.3092 0.00549716144897819
18.5 2.8476 0.0059259844544564825
19.5 2.4680999999999997 0.006365296291626278
20.5 2.0962 0.006906907529773724
21.5 1.7806 0.007494053953575705
22.5 1.5131000000000001 0.008129543970168965
23.5 1.2631000000000001 0.008897769119571573
24.5 1.0615 0.009705993603072902
25.5 0.855 0.010814761408717502
26.5 0.7351000000000001 0.011663443465853428
27.5 0.5671999999999999 0.01327797629320362
28.5 0.4929 0.014243626957572003
29.5 0.4104 0.015609763526361568
30.5 0.31420000000000003 0.017840084605017844
31.5 0.2639 0.019466160726095222
32.5 0.2044 0.02211869776019044
33.5 0.16899999999999998 0.024325212770525996
34.5 0.12990000000000002 0.027745683280893146
35.5 0.1002 0.031591201180328175
36.5 0.0818 0.034964180063753285
37.5 0.0615 0.04032389192727559
38.5 0.0474 0.04593152121746254
39.5 0.0392 0.050507627227610534
40.5 0.03 0.05773502691896257
41.5 0.023 0.0659380473395787
42.5 0.0175 0.07559289460184544
43.5 0.0133 0.086710996952412
44.5 0.0104 0.09805806756909202
45.5 0.0071 0.11867816581938533
46.5 0.0051 0.14002800840280097
47.5 0.004 0.15811388300841897
48.5 0.0027 0.19245008972987526
49.5 0.0024999999999999996 0.2
50.5 0.0009 0.3333333333333333
51.5 0.0011 0.30151134457776363
52.5 0.001 0.31622776601683794
53.5 0.0009 0.3333333333333333
54.5 0.00030000000000000003 0.5773502691896257
55.5 0.0004 0.5
56.5 0.00030000000000000003 0.5773502691896257
57.5 0.0002 0.7071067811865475
58.5 0.0001 1.0
59.5 0.0 inf
60.5 0.0 inf
61.5 0.0001 1.0
62.5 0.0 inf
63.5 0.0 inf
64.5 0.0 inf
65.5 0.0 inf
66.5 0.0 inf
67.5 0.0 inf
68.5 0.0 inf
69.5 0.0 inf
70.5 0.0 inf
71.5 0.0 inf
72.5 0.0 inf
73.5 0.0 inf
74.5 0.0 inf
75.5 0.0 inf
76.5 0.0 inf
77.5 0.0 inf
78.5 0.0 inf
79.5 0.0 inf
80.5 0.0 inf
81.5 0.0 inf
82.5 0.0 inf
83.5 0.0 inf
84.5 0.0 inf
85.5 0.0 inf
86.5 0.0 inf
87.5 0.0 inf
88.5 0.0 inf
89.5 0.0 inf
90.5 0.0 inf
91.5 0.0 inf
92.5 0.0 inf
93.5 0.0 inf
94.5 0.0 inf
95.5 0.0 inf
96.5 0.0 inf
97.5 0.0 inf
