0.5 68201.0 0.003829169832347712
1.5 20805.0 0.006932919219326468
2.5 14914.0 0.008188473174702034
3.5 9859.0 0.010071254407032397
4.5 6621.0 0.012289612968698597
5.5 4597.0 0.014749005858328414
6.5 3140.0 0.017845765256206243
7.5 2301.0 0.02084690996125416
8.5 1761.0 0.02382979586411958
9.5 1244.0 0.028352398856187136
10.5 973.0 0.03205852818187507
11.5 802.0 0.035311227577322434
12.5 581.0 0.04148699068225112
13.5 475.0 0.04588314677411235
14.5 332.0 0.05488212999484517
15.5 283.0 0.0594438298277764
16.5 213.0 0.06851887098275317
17.5 154.0 0.08058229640253803
18.5 121.0 0.09090909090909091
19.5 112.0 0.0944911182523068
20.5 84.0 0.1091089451179962
21.5 43.0 0.15249857033260467
22.5 32.0 0.17677669529663687
23.5 40.0 0.15811388300841897
24.5 28.0 0.1889822365046136
25.5 13.0 0.2773500981126146
26.5 14.0 0.2672612419124244
27.5 9.0 0.3333333333333333
28.5 6.0 0.4082482904638631
29.5 2.0 0.7071067811865475
30.5 6.0 0.4082482904638631
31.5 6.0 0.4082482904638631
32.5 1.0 1.0
33.5 1.0 1.0
34.5 1.0 1.0
35.5 1.0 1.0
36.5 0.0 inf
37.5 0.0 inf
38.5 0.0 inf
39.5 0.0 inf
40.5 0.0 inf
41.5 0.0 inf
42.5 0.0 inf
43.5 0.0 inf
44.5 0.0 inf
45.5 0.0 inf
46.5 0.0 inf
47.5 0.0 inf
48.5 0.0 inf
49.5 0.0 inf
50.5 0.0 inf
51.5 0.0 inf
52.5 0.0 inf
53.5 0.0 inf
54.5 0.0 inf
55.5 0.0 inf
56.5 0.0 inf
57.5 0.0 inf
58.5 0.0 inf
59.5 0.0 inf
60.5 0.0 inf
61.5 0.0 inf
62.5 0.0 inf
63.5 0.0 inf
64.5 0.0 inf
65.5 0.0 inf
66.5 0.0 inf
67.5 0.0 inf
68.5 0.0 inf
69.5 0.0 inf
70.5 0.0 inf
71.5 0.0 inf
72.5 0.0 inf
73.5 0.0 inf
74.5 0.0 inf
75.5 0.0 inf
76.5 0.0 inf
77.5 0.0 inf
78.5 0.0 inf
79.5 0.0 inf
80.5 0.0 inf
81.5 0.0 inf
82.5 0.0 inf
83.5 0.0 inf
84.5 0.0 inf
85.5 0.0 inf
86.5 0.0 inf
87.5 0.0 inf
88.5 0.0 inf
89.5 0.0 inf
90.5 0.0 inf
91.5 0.0 inf
92.5 0.0 inf
93.5 0.0 inf
94.5 0.0 inf
95.5 0.0 inf
96.5 0.0 inf
97.5 0.0 inf
