0.5 41.6347 0.0015497879512096542
1.5 22.1345 0.002125519736513482
2.5 22.490299999999998 0.0021086396847763257
3.5 20.6771 0.002199151686912676
4.5 18.1793 0.0023453703024292325
5.5 16.3874 0.0024702731203427603
6.5 14.3551 0.0026393494150960877
7.5 12.822099999999999 0.0027926751475120474
8.5 11.386199999999999 0.0029635386527243077
9.5 9.996500000000001 0.003162831204068421
10.5 9.0076 0.003331926816657162
11.5 7.832700000000001 0.0035730924521351743
12.5 7.0222 0.0037736655116941647
13.5 6.2184 0.004010150506981024
14.5 5.3915 0.004306705700909944
15.5 4.7221 0.004601849486815872
16.5 4.1422 0.00491342654541305
17.5 3.6037 0.0052677564206554135
18.5 3.1018 0.005677970138747799
19.5 2.6411 0.006153292746484973
20.5 2.2546999999999997 0.006659714593391205
21.5 1.9465 0.007167584076590313
22.5 1.6219999999999999 0.007851896658413302
23.5 1.3755000000000002 0.008526478526309363
24.5 1.1524999999999999 0.009314928656652448
25.5 0.9315 0.010361164536003487
26.5 0.7799 0.011323496229855297
27.5 0.6371 0.012528416922183254
28.5 0.5416000000000001 0.013588160629966099
29.5 0.43379999999999996 0.015182917289142565
30.5 0.3571 0.016734204613081675
31.5 0.2899 0.018572736289716184
32.5 0.2298 0.020860513166591616
33.5 0.1738 0.023986954644045835
34.5 0.1362 0.02709639073017024
35.5 0.11649999999999999 0.029297936765452382
36.5 0.08710000000000001 0.03388370737858486
37.5 0.0671 0.03860457182410914
38.5 0.0529 0.043478260869565216
39.5 0.0432 0.048112522432468816
40.5 0.0308 0.05698028822981897
41.5 0.0235 0.06523280730534423
42.5 0.015899999999999997 0.07930515857181443
43.5 0.0143 0.08362420100070908
44.5 0.0115 0.09325048082403138
45.5 0.0086 0.10783277320343841
46.5 0.0060999999999999995 0.12803687993289598
47.5 0.0043 0.15249857033260467
48.5 0.0034000000000000002 0.17149858514250882
49.5 0.0021000000000000003 0.21821789023599233
50.5 0.0015 0.2581988897471611
51.5 0.0013 0.2773500981126146
52.5 0.0013 0.2773500981126146
53.5 0.0001 1.0
54.5 0.001 0.31622776601683794
55.5 0.0005 0.4472135954999579
56.5 0.0001 1.0
57.5 0.0003 0.5773502691896258
58.5 0.0001 1.0
59.5 0.0001 1.0
60.5 0.0 inf
61.5 0.0002 0.7071067811865475
62.5 0.0 inf
63.5 0.0001 1.0
64.5 0.0002 0.7071067811865475
65.5 0.0 inf
66.5 0.0 inf
67.5 0.0 inf
68.5 0.0 inf
69.5 0.0 inf
70.5 0.0 inf
71.5 0.0 inf
72.5 0.0 inf
73.5 0.0 inf
74.5 0.0 inf
75.5 0.0 inf
76.5 0.0 inf
77.5 0.0 inf
78.5 0.0 inf
79.5 0.0 inf
80.5 0.0 inf
81.5 0.0 inf
82.5 0.0 inf
83.5 0.0 inf
84.5 0.0 inf
85.5 0.0 inf
86.5 0.0 inf
87.5 0.0 inf
88.5 0.0 inf
89.5 0.0 inf
90.5 0.0 inf
91.5 0.0 inf
92.5 0.0 inf
93.5 0.0 inf
94.5 0.0 inf
95.5 0.0 inf
96.5 0.0 inf
97.5 0.0 inf
