0.5 1775.0 0.023735633163877067
1.5 915.0 0.033058980245364314
2.5 916.0 0.03304093002275449
3.5 757.0 0.0363456182092407
4.5 617.0 0.04025848411142373
5.5 546.0 0.04279604925109129
6.5 409.0 0.049446817643414874
7.5 333.0 0.0547996624351191
8.5 278.0 0.05997601439040672
9.5 232.0 0.06565321642986127
10.5 211.0 0.06884283908215143
11.5 158.0 0.079555728417573
12.5 130.0 0.08770580193070293
13.5 106.0 0.09712858623572641
14.5 80.0 0.11180339887498948
15.5 78.0 0.11322770341445956
16.5 51.0 0.14002800840280097
17.5 47.0 0.14586499149789456
18.5 34.0 0.17149858514250882
19.5 19.0 0.22941573387056174
20.5 21.0 0.2182178902359924
21.5 14.0 0.2672612419124244
22.5 18.0 0.23570226039551587
23.5 5.0 0.4472135954999579
24.5 5.0 0.4472135954999579
25.5 5.0 0.4472135954999579
26.5 2.0 0.7071067811865475
27.5 2.0 0.7071067811865475
28.5 2.0 0.7071067811865475
29.5 0.0 inf
30.5 1.0 1.0
31.5 0.0 inf
32.5 0.0 inf
33.5 0.0 inf
34.5 0.0 inf
35.5 0.0 inf
36.5 0.0 inf
37.5 0.0 inf
38.5 0.0 inf
39.5 0.0 inf
40.5 0.0 inf
41.5 0.0 inf
42.5 0.0 inf
43.5 0.0 inf
44.5 0.0 inf
45.5 0.0 inf
46.5 0.0 inf
47.5 0.0 inf
48.5 0.0 inf
49.5 0.0 inf
50.5 0.0 inf
51.5 0.0 inf
52.5 0.0 inf
53.5 0.0 inf
54.5 0.0 inf
55.5 0.0 inf
56.5 0.0 inf
57.5 0.0 inf
58.5 0.0 inf
59.5 0.0 inf
60.5 0.0 inf
61.5 0.0 inf
62.5 0.0 inf
63.5 0.0 inf
64.5 0.0 inf
65.5 0.0 inf
66.5 0.0 inf
67.5 0.0 inf
68.5 0.0 inf
69.5 0.0 inf
70.5 0.0 inf
71.5 0.0 inf
72.5 0.0 inf
73.5 0.0 inf
74.5 0.0 inf
75.5 0.0 inf
76.5 0.0 inf
77.5 0.0 inf
78.5 0.0 inf
79.5 0.0 inf
80.5 0.0 inf
81.5 0.0 inf
82.5 0.0 inf
83.5 0.0 inf
84.5 0.0 inf
85.5 0.0 inf
86.5 0.0 inf
87.5 0.0 inf
88.5 0.0 inf
89.5 0.0 inf
90.5 0.0 inf
91.5 0.0 inf
92.5 0.0 inf
93.5 0.0 inf
94.5 0.0 inf
95.5 0.0 inf
96.5 0.0 inf
97.5 0.0 inf
