0.5 39.0817 0.0015996069288957981
1.5 20.6832 0.002198827370208078
2.5 20.9359 0.002185516966747941
3.5 19.2158 0.002281238881215323
4.5 16.9437 0.0024293823578829133
5.5 15.23 0.0025624184243056933
6.5 13.3701 0.0027348447161992763
7.5 11.9253 0.0028957785270957467
8.5 10.6548 0.0030635667617093135
9.5 9.2524 0.0032875532803694598
10.5 8.3091 0.0034691494308440227
11.5 7.3603 0.0036859737828896268
12.5 6.5403 0.003910219752118069
13.5 5.6517 0.0042063988456458624
14.5 5.0036 0.004470526854917708
15.5 4.3604 0.004788911756292733
16.5 3.8444 0.005100182487794178
17.5 3.3298 0.00548013081447591
18.5 2.8619000000000003 0.005911160788423212
19.5 2.4524 0.006385638755783217
20.5 2.1134 0.0068787440229866785
21.5 1.7842 0.007486489718419561
22.5 1.4898 0.008192869080628497
23.5 1.2642 0.00889389723378129
24.5 1.0541 0.009740003060309442
25.5 0.8679 0.010734088109384941
26.5 0.7364999999999999 0.011652352774727249
27.5 0.5924 0.012992492508368574
28.5 0.4951 0.014211945612807335
29.5 0.4119 0.015581314872270007
30.5 0.3302 0.017402492911639783
31.5 0.2656 0.01940376314265832
32.5 0.20929999999999999 0.02185824984939871
33.5 0.1724 0.0240841525429544
34.5 0.129 0.027842302319485226
35.5 0.1022 0.031280562354492725
36.5 0.08149999999999999 0.03502847220520294
37.5 0.0628 0.03990434422338111
38.5 0.0484 0.045454545454545456
39.5 0.0409 0.049446817643414874
40.5 0.0304 0.057353933467640436
41.5 0.0213 0.06851887098275317
42.5 0.017599999999999998 0.07537783614444092
43.5 0.0132 0.08703882797784893
44.5 0.0098 0.10101525445522107
45.5 0.0072 0.11785113019775793
46.5 0.0056 0.1336306209562122
47.5 0.0046 0.14744195615489714
48.5 0.0039 0.16012815380508713
49.5 0.0021000000000000003 0.21821789023599233
50.5 0.0023 0.20851441405707477
51.5 0.0018 0.23570226039551587
52.5 0.0011 0.30151134457776363
53.5 0.0005 0.4472135954999579
54.5 0.00039999999999999996 0.5000000000000001
55.5 0.00030000000000000003 0.5773502691896257
56.5 0.0003 0.5773502691896258
57.5 0.0002 0.7071067811865475
58.5 0.0 inf
59.5 0.0 inf
60.5 0.0 inf
61.5 0.0 inf
62.5 0.0001 1.0
63.5 0.0 inf
64.5 0.0 inf
65.5 0.0 inf
66.5 0.0 inf
67.5 0.0 inf
68.5 0.0 inf
69.5 0.0 inf
70.5 0.0 inf
71.5 0.0 inf
72.5 0.0 inf
73.5 0.0 inf
74.5 0.0 inf
75.5 0.0 inf
76.5 0.0 inf
77.5 0.0 inf
78.5 0.0 inf
79.5 0.0 inf
80.5 0.0 inf
81.5 0.0 inf
82.5 0.0 inf
83.5 0.0 inf
84.5 0.0 inf
85.5 0.0 inf
86.5 0.0 inf
87.5 0.0 inf
88.5 0.0 inf
89.5 0.0 inf
90.5 0.0 inf
91.5 0.0 inf
92.5 0.0 inf
93.5 0.0 inf
94.5 0.0 inf
95.5 0.0 inf
96.5 0.0 inf
97.5 0.0 inf
