0.5 38.4964 0.0016117212830151887
1.5 20.2714 0.002221048940826228
2.5 20.535400000000003 0.002206726023785403
3.5 18.9381 0.0022979035563414603
4.5 16.5574 0.0024575588677953134
5.5 14.9234 0.002588606933682731
6.5 13.1698 0.002755563415386166
7.5 11.6028 0.0029357468046824404
8.5 10.4268 0.0030968807203431807
9.5 9.0761 0.0033193294861581877
10.5 8.174800000000001 0.0034975298674149876
11.5 7.1364 0.003743349763430615
12.5 6.414300000000001 0.003948438390485742
13.5 5.5451999999999995 0.00424660036472965
14.5 4.9161 0.004510136081653304
15.5 4.3199000000000005 0.0048113079300035186
16.5 3.7759 0.005146236704429193
17.5 3.2824999999999998 0.005519473246608816
18.5 2.7832999999999997 0.005994044877617963
19.5 2.3885 0.0064704930816837465
20.5 2.0664 0.0069565322594140186
21.5 1.7339 0.007594303977957803
22.5 1.4655 0.008260514323893978
23.5 1.2458 0.008959336259616292
24.5 1.0504 0.009757142403137058
25.5 0.8701 0.010720509244860595
26.5 0.7162999999999999 0.011815511423769234
27.5 0.5561 0.013409838653121495
28.5 0.5138 0.01395092326777534
29.5 0.38939999999999997 0.016025147161605236
30.5 0.32630000000000003 0.017506182962730887
31.5 0.2586 0.019664628205864065
32.5 0.2024 0.022227711223719353
33.5 0.1673 0.024448489343954046
34.5 0.125 0.0282842712474619
35.5 0.1046 0.030919620705155318
36.5 0.084 0.03450327796711771
37.5 0.0665 0.038778336716474064
38.5 0.04869999999999999 0.04531432544294438
39.5 0.039599999999999996 0.050251890762960605
40.5 0.029 0.058722021951470346
41.5 0.0212 0.06868028197434452
42.5 0.0169 0.07692307692307693
43.5 0.0133 0.086710996952412
44.5 0.009500000000000001 0.1025978352085154
45.5 0.0063999999999999994 0.12500000000000003
46.5 0.0066 0.12309149097933272
47.5 0.0035 0.1690308509457033
48.5 0.003 0.18257418583505536
49.5 0.0023 0.20851441405707477
50.5 0.0019 0.22941573387056174
51.5 0.0015999999999999999 0.25000000000000006
52.5 0.0005 0.4472135954999579
53.5 0.0007 0.3779644730092272
54.5 0.00039999999999999996 0.5000000000000001
55.5 0.00030000000000000003 0.5773502691896257
56.5 0.00030000000000000003 0.5773502691896257
57.5 0.0 inf
58.5 0.0003 0.5773502691896258
59.5 0.0001 1.0
60.5 0.0 inf
61.5 0.0001 1.0
62.5 0.0 inf
63.5 0.0 inf
64.5 0.0 inf
65.5 0.0 inf
66.5 0.0 inf
67.5 0.0 inf
68.5 0.0 inf
69.5 0.0 inf
70.5 0.0 inf
71.5 0.0 inf
72.5 0.0 inf
73.5 0.0 inf
74.5 0.0 inf
75.5 0.0 inf
76.5 0.0 inf
77.5 0.0 inf
78.5 0.0 inf
79.5 0.0 inf
80.5 0.0 inf
81.5 0.0 inf
82.5 0.0 inf
83.5 0.0 inf
84.5 0.0 inf
85.5 0.0 inf
86.5 0.0 inf
87.5 0.0 inf
88.5 0.0 inf
89.5 0.0 inf
90.5 0.0 inf
91.5 0.0 inf
92.5 0.0 inf
93.5 0.0 inf
94.5 0.0 inf
95.5 0.0 inf
96.5 0.0 inf
97.5 0.0 inf
