0.5 192.4586 0.0007208274866827512
1.5 45.9602 0.0014750578224780547
2.5 36.8006 0.0016484377451930592
3.5 28.7851 0.0018638721911209363
4.5 23.0336 0.0020836227454807785
5.5 19.351799999999997 0.002273208736721399
6.5 16.3894 0.0024701223919154323
7.5 14.023399999999999 0.0026703816747536387
8.5 12.2593 0.0028560589261758897
9.5 10.4899 0.0030875523221532237
10.5 9.2876 0.003281317453556986
11.5 8.055 0.0035234428172112664
12.5 7.093 0.0037547845317704395
13.5 6.180199999999999 0.004022524844673472
14.5 5.359500000000001 0.004319543603855689
15.5 4.6202000000000005 0.004652320353507402
16.5 4.075699999999999 0.0049533486234635375
17.5 3.522 0.005328504344211471
18.5 2.9679 0.005804641040560367
19.5 2.5702 0.006237585912616748
20.5 2.178 0.006775963568181181
21.5 1.8858 0.007282025313849522
22.5 1.5718 0.007976297754499333
23.5 1.3174000000000001 0.00871246748758238
24.5 1.1102 0.00949072497576786
25.5 0.9001 0.010540339975716555
26.5 0.7424 0.011605958636065741
27.5 0.6209 0.012690804972196431
28.5 0.5193 0.013876848237393777
29.5 0.4097 0.015623093000542114
30.5 0.3342 0.017298035227761382
31.5 0.27090000000000003 0.0192130139234745
32.5 0.21639999999999998 0.02149667901961739
33.5 0.1684 0.024368508941428967
34.5 0.12830000000000003 0.027918152281484514
35.5 0.10769999999999999 0.03047138176680026
36.5 0.07780000000000001 0.03585173696910373
37.5 0.068 0.03834824944236852
38.5 0.0504 0.0445435403187374
39.5 0.0386 0.050898659855928764
40.5 0.030199999999999998 0.0575435337648436
41.5 0.020999999999999998 0.06900655593423542
42.5 0.0196 0.07142857142857142
43.5 0.0133 0.086710996952412
44.5 0.0091 0.10482848367219183
45.5 0.006 0.12909944487358055
46.5 0.0054 0.13608276348795434
47.5 0.0036 0.16666666666666666
48.5 0.0024000000000000002 0.20412414523193148
49.5 0.0026 0.19611613513818404
50.5 0.0011 0.30151134457776363
51.5 0.0022 0.21320071635561041
52.5 0.0015 0.2581988897471611
53.5 0.0005 0.4472135954999579
54.5 0.0003 0.5773502691896258
55.5 0.00039999999999999996 0.5000000000000001
56.5 0.0003 0.5773502691896258
57.5 0.0002 0.7071067811865475
58.5 0.0001 1.0
59.5 0.0 inf
60.5 0.0 inf
61.5 0.0 inf
62.5 0.0 inf
63.5 0.0 inf
64.5 0.0 inf
65.5 0.0 inf
66.5 0.0 inf
67.5 0.0 inf
68.5 0.0 inf
69.5 0.0 inf
70.5 0.0 inf
71.5 0.0 inf
72.5 0.0 inf
73.5 0.0001 1.0
74.5 0.0 inf
75.5 0.0 inf
76.5 0.0 inf
77.5 0.0 inf
78.5 0.0 inf
79.5 0.0 inf
80.5 0.0 inf
81.5 0.0 inf
82.5 0.0 inf
83.5 0.0 inf
84.5 0.0 inf
85.5 0.0 inf
86.5 0.0 inf
87.5 0.0 inf
88.5 0.0 inf
89.5 0.0 inf
90.5 0.0 inf
91.5 0.0 inf
92.5 0.0 inf
93.5 0.0 inf
94.5 0.0 inf
95.5 0.0 inf
96.5 0.0 inf
97.5 0.0 inf
