0.5 38.463499999999996 0.0016124104337178718
1.5 20.3288 0.002217911069191405
2.5 20.5993 0.0022033006812344894
3.5 18.881300000000003 0.0023013573150580126
4.5 16.6423 0.002451282285547936
5.5 14.959299999999999 0.002585498940296956
6.5 13.1269 0.002760062468648769
7.5 11.6116 0.002934634147145913
8.5 10.390799999999999 0.0031022408132947562
9.5 9.0794 0.0033187262093556727
10.5 8.1895 0.00349438945704595
11.5 7.149900000000001 0.0037398141126715146
12.5 6.3972 0.003953712044336521
13.5 5.6246 0.0042165201369391715
14.5 4.9223 0.004507294762090066
15.5 4.2642 0.004842629207641205
16.5 3.7386 0.005171844982931157
17.5 3.2640000000000002 0.0055350930346255945
18.5 2.807 0.0059686868453321966
19.5 2.4001 0.006454837769292928
20.5 2.0595 0.0069681758466448385
21.5 1.7581 0.007541855601681495
22.5 1.4895 0.00819369410143323
23.5 1.2489 0.008948209988962362
24.5 1.0563 0.009729854818513947
25.5 0.8581000000000001 0.010795208854092301
26.5 0.7189 0.011794125865200426
27.5 0.5768 0.013167016328743083
28.5 0.5025 0.014106912317171968
29.5 0.3922 0.015967841215554487
30.5 0.3217 0.017630899487083906
31.5 0.2542 0.019834087593950483
32.5 0.2025 0.022222222222222223
33.5 0.1618 0.02486055050818142
34.5 0.1271 0.02804963567266072
35.5 0.105 0.030860669992418384
36.5 0.0842 0.03446227583977888
37.5 0.0606 0.04062222318511938
38.5 0.0474 0.04593152121746254
39.5 0.0372 0.05184758473652126
40.5 0.0293 0.0584206237836986
41.5 0.025 0.06324555320336758
42.5 0.0165 0.0778498944161523
43.5 0.0101 0.09950371902099892
44.5 0.0089 0.105999788000636
45.5 0.0065 0.12403473458920847
46.5 0.004399999999999999 0.15075567228888184
47.5 0.004 0.15811388300841897
48.5 0.0025 0.2
49.5 0.003 0.18257418583505536
50.5 0.0019000000000000002 0.22941573387056174
51.5 0.001 0.31622776601683794
52.5 0.0007 0.3779644730092272
53.5 0.0003 0.5773502691896258
54.5 0.00030000000000000003 0.5773502691896257
55.5 0.00030000000000000003 0.5773502691896257
56.5 0.0003 0.5773502691896258
57.5 0.0007999999999999999 0.3535533905932738
58.5 0.0002 0.7071067811865475
59.5 0.0 inf
60.5 0.0 inf
61.5 0.0 inf
62.5 0.0 inf
63.5 0.0001 1.0
64.5 0.0 inf
65.5 0.0 inf
66.5 0.0 inf
67.5 0.0 inf
68.5 0.0 inf
69.5 0.0 inf
70.5 0.0 inf
71.5 0.0 inf
72.5 0.0 inf
73.5 0.0 inf
74.5 0.0 inf
75.5 0.0 inf
76.5 0.0 inf
77.5 0.0 inf
78.5 0.0 inf
79.5 0.0 inf
80.5 0.0 inf
81.5 0.0 inf
82.5 0.0 inf
83.5 0.0 inf
84.5 0.0 inf
85.5 0.0 inf
86.5 0.0 inf
87.5 0.0 inf
88.5 0.0 inf
89.5 0.0 inf
90.5 0.0 inf
91.5 0.0 inf
92.5 0.0 inf
93.5 0.0 inf
94.5 0.0 inf
95.5 0.0 inf
96.5 0.0 inf
97.5 0.0 inf
