0.5 119.35889999999999 0.0009153192501401538
1.5 39.171 0.0015977825383483542
2.5 33.4815 0.0017282141105105272
3.5 27.3103 0.0019135365614104621
4.5 22.2445 0.0021202578305476983
5.5 18.9251 0.002298692657005622
6.5 15.9958 0.002500328189613744
7.5 13.875499999999999 0.0026845758505558157
8.5 12.1324 0.002870956682350503
9.5 10.4405 0.0030948481934887184
10.5 9.214500000000001 0.0032943073316685826
11.5 8.0142 0.003532400290600128
12.5 7.0504999999999995 0.0037660843390513177
13.5 6.1419 0.0040350472945116875
14.5 5.4223 0.004294456707057753
15.5 4.5964 0.00466434957871179
16.5 4.0867 0.004946677770541683
17.5 3.5103 0.005337377038673972
18.5 2.9762 0.005796541424016917
19.5 2.5366999999999997 0.006278638019807028
20.5 2.1913 0.006755369063239827
21.5 1.8605 0.007331370418032097
22.5 1.5637 0.0079969297683403
23.5 1.3033000000000001 0.008759469451498816
24.5 1.1075 0.009502286762911597
25.5 0.8874 0.010615495921641366
26.5 0.7371000000000001 0.011647609296910203
27.5 0.6038 0.012869256164334158
28.5 0.5235000000000001 0.01382106969544201
29.5 0.41900000000000004 0.015448737310436523
30.5 0.3272 0.017482090031876642
31.5 0.2741 0.019100532816794493
32.5 0.2108 0.021780342093451605
33.5 0.17170000000000002 0.024133196686197622
34.5 0.1352 0.02719641466102106
35.5 0.1085 0.030358837035945812
36.5 0.0866 0.03398138330152924
37.5 0.0621 0.040128617695256406
38.5 0.0508 0.04436782547080569
39.5 0.0376 0.05157106231293967
40.5 0.0301 0.0576390417704235
41.5 0.0232 0.06565321642986129
42.5 0.019200000000000002 0.07216878364870322
43.5 0.0139 0.08481889296799709
44.5 0.0106 0.09712858623572641
45.5 0.008 0.11180339887498948
46.5 0.0071 0.11867816581938533
47.5 0.0046 0.14744195615489714
48.5 0.0031000000000000003 0.17960530202677488
49.5 0.0021999999999999997 0.21320071635561047
50.5 0.0019 0.22941573387056174
51.5 0.001 0.31622776601683794
52.5 0.0011 0.30151134457776363
53.5 0.0007 0.3779644730092272
54.5 0.0004 0.5
55.5 0.0007 0.3779644730092272
56.5 0.0001 1.0
57.5 0.0002 0.7071067811865475
58.5 0.0002 0.7071067811865475
59.5 0.0 inf
60.5 0.0 inf
61.5 0.0 inf
62.5 0.0 inf
63.5 0.0001 1.0
64.5 0.0 inf
65.5 0.0 inf
66.5 0.0 inf
67.5 0.0 inf
68.5 0.0 inf
69.5 0.0 inf
70.5 0.0 inf
71.5 0.0 inf
72.5 0.0 inf
73.5 0.0 inf
74.5 0.0 inf
75.5 0.0 inf
76.5 0.0 inf
77.5 0.0 inf
78.5 0.0 inf
79.5 0.0 inf
80.5 0.0 inf
81.5 0.0 inf
82.5 0.0 inf
83.5 0.0 inf
84.5 0.0 inf
85.5 0.0 inf
86.5 0.0 inf
87.5 0.0 inf
88.5 0.0 inf
89.5 0.0 inf
90.5 0.0 inf
91.5 0.0 inf
92.5 0.0 inf
93.5 0.0 inf
94.5 0.0 inf
95.5 0.0 inf
96.5 0.0 inf
97.5 0.0 inf
