0.5 40.2802 0.0015756298174702968
1.5 21.3022 0.002166645060508377
2.5 21.6117 0.0021510749106414375
3.5 19.782 0.002248355086836123
4.5 17.3611 0.002400000768000369
5.5 15.6751 0.0025257760447245604
6.5 13.6808 0.002703611300373088
7.5 12.1147 0.002873053200871838
8.5 10.863399999999999 0.0030340107451137135
9.5 9.4241 0.0032574672425753153
10.5 8.4484 0.0034404303174026046
11.5 7.417400000000001 0.003671758847503039
12.5 6.6219 0.003886052745510938
13.5 5.7753 0.004161143812628546
14.5 5.1296 0.004415279995911436
15.5 4.4155 0.004758938094815294
16.5 3.8901 0.005070136097208318
17.5 3.379 0.005440087738442574
18.5 2.8886000000000003 0.005883778250413132
19.5 2.4497 0.006389156834842251
20.5 2.1103 0.006883794556327294
21.5 1.8054000000000001 0.007442404678151776
22.5 1.5348000000000002 0.00807186899450017
23.5 1.2811 0.008835039274156065
24.5 1.0854 0.009598538062015112
25.5 0.8718999999999999 0.010709437512811186
26.5 0.7192000000000001 0.011791665765914453
27.5 0.5901 0.013017787942456283
28.5 0.5117 0.013979521022284967
29.5 0.4079 0.01565752620920399
30.5 0.3247 0.01754926191550154
31.5 0.2576 0.019702760155977515
32.5 0.2109 0.02177517781546711
33.5 0.1646 0.024648192922358196
34.5 0.12739999999999999 0.028016590734026292
35.5 0.1036 0.031068488300060003
36.5 0.0795 0.03546634510659543
37.5 0.0648 0.039283710065919304
38.5 0.0519 0.04389512813061471
39.5 0.0366 0.05227083734893167
40.5 0.028 0.05976143046671968
41.5 0.0225 0.06666666666666667
42.5 0.018000000000000002 0.07453559924999299
43.5 0.0138 0.08512565307587486
44.5 0.0101 0.09950371902099892
45.5 0.0074 0.11624763874381928
46.5 0.006500000000000001 0.12403473458920847
47.5 0.0051 0.14002800840280097
48.5 0.0029 0.18569533817705186
49.5 0.0018 0.23570226039551587
50.5 0.0017000000000000001 0.24253562503633297
51.5 0.002 0.22360679774997896
52.5 0.0008 0.35355339059327373
53.5 0.0005 0.4472135954999579
54.5 0.0 inf
55.5 0.0004 0.5
56.5 0.0001 1.0
57.5 0.0 inf
58.5 0.0 inf
59.5 0.0001 1.0
60.5 0.0 inf
61.5 0.0 inf
62.5 0.0 inf
63.5 0.0 inf
64.5 0.0 inf
65.5 0.0 inf
66.5 0.0 inf
67.5 0.0 inf
68.5 0.0 inf
69.5 0.0001 1.0
70.5 0.0 inf
71.5 0.0 inf
72.5 0.0 inf
73.5 0.0 inf
74.5 0.0 inf
75.5 0.0 inf
76.5 0.0 inf
77.5 0.0 inf
78.5 0.0 inf
79.5 0.0 inf
80.5 0.0 inf
81.5 0.0 inf
82.5 0.0 inf
83.5 0.0 inf
84.5 0.0 inf
85.5 0.0 inf
86.5 0.0 inf
87.5 0.0 inf
88.5 0.0 inf
89.5 0.0 inf
90.5 0.0 inf
91.5 0.0 inf
92.5 0.0 inf
93.5 0.0 inf
94.5 0.0 inf
95.5 0.0 inf
96.5 0.0 inf
97.5 0.0 inf
