0.5 38.468199999999996 0.0016123119294919074
1.5 20.267400000000002 0.002221268104543762
2.5 20.5381 0.002206580967619144
3.5 18.8959 0.00230046806634348
4.5 16.6262 0.0024524688493830185
5.5 14.972 0.002584402132831462
6.5 13.1232 0.0027604515319647888
7.5 11.6256 0.0029328666145232705
8.5 10.4527 0.0030930415707224974
9.5 9.0847 0.003317757998240096
10.5 8.1661 0.0034993924707188294
11.5 7.1524 0.00373916046128056
12.5 6.358 0.003965881543901424
13.5 5.561299999999999 0.00424044894143644
14.5 4.9169 0.0045097691578150296
15.5 4.2835 0.0048317072677069774
16.5 3.7866 0.005138960561234481
17.5 3.2717 0.005528575731271786
18.5 2.7889999999999997 0.005987916600399351
19.5 2.3923 0.006465352078151769
20.5 2.0552 0.00697546163388767
21.5 1.7656999999999998 0.007525607112862833
22.5 1.4867 0.008201406333705303
23.5 1.2229 0.009042833353777546
24.5 1.0448 0.009783256002435403
25.5 0.8696999999999999 0.01072297429645557
26.5 0.7086 0.011879534578456087
27.5 0.5670999999999999 0.013279146932508798
28.5 0.4986 0.014161976288736246
29.5 0.3978 0.015855049805149804
30.5 0.3197 0.017685961768191653
31.5 0.2702 0.019237885149322023
32.5 0.2 0.022360679774997897
33.5 0.1543 0.0254575752966978
34.5 0.1263 0.028138330394167636
35.5 0.0994 0.03171807398477756
36.5 0.08030000000000001 0.03528923366202927
37.5 0.0601 0.04079085082240021
38.5 0.0476 0.04583492485141056
39.5 0.038599999999999995 0.050898659855928764
40.5 0.027700000000000002 0.06008417681261097
41.5 0.0213 0.06851887098275317
42.5 0.0176 0.07537783614444091
43.5 0.0118 0.09205746178983235
44.5 0.0108 0.09622504486493763
45.5 0.0056 0.1336306209562122
46.5 0.0058 0.13130643285972257
47.5 0.0036 0.16666666666666666
48.5 0.0034 0.17149858514250882
49.5 0.0031999999999999997 0.1767766952966369
50.5 0.0021 0.2182178902359924
51.5 0.001 0.31622776601683794
52.5 0.0006000000000000001 0.40824829046386296
53.5 0.0004 0.5
54.5 0.0003 0.5773502691896258
55.5 0.00030000000000000003 0.5773502691896257
56.5 0.00030000000000000003 0.5773502691896257
57.5 0.0 inf
58.5 0.0001 1.0
59.5 0.0002 0.7071067811865475
60.5 0.0 inf
61.5 0.0001 1.0
62.5 0.0001 1.0
63.5 0.0 inf
64.5 0.0 inf
65.5 0.0 inf
66.5 0.0 inf
67.5 0.0 inf
68.5 0.0 inf
69.5 0.0 inf
70.5 0.0 inf
71.5 0.0 inf
72.5 0.0 inf
73.5 0.0 inf
74.5 0.0 inf
75.5 0.0 inf
76.5 0.0 inf
77.5 0.0 inf
78.5 0.0 inf
79.5 0.0 inf
80.5 0.0 inf
81.5 0.0 inf
82.5 0.0 inf
83.5 0.0 inf
84.5 0.0 inf
85.5 0.0 inf
86.5 0.0 inf
87.5 0.0 inf
88.5 0.0 inf
89.5 0.0 inf
90.5 0.0 inf
91.5 0.0 inf
92.5 0.0 inf
93.5 0.0 inf
94.5 0.0 inf
95.5 0.0 inf
96.5 0.0 inf
97.5 0.0 inf
