0.5 38.5674 0.0016102370641524232
1.5 20.3643 0.002215977042809487
2.5 20.651699999999998 0.0022005036649097236
3.5 18.9325 0.002298243376980258
4.5 16.6645 0.002449648975141782
5.5 14.990200000000002 0.002582832760693617
6.5 13.17 0.0027555424922739644
7.5 11.6481 0.0029300326159861006
8.5 10.4348 0.0030956933570910625
9.5 9.1098 0.003313184178464263
10.5 8.1831 0.003495755670430654
11.5 7.2125 0.0037235491166712747
12.5 6.4233 0.003945671245713527
13.5 5.6113 0.0042215142137899935
14.5 4.9488 0.004495210656800625
15.5 4.303000000000001 0.004820746859032862
16.5 3.7782999999999998 0.005144601983778765
17.5 3.2971 0.005507239205028179
18.5 2.7883 0.005988668183547269
19.5 2.386 0.0064738820166469835
20.5 2.0605 0.00696648474703332
21.5 1.7739 0.0075081930933276215
22.5 1.4851 0.008205823112932876
23.5 1.2717999999999998 0.008867283417529494
24.5 1.0381 0.009814776276074168
25.5 0.8548 0.010816026515045596
26.5 0.7199 0.01178593151566314
27.5 0.5709 0.013234879103074857
28.5 0.49139999999999995 0.014265349750363764
29.5 0.39249999999999996 0.015961737689352443
30.5 0.3153 0.01780893769916455
31.5 0.2574 0.01971041319963609
32.5 0.2057 0.022048693185121176
33.5 0.1625 0.02480694691784169
34.5 0.1298 0.027756369082668444
35.5 0.0978 0.03197647396955397
36.5 0.0826 0.03479445003196105
37.5 0.0628 0.03990434422338111
38.5 0.051000000000000004 0.044280744277004756
39.5 0.0401 0.04993761694389224
40.5 0.027999999999999997 0.059761430466719695
41.5 0.020999999999999998 0.06900655593423542
42.5 0.016300000000000002 0.07832604499879572
43.5 0.0109 0.09578262852211514
44.5 0.009899999999999999 0.10050378152592121
45.5 0.0069 0.1203858530857692
46.5 0.0054 0.13608276348795434
47.5 0.004 0.15811388300841897
48.5 0.0039 0.16012815380508713
49.5 0.0015 0.2581988897471611
50.5 0.001 0.31622776601683794
51.5 0.0018999999999999998 0.2294157338705618
52.5 0.00030000000000000003 0.5773502691896257
53.5 0.0008 0.35355339059327373
54.5 0.0003 0.5773502691896258
55.5 0.0001 1.0
56.5 0.0002 0.7071067811865475
57.5 0.0002 0.7071067811865475
58.5 0.0 inf
59.5 0.0002 0.7071067811865475
60.5 0.0 inf
61.5 0.0001 1.0
62.5 0.0 inf
63.5 0.0 inf
64.5 0.0 inf
65.5 0.0 inf
66.5 0.0 inf
67.5 0.0 inf
68.5 0.0 inf
69.5 0.0 inf
70.5 0.0 inf
71.5 0.0 inf
72.5 0.0 inf
73.5 0.0 inf
74.5 0.0 inf
75.5 0.0 inf
76.5 0.0 inf
77.5 0.0 inf
78.5 0.0 inf
79.5 0.0 inf
80.5 0.0 inf
81.5 0.0 inf
82.5 0.0 inf
83.5 0.0 inf
84.5 0.0 inf
85.5 0.0 inf
86.5 0.0 inf
87.5 0.0 inf
88.5 0.0 inf
89.5 0.0 inf
90.5 0.0 inf
91.5 0.0 inf
92.5 0.0 inf
93.5 0.0 inf
94.5 0.0 inf
95.5 0.0 inf
96.5 0.0 inf
97.5 0.0 inf
