0.5 38.478699999999996 0.0016120919320605366
1.5 20.269 0.0022211804312715915
2.5 20.6037 0.0022030654069723804
3.5 18.8968 0.0023004132833666707
4.5 16.6476 0.0024508920542140266
5.5 14.953 0.002586043544322966
6.5 13.0786 0.002765154304270627
7.5 11.6629 0.002928172947780514
8.5 10.3926 0.0031019721473558312
9.5 9.0974 0.003315441388978988
10.5 8.1593 0.003500850372313807
11.5 7.145300000000001 0.0037410177274287497
12.5 6.4379 0.003941194669676229
13.5 5.5807 0.004233072059727023
14.5 4.9505 0.004494438763630026
15.5 4.2833000000000006 0.004831820069772378
16.5 3.7834000000000003 0.005141133368502958
17.5 3.3086 0.00549765986935993
18.5 2.7926 0.005984055780468384
19.5 2.3773999999999997 0.006485580747657878
20.5 2.0814 0.0069314201557277
21.5 1.7663 0.007524328805725757
22.5 1.4740000000000002 0.008236662258223169
23.5 1.2433999999999998 0.008967978708178483
24.5 1.0424 0.009794511909516669
25.5 0.8424 0.010895340841010225
26.5 0.7193 0.011790846074851915
27.5 0.5717000000000001 0.013225615844475024
28.5 0.4914 0.014265349750363764
29.5 0.4002 0.01580743693546698
30.5 0.3105 0.017946063401938852
31.5 0.2621 0.0195328893341018
32.5 0.2025 0.022222222222222223
33.5 0.1614 0.024891337579430815
34.5 0.128 0.02795084971874737
35.5 0.10289999999999999 0.03117398431942748
36.5 0.0817 0.03498557142706598
37.5 0.0636 0.03965257928590721
38.5 0.0498 0.04481107149482209
39.5 0.035500000000000004 0.053074489243427524
40.5 0.0254 0.06274558051381586
41.5 0.0217 0.06788442333021306
42.5 0.0172 0.07624928516630233
43.5 0.0138 0.08512565307587486
44.5 0.0092 0.10425720702853739
45.5 0.0073 0.11704114719613057
46.5 0.004699999999999999 0.14586499149789456
47.5 0.004 0.15811388300841897
48.5 0.0037999999999999996 0.16222142113076254
49.5 0.0029 0.18569533817705186
50.5 0.0014 0.2672612419124244
51.5 0.0014 0.2672612419124244
52.5 0.0006000000000000001 0.40824829046386296
53.5 0.0005 0.4472135954999579
54.5 0.0001 1.0
55.5 0.00039999999999999996 0.5000000000000001
56.5 0.0002 0.7071067811865475
57.5 0.0 inf
58.5 0.0002 0.7071067811865475
59.5 0.0002 0.7071067811865475
60.5 0.0001 1.0
61.5 0.0 inf
62.5 0.0 inf
63.5 0.0 inf
64.5 0.0001 1.0
65.5 0.0 inf
66.5 0.0 inf
67.5 0.0 inf
68.5 0.0 inf
69.5 0.0 inf
70.5 0.0 inf
71.5 0.0 inf
72.5 0.0 inf
73.5 0.0 inf
74.5 0.0 inf
75.5 0.0 inf
76.5 0.0 inf
77.5 0.0 inf
78.5 0.0 inf
79.5 0.0 inf
80.5 0.0 inf
81.5 0.0 inf
82.5 0.0 inf
83.5 0.0 inf
84.5 0.0 inf
85.5 0.0 inf
86.5 0.0 inf
87.5 0.0 inf
88.5 0.0 inf
89.5 0.0 inf
90.5 0.0 inf
91.5 0.0 inf
92.5 0.0 inf
93.5 0.0 inf
94.5 0.0 inf
95.5 0.0 inf
96.5 0.0 inf
97.5 0.0 inf
