0.5 57.3626 0.001320339408878392
1.5 27.8217 0.0018958683146481853
2.5 26.7062 0.0019350578426943973
3.5 23.5504 0.0020606339749111983
4.5 20.0968 0.0022306762570644483
5.5 17.541400000000003 0.0023876346563189137
6.5 15.1385 0.0025701506325897594
7.5 13.2394 0.0027483108232559386
8.5 11.6937 0.0029243141523854523
9.5 10.1237 0.0031428985780788793
10.5 9.0585 0.0033225525280498403
11.5 7.8416999999999994 0.003571041425933147
12.5 6.9689 0.0037880690222465616
13.5 6.0132 0.004077999569591636
14.5 5.2873 0.004348936070516016
15.5 4.597099999999999 0.004663994445148613
16.5 4.027 0.004983209951966573
17.5 3.4809 0.005359869632404417
18.5 2.9743 0.005798392560487135
19.5 2.5365 0.0062788855464878425
20.5 2.1752000000000002 0.006780323304371688
21.5 1.8521999999999998 0.007347778569623423
22.5 1.5532 0.008023914808815553
23.5 1.2992 0.008773280079294956
24.5 1.0846 0.009602077346081563
25.5 0.9047000000000001 0.010513509339597377
26.5 0.7443 0.011591135707012016
27.5 0.6112 0.01279111275241627
28.5 0.5048 0.014074738247489392
29.5 0.4209 0.015413829017161887
30.5 0.3328 0.01733438113203841
31.5 0.2655 0.0194074169913194
32.5 0.2173 0.021452116007007204
33.5 0.172 0.024112141108520606
34.5 0.1203 0.0288314965852446
35.5 0.1031 0.03114373299321498
36.5 0.08399999999999999 0.03450327796711771
37.5 0.06939999999999999 0.03795948090005617
38.5 0.0529 0.043478260869565216
39.5 0.0383 0.0510976130307596
40.5 0.032 0.05590169943749474
41.5 0.0206 0.06967330142916177
42.5 0.0191 0.07235746052924216
43.5 0.011699999999999999 0.09245003270420486
44.5 0.0104 0.09805806756909202
45.5 0.0086 0.10783277320343841
46.5 0.0051 0.14002800840280097
47.5 0.0043 0.15249857033260467
48.5 0.0036 0.16666666666666666
49.5 0.002 0.22360679774997896
50.5 0.002 0.22360679774997896
51.5 0.0016 0.25
52.5 0.0009 0.3333333333333333
53.5 0.0008 0.35355339059327373
54.5 0.0002 0.7071067811865475
55.5 0.0002 0.7071067811865475
56.5 0.0001 1.0
57.5 0.0001 1.0
58.5 0.0002 0.7071067811865475
59.5 0.0001 1.0
60.5 0.0 inf
61.5 0.0 inf
62.5 0.0001 1.0
63.5 0.0 inf
64.5 0.0 inf
65.5 0.0 inf
66.5 0.0 inf
67.5 0.0 inf
68.5 0.0 inf
69.5 0.0 inf
70.5 0.0 inf
71.5 0.0 inf
72.5 0.0 inf
73.5 0.0 inf
74.5 0.0 inf
75.5 0.0 inf
76.5 0.0 inf
77.5 0.0 inf
78.5 0.0 inf
79.5 0.0 inf
80.5 0.0 inf
81.5 0.0 inf
82.5 0.0 inf
83.5 0.0 inf
84.5 0.0 inf
85.5 0.0 inf
86.5 0.0 inf
87.5 0.0 inf
88.5 0.0 inf
89.5 0.0 inf
90.5 0.0 inf
91.5 0.0 inf
92.5 0.0 inf
93.5 0.0 inf
94.5 0.0 inf
95.5 0.0 inf
96.5 0.0 inf
97.5 0.0 inf
