0.5 38.7794 0.0016058295940820702
1.5 20.4687 0.002210318555609516
2.5 20.7262 0.0021965452666961125
3.5 19.060000000000002 0.0022905435417568806
4.5 16.7603 0.0024426379825095257
5.5 15.0522 0.0025775079287326625
6.5 13.2449 0.002747740140235713
7.5 11.738900000000001 0.002918678765668546
8.5 10.5475 0.003079110204134625
9.5 9.1644 0.003303299728595686
10.5 8.222999999999999 0.0034872642280420114
11.5 7.2851 0.003704949060496122
12.5 6.4354 0.0039419601255878435
13.5 5.6105 0.004221815175468155
14.5 4.953 0.004493304348618233
15.5 4.3037 0.004820354794062064
16.5 3.8343 0.005106895312254684
17.5 3.3082000000000003 0.005497992224942821
18.5 2.8202999999999996 0.005954596616314892
19.5 2.4036999999999997 0.006450002281688711
20.5 2.0953999999999997 0.0069082258935058635
21.5 1.7537 0.007551310860878765
22.5 1.4737 0.008237500581129945
23.5 1.2346 0.008999883002281451
24.5 1.0612 0.009707365442650518
25.5 0.8689 0.010727909505229786
26.5 0.7159 0.011818811846019014
27.5 0.5842 0.013083357955509321
28.5 0.48550000000000004 0.014351767259851572
29.5 0.3996 0.015819299929208316
30.5 0.3198 0.01768319639224352
31.5 0.2603 0.019600308903302496
32.5 0.2021 0.022244202665006454
33.5 0.16449999999999998 0.024655683636076897
34.5 0.1257 0.028205406366325913
35.5 0.1069 0.0305851875103308
36.5 0.0816 0.03500700210070024
37.5 0.0641 0.03949762527666821
38.5 0.0508 0.04436782547080569
39.5 0.0415 0.0490880693673816
40.5 0.0264 0.06154574548966636
41.5 0.0213 0.06851887098275317
42.5 0.017 0.07669649888473704
43.5 0.0113 0.09407208683835974
44.5 0.0086 0.10783277320343841
45.5 0.0089 0.105999788000636
46.5 0.0049 0.14285714285714285
47.5 0.004 0.15811388300841897
48.5 0.0031999999999999997 0.1767766952966369
49.5 0.0017000000000000001 0.24253562503633297
50.5 0.0015999999999999999 0.25000000000000006
51.5 0.0016 0.25
52.5 0.0008 0.35355339059327373
53.5 0.0012 0.2886751345948129
54.5 0.0006 0.4082482904638631
55.5 0.0004 0.5
56.5 0.0005 0.4472135954999579
57.5 0.0 inf
58.5 0.0 inf
59.5 0.0001 1.0
60.5 0.0 inf
61.5 0.0001 1.0
62.5 0.0001 1.0
63.5 0.0 inf
64.5 0.0001 1.0
65.5 0.0001 1.0
66.5 0.0 inf
67.5 0.0 inf
68.5 0.0 inf
69.5 0.0 inf
70.5 0.0 inf
71.5 0.0 inf
72.5 0.0 inf
73.5 0.0 inf
74.5 0.0 inf
75.5 0.0 inf
76.5 0.0 inf
77.5 0.0 inf
78.5 0.0 inf
79.5 0.0 inf
80.5 0.0 inf
81.5 0.0 inf
82.5 0.0 inf
83.5 0.0 inf
84.5 0.0 inf
85.5 0.0 inf
86.5 0.0 inf
87.5 0.0 inf
88.5 0.0 inf
89.5 0.0 inf
90.5 0.0 inf
91.5 0.0 inf
92.5 0.0 inf
93.5 0.0 inf
94.5 0.0 inf
95.5 0.0 inf
96.5 0.0 inf
97.5 0.0 inf
