0.5 38.4568 0.0016125508858539277
1.5 20.293599999999998 0.002219833760210613
2.5 20.5734 0.002204687120493502
3.5 18.8525 0.0023031144771637163
4.5 16.6247 0.002452579486576413
5.5 14.9313 0.002587922040188416
6.5 13.1129 0.0027615354672349563
7.5 11.6433 0.0029306365129634754
8.5 10.381499999999999 0.0031036300335969915
9.5 9.137 0.0033082489821005348
10.5 8.1435 0.0035042448975258307
11.5 7.152200000000001 0.0037392127407794794
12.5 6.3971 0.003953742946593741
13.5 5.5303 0.00425231721404667
14.5 4.9597 0.004490268347128437
15.5 4.275600000000001 0.004836168965695694
16.5 3.7481999999999998 0.005165217595960232
17.5 3.2802 0.005521407970699478
18.5 2.8012 0.005974862856065684
19.5 2.4267 0.006419363298781452
20.5 2.0585 0.006969868178387251
21.5 1.7538 0.007551095573545372
22.5 1.4881 0.008197547496702177
23.5 1.2356 0.008996240357131922
24.5 1.0363 0.009823296459640045
25.5 0.8516999999999999 0.010835692610757276
26.5 0.7085999999999999 0.011879534578456087
27.5 0.5819 0.013109188894685375
28.5 0.5059 0.014059428268103007
29.5 0.39480000000000004 0.015915175351980757
30.5 0.3208 0.01765561378866122
31.5 0.2544 0.019826289642953604
32.5 0.1993 0.02239991398449545
33.5 0.1537 0.025507216374642365
34.5 0.1295 0.02778850071883642
35.5 0.1024 0.03125
36.5 0.07769999999999999 0.03587480016670876
37.5 0.0644 0.03940552031195503
38.5 0.051000000000000004 0.044280744277004756
39.5 0.0403 0.04981354813867179
40.5 0.026099999999999998 0.061898446059017294
41.5 0.0219 0.06757373783994859
42.5 0.0186 0.07332355751067665
43.5 0.0131 0.0873704056661038
44.5 0.0092 0.10425720702853739
45.5 0.0073 0.11704114719613057
46.5 0.0063999999999999994 0.12500000000000003
47.5 0.0035 0.1690308509457033
48.5 0.0035 0.1690308509457033
49.5 0.0017000000000000001 0.24253562503633297
50.5 0.0018 0.23570226039551587
51.5 0.0018 0.23570226039551587
52.5 0.001 0.31622776601683794
53.5 0.001 0.31622776601683794
54.5 0.0007 0.3779644730092272
55.5 0.0006000000000000001 0.40824829046386296
56.5 0.0002 0.7071067811865475
57.5 0.0002 0.7071067811865475
58.5 0.0001 1.0
59.5 0.0 inf
60.5 0.0 inf
61.5 0.0 inf
62.5 0.0001 1.0
63.5 0.0 inf
64.5 0.0 inf
65.5 0.0 inf
66.5 0.0 inf
67.5 0.0 inf
68.5 0.0 inf
69.5 0.0 inf
70.5 0.0 inf
71.5 0.0 inf
72.5 0.0 inf
73.5 0.0 inf
74.5 0.0 inf
75.5 0.0 inf
76.5 0.0 inf
77.5 0.0 inf
78.5 0.0 inf
79.5 0.0 inf
80.5 0.0 inf
81.5 0.0 inf
82.5 0.0 inf
83.5 0.0 inf
84.5 0.0 inf
85.5 0.0 inf
86.5 0.0 inf
87.5 0.0 inf
88.5 0.0 inf
89.5 0.0 inf
90.5 0.0 inf
91.5 0.0 inf
92.5 0.0 inf
93.5 0.0 inf
94.5 0.0 inf
95.5 0.0 inf
96.5 0.0 inf
97.5 0.0 inf
