0.5 38.482299999999995 0.0016120165250982303
1.5 20.3328 0.002217692897551456
2.5 20.5516 0.002205856115621791
3.5 18.7912 0.0023068679885413224
4.5 16.6635 0.002449722477473961
5.5 14.9633 0.0025851533384908375
6.5 13.0834 0.0027646470218268414
7.5 11.6643 0.002927997216483201
8.5 10.3421 0.003109536318593083
9.5 9.105 0.0033140573903601566
10.5 8.1576 0.0035012151325130637
11.5 7.184699999999999 0.003730745988183748
12.5 6.4171 0.003947576877205324
13.5 5.589700000000001 0.004229662843114984
14.5 4.9174 0.004509539875887502
15.5 4.3111 0.004816215949477368
16.5 3.7446 0.005167699879289406
17.5 3.2629 0.005536025960745299
18.5 2.7826 0.005994798771021297
19.5 2.3941999999999997 0.00646278616739922
20.5 2.0647 0.006959395549854493
21.5 1.7545 0.007549589077612724
22.5 1.468 0.008253477510005972
23.5 1.2402 0.008979540974006089
24.5 1.0663 0.009684122967217537
25.5 0.8627 0.010766389836436324
26.5 0.7122999999999999 0.011848640639004905
27.5 0.5798000000000001 0.01313290777564779
28.5 0.4943 0.01422344162731625
29.5 0.3942 0.015927282752249885
30.5 0.3181 0.017730384976049764
31.5 0.2565 0.019744962591969745
32.5 0.2092 0.021863473472331304
33.5 0.1563 0.02529417453713473
34.5 0.12279999999999999 0.02853650727676748
35.5 0.10830000000000001 0.0303868562731382
36.5 0.0821 0.0349002406379888
37.5 0.061399999999999996 0.04035671561356309
38.5 0.0474 0.04593152121746254
39.5 0.035699999999999996 0.052925612402496325
40.5 0.028300000000000002 0.0594438298277764
41.5 0.022 0.06741998624632421
42.5 0.0186 0.07332355751067665
43.5 0.013900000000000001 0.08481889296799709
44.5 0.0103 0.09853292781642932
45.5 0.006699999999999999 0.12216944435630522
46.5 0.0049 0.14285714285714285
47.5 0.003 0.18257418583505536
48.5 0.0029 0.18569533817705186
49.5 0.0024999999999999996 0.2
50.5 0.0014 0.2672612419124244
51.5 0.0015999999999999999 0.25000000000000006
52.5 0.001 0.31622776601683794
53.5 0.0007999999999999999 0.3535533905932738
54.5 0.001 0.31622776601683794
55.5 0.0001 1.0
56.5 0.0002 0.7071067811865475
57.5 0.00030000000000000003 0.5773502691896257
58.5 0.0002 0.7071067811865475
59.5 0.0 inf
60.5 0.0 inf
61.5 0.0 inf
62.5 0.0 inf
63.5 0.0 inf
64.5 0.0001 1.0
65.5 0.0 inf
66.5 0.0 inf
67.5 0.0 inf
68.5 0.0 inf
69.5 0.0 inf
70.5 0.0 inf
71.5 0.0 inf
72.5 0.0 inf
73.5 0.0 inf
74.5 0.0 inf
75.5 0.0 inf
76.5 0.0 inf
77.5 0.0 inf
78.5 0.0 inf
79.5 0.0 inf
80.5 0.0 inf
81.5 0.0 inf
82.5 0.0 inf
83.5 0.0 inf
84.5 0.0 inf
85.5 0.0 inf
86.5 0.0 inf
87.5 0.0 inf
88.5 0.0 inf
89.5 0.0 inf
90.5 0.0 inf
91.5 0.0 inf
92.5 0.0 inf
93.5 0.0 inf
94.5 0.0 inf
95.5 0.0 inf
96.5 0.0 inf
97.5 0.0 inf
