0.5 39.7699 0.0015857062958781715
1.5 21.0602 0.002179057821323375
2.5 21.337600000000002 0.0021648470355806913
3.5 19.525100000000002 0.002263098030003318
4.5 17.2758 0.0024059185253240034
5.5 15.432500000000001 0.002545551320319503
6.5 13.573699999999999 0.002714256439249138
7.5 12.043600000000001 0.002881521328493248
8.5 10.734 0.003052243689631953
9.5 9.3924 0.003262959700810562
10.5 8.3864 0.0034531243154451497
11.5 7.3747 0.0036823733680844805
12.5 6.5911 0.003895121863179564
13.5 5.810499999999999 0.004148520564295927
14.5 5.0766 0.004438268042859234
15.5 4.3421 0.004798992701167162
16.5 3.8636 0.005087494131896872
17.5 3.3783 0.0054406513154154875
18.5 2.8609999999999998 0.005912090467973488
19.5 2.4519 0.006386289813457218
20.5 2.0976 0.006904602208326343
21.5 1.8201999999999998 0.007412085920330639
22.5 1.5019 0.008159799571672711
23.5 1.2701 0.008873215761834401
24.5 1.0784 0.009629640197141817
25.5 0.8791 0.010665491157310273
26.5 0.7237 0.011754948037807859
27.5 0.5825 0.013102435641608368
28.5 0.4965 0.014191894485359773
29.5 0.4002 0.01580743693546698
30.5 0.3325 0.0173421993904824
31.5 0.2572 0.019718075168127475
32.5 0.2042 0.022129526988628804
33.5 0.1637 0.024715856229864275
34.5 0.1328 0.027441064997422587
35.5 0.1004 0.031559720154890156
36.5 0.07919999999999999 0.035533452725935076
37.5 0.067 0.03863337046431279
38.5 0.051500000000000004 0.044065264923923174
39.5 0.0417 0.048970210687439175
40.5 0.0304 0.057353933467640436
41.5 0.0229 0.06608186004550898
42.5 0.017 0.07669649888473704
43.5 0.011 0.09534625892455924
44.5 0.0103 0.09853292781642932
45.5 0.008 0.11180339887498948
46.5 0.0060999999999999995 0.12803687993289598
47.5 0.0039 0.16012815380508713
48.5 0.0034 0.17149858514250882
49.5 0.0028 0.1889822365046136
50.5 0.0015 0.2581988897471611
51.5 0.0013 0.2773500981126146
52.5 0.0006 0.4082482904638631
53.5 0.001 0.31622776601683794
54.5 0.00030000000000000003 0.5773502691896257
55.5 0.0002 0.7071067811865475
56.5 0.0002 0.7071067811865475
57.5 0.0 inf
58.5 0.0002 0.7071067811865475
59.5 0.0001 1.0
60.5 0.0 inf
61.5 0.0 inf
62.5 0.0 inf
63.5 0.0001 1.0
64.5 0.0002 0.7071067811865475
65.5 0.0 inf
66.5 0.0 inf
67.5 0.0 inf
68.5 0.0 inf
69.5 0.0 inf
70.5 0.0 inf
71.5 0.0 inf
72.5 0.0 inf
73.5 0.0 inf
74.5 0.0 inf
75.5 0.0 inf
76.5 0.0 inf
77.5 0.0 inf
78.5 0.0 inf
79.5 0.0 inf
80.5 0.0 inf
81.5 0.0 inf
82.5 0.0 inf
83.5 0.0 inf
84.5 0.0 inf
85.5 0.0 inf
86.5 0.0 inf
87.5 0.0 inf
88.5 0.0 inf
89.5 0.0 inf
90.5 0.0 inf
91.5 0.0 inf
92.5 0.0 inf
93.5 0.0 inf
94.5 0.0 inf
95.5 0.0 inf
96.5 0.0 inf
97.5 0.0 inf
