0.5 54.4952 0.001354630577727355
1.5 26.881 0.0019287559977021263
2.5 26.1214 0.001956598765541296
3.5 23.1421 0.002078732552444288
4.5 19.8294 0.0022456662562479906
5.5 17.4396 0.002394593174141236
6.5 14.987300000000001 0.0025830826340099327
7.5 13.1227 0.00276050412070868
8.5 11.6341 0.0029317950266349027
9.5 10.1552 0.0031380203779186253
10.5 9.0005 0.0033332407445985867
11.5 7.8086 0.0035786020945840456
12.5 6.9343 0.003797507905672054
13.5 6.0116 0.004078542217574024
14.5 5.2922 0.004346922284031664
15.5 4.5651 0.004680312509283153
16.5 4.0477 0.004970451513210472
17.5 3.4797000000000002 0.005360793747865146
18.5 2.9393000000000002 0.0058328128590184715
19.5 2.5117000000000003 0.006309807605226164
20.5 2.1707 0.006787347687793999
21.5 1.8497 0.007352742413412813
22.5 1.5584 0.008010516701400018
23.5 1.3072 0.008746392856766495
24.5 1.0875 0.009589266029707682
25.5 0.8903 0.010598192738302476
26.5 0.7367 0.011650770971587576
27.5 0.5922000000000001 0.012994686259757506
28.5 0.5165 0.013914411313712254
29.5 0.4018 0.01577593229640665
30.5 0.34199999999999997 0.017099639201419235
31.5 0.2607 0.019585266453731865
32.5 0.20779999999999998 0.02193699965359284
33.5 0.1719 0.024119153509747387
34.5 0.1397 0.026754805427388343
35.5 0.1037 0.031053504702226845
36.5 0.0822 0.03487900532075779
37.5 0.065 0.03922322702763681
38.5 0.052500000000000005 0.04364357804719848
39.5 0.0394 0.05037927218598784
40.5 0.033 0.055048188256318034
41.5 0.0241 0.06441566264008308
42.5 0.0194 0.07179581586177382
43.5 0.0143 0.08362420100070908
44.5 0.011 0.09534625892455924
45.5 0.0069 0.1203858530857692
46.5 0.0058 0.13130643285972257
47.5 0.004 0.15811388300841897
48.5 0.0037 0.1643989873053573
49.5 0.0018 0.23570226039551587
50.5 0.0015999999999999999 0.25000000000000006
51.5 0.0015999999999999999 0.25000000000000006
52.5 0.0009 0.3333333333333333
53.5 0.0014 0.2672612419124244
54.5 0.0006000000000000001 0.40824829046386296
55.5 0.0004 0.5
56.5 0.00030000000000000003 0.5773502691896257
57.5 0.0002 0.7071067811865475
58.5 0.00030000000000000003 0.5773502691896257
59.5 0.0001 1.0
60.5 0.00039999999999999996 0.5000000000000001
61.5 0.0001 1.0
62.5 0.0 inf
63.5 0.0001 1.0
64.5 0.0 inf
65.5 0.0 inf
66.5 0.0 inf
67.5 0.0 inf
68.5 0.0 inf
69.5 0.0 inf
70.5 0.0 inf
71.5 0.0 inf
72.5 0.0 inf
73.5 0.0 inf
74.5 0.0 inf
75.5 0.0 inf
76.5 0.0 inf
77.5 0.0 inf
78.5 0.0 inf
79.5 0.0 inf
80.5 0.0 inf
81.5 0.0 inf
82.5 0.0 inf
83.5 0.0 inf
84.5 0.0 inf
85.5 0.0 inf
86.5 0.0 inf
87.5 0.0 inf
88.5 0.0 inf
89.5 0.0 inf
90.5 0.0 inf
91.5 0.0 inf
92.5 0.0 inf
93.5 0.0 inf
94.5 0.0 inf
95.5 0.0 inf
96.5 0.0 inf
97.5 0.0 inf
