0.5 46.586 0.0014651169367481507
1.5 24.1123 0.002036482492316391
2.5 24.023899999999998 0.00204022584265007
3.5 21.739 0.002144767493264853
4.5 18.8131 0.002305524905264419
5.5 16.764400000000002 0.0024423392713082987
6.5 14.5933 0.002617720323183107
7.5 12.7958 0.002795543653384675
8.5 11.363800000000001 0.0029664580364172927
9.5 9.8705 0.003182954449470632
10.5 8.8439 0.0033626222968563004
11.5 7.7176 0.0035996383265105157
12.5 6.8507 0.003820608390923884
13.5 5.9543 0.0040981197427184535
14.5 5.1942 0.004387737786866514
15.5 4.5362 0.0046951979066453525
16.5 4.0001 0.004999937501171851
17.5 3.4284 0.005400752269167724
18.5 2.9497999999999998 0.005822422470994446
19.5 2.5151 0.006305541253767364
20.5 2.1486 0.00682216492638435
21.5 1.8069000000000002 0.007439314876599523
22.5 1.5606 0.008004868440467902
23.5 1.3184 0.008709162678645221
24.5 1.0962 0.009551137584354214
25.5 0.8921 0.010587495294355676
26.5 0.7377 0.011642871607352029
27.5 0.5976 0.012935842095105548
28.5 0.5103 0.013998684185526935
29.5 0.4246 0.01534652337036732
30.5 0.3327 0.01733698604318574
31.5 0.2733 0.019128467797450026
32.5 0.20950000000000002 0.021847813825958583
33.5 0.16720000000000002 0.02445579940222592
34.5 0.13219999999999998 0.027503266206804607
35.5 0.1065 0.03064257065179478
36.5 0.08310000000000001 0.03468961565679801
37.5 0.0652 0.03916302249939787
38.5 0.0508 0.04436782547080569
39.5 0.0379 0.051366549693751415
40.5 0.0297 0.058025885318565944
41.5 0.0221 0.06726727939963124
42.5 0.0167 0.07738232325341368
43.5 0.011699999999999999 0.09245003270420486
44.5 0.0091 0.10482848367219183
45.5 0.0056 0.1336306209562122
46.5 0.0059 0.13018891098082389
47.5 0.0039 0.16012815380508713
48.5 0.004399999999999999 0.15075567228888184
49.5 0.0023 0.20851441405707477
50.5 0.0014 0.2672612419124244
51.5 0.001 0.31622776601683794
52.5 0.0009 0.3333333333333333
53.5 0.0009 0.3333333333333333
54.5 0.00039999999999999996 0.5000000000000001
55.5 0.0007 0.3779644730092272
56.5 0.0 inf
57.5 0.0002 0.7071067811865475
58.5 0.0001 1.0
59.5 0.0001 1.0
60.5 0.0 inf
61.5 0.0 inf
62.5 0.0 inf
63.5 0.0 inf
64.5 0.0001 1.0
65.5 0.0 inf
66.5 0.0001 1.0
67.5 0.0 inf
68.5 0.0 inf
69.5 0.0 inf
70.5 0.0 inf
71.5 0.0 inf
72.5 0.0 inf
73.5 0.0 inf
74.5 0.0 inf
75.5 0.0 inf
76.5 0.0 inf
77.5 0.0 inf
78.5 0.0 inf
79.5 0.0 inf
80.5 0.0 inf
81.5 0.0 inf
82.5 0.0 inf
83.5 0.0 inf
84.5 0.0 inf
85.5 0.0 inf
86.5 0.0 inf
87.5 0.0 inf
88.5 0.0 inf
89.5 0.0 inf
90.5 0.0 inf
91.5 0.0 inf
92.5 0.0 inf
93.5 0.0 inf
94.5 0.0 inf
95.5 0.0 inf
96.5 0.0 inf
97.5 0.0 inf
