0.5 38.5685 0.001610214101457476
1.5 20.3871 0.00221473757249516
2.5 20.643900000000002 0.0022009193399422215
3.5 18.9199 0.002299008524970467
4.5 16.7181 0.0024457189054720285
5.5 14.9651 0.0025849978628862125
6.5 13.174800000000001 0.002755040480520432
7.5 11.6553 0.002929127470092657
8.5 10.4602 0.0030919325110725926
9.5 9.1175 0.0033117848416527006
10.5 8.2116 0.003489684038070891
11.5 7.2001 0.0037267540823528278
12.5 6.4211 0.003946347121602453
13.5 5.6029 0.00422467752550915
14.5 4.9727 0.004484395110301827
15.5 4.2547 0.004848032564615596
16.5 3.7862999999999998 0.005139164144895499
17.5 3.2965999999999998 0.0055076568345857665
18.5 2.8037 0.0059721984325516965
19.5 2.4054 0.006447722631334475
20.5 2.0897 0.006917641137899725
21.5 1.7504 0.007558425689461256
22.5 1.4967000000000001 0.008173962118301736
23.5 1.2389000000000001 0.008984250935501741
24.5 1.0573000000000001 0.00972525245563476
25.5 0.8529 0.010828067210368261
26.5 0.7154 0.011822941265748114
27.5 0.581 0.013119338382209642
28.5 0.48760000000000003 0.01432082875315512
29.5 0.3962 0.01588703178380234
30.5 0.3247 0.01754926191550154
31.5 0.25780000000000003 0.019695116019838792
32.5 0.2012 0.02229389810338549
33.5 0.1636 0.024723408821707437
34.5 0.12869999999999998 0.02787473366690303
35.5 0.10389999999999999 0.03102360242788488
36.5 0.075 0.03651483716701107
37.5 0.063 0.03984095364447979
38.5 0.0498 0.04481107149482209
39.5 0.0377 0.051502620262460476
40.5 0.029900000000000003 0.05783149319662401
41.5 0.020900000000000002 0.06917144638660747
42.5 0.0189 0.07273929674533079
43.5 0.0121 0.09090909090909091
44.5 0.0083 0.10976425998969035
45.5 0.0086 0.10783277320343841
46.5 0.006500000000000001 0.12403473458920847
47.5 0.0043 0.15249857033260467
48.5 0.0028 0.1889822365046136
49.5 0.0024000000000000002 0.20412414523193148
50.5 0.0027 0.19245008972987526
51.5 0.0015 0.2581988897471611
52.5 0.0007 0.3779644730092272
53.5 0.00030000000000000003 0.5773502691896257
54.5 0.00030000000000000003 0.5773502691896257
55.5 0.0001 1.0
56.5 0.00030000000000000003 0.5773502691896257
57.5 0.0001 1.0
58.5 0.00039999999999999996 0.5000000000000001
59.5 0.0001 1.0
60.5 0.0001 1.0
61.5 0.0 inf
62.5 0.0 inf
63.5 0.0 inf
64.5 0.0 inf
65.5 0.0 inf
66.5 0.0 inf
67.5 0.0 inf
68.5 0.0 inf
69.5 0.0 inf
70.5 0.0 inf
71.5 0.0 inf
72.5 0.0 inf
73.5 0.0 inf
74.5 0.0 inf
75.5 0.0 inf
76.5 0.0 inf
77.5 0.0 inf
78.5 0.0 inf
79.5 0.0 inf
80.5 0.0 inf
81.5 0.0 inf
82.5 0.0 inf
83.5 0.0 inf
84.5 0.0 inf
85.5 0.0 inf
86.5 0.0 inf
87.5 0.0 inf
88.5 0.0 inf
89.5 0.0 inf
90.5 0.0 inf
91.5 0.0 inf
92.5 0.0 inf
93.5 0.0 inf
94.5 0.0 inf
95.5 0.0 inf
96.5 0.0 inf
97.5 0.0 inf
