0.5 64.7151 0.0012430745833567887
1.5 29.8289 0.0018309706423339826
2.5 28.069499999999998 0.0018874813177139002
3.5 24.2808 0.0020294039631021826
4.5 20.6103 0.0022027126368545117
5.5 17.853 0.0023667064671150802
6.5 15.3826 0.0025496767660943055
7.5 13.3843 0.0027333935719172204
8.5 11.8125 0.002909571869813232
9.5 10.179 0.0031343496542635824
10.5 9.0617 0.003321965822083951
11.5 7.889100000000001 0.0035602973371189873
12.5 6.9763 0.003786059422010167
13.5 6.0594 0.004062423433561124
14.5 5.3522 0.00432248836709182
15.5 4.6061 0.004659435656304802
16.5 4.0425 0.0049736473130199375
17.5 3.518 0.0053315327640889275
18.5 2.9581 0.005814248296158588
19.5 2.5116 0.00630993321728222
20.5 2.194 0.006751211107123255
21.5 1.8782 0.00729674353331909
22.5 1.5679 0.00798621172892349
23.5 1.3251 0.008687117045708783
24.5 1.0871 0.009591030059529394
25.5 0.8982 0.010551482297215307
26.5 0.7423 0.01160674036634892
27.5 0.6095999999999999 0.012807887989464
28.5 0.5212 0.013851531579263273
29.5 0.4105 0.015607862099528717
30.5 0.3286 0.017444809066301296
31.5 0.275 0.019069251784911846
32.5 0.2037 0.02215666980146639
33.5 0.15889999999999999 0.025086383169282255
34.5 0.13090000000000002 0.0276394996411391
35.5 0.09720000000000001 0.032075014954979206
36.5 0.0828 0.034752402342845795
37.5 0.0675 0.03849001794597505
38.5 0.0471 0.04607756775840914
39.5 0.041499999999999995 0.0490880693673816
40.5 0.0326 0.05538487756217114
41.5 0.021400000000000002 0.06835859270246632
42.5 0.0167 0.07738232325341368
43.5 0.0134 0.08638684255813601
44.5 0.0087 0.10721125348377948
45.5 0.0086 0.10783277320343841
46.5 0.0057 0.13245323570650439
47.5 0.0055 0.13483997249264842
48.5 0.0024999999999999996 0.2
49.5 0.0028 0.1889822365046136
50.5 0.0015 0.2581988897471611
51.5 0.0015 0.2581988897471611
52.5 0.0009 0.3333333333333333
53.5 0.0007 0.3779644730092272
54.5 0.0013 0.2773500981126146
55.5 0.0004 0.5
56.5 0.00030000000000000003 0.5773502691896257
57.5 0.0005 0.4472135954999579
58.5 0.0001 1.0
59.5 0.00030000000000000003 0.5773502691896257
60.5 0.0 inf
61.5 0.0 inf
62.5 0.0 inf
63.5 0.0 inf
64.5 0.0 inf
65.5 0.0 inf
66.5 0.0 inf
67.5 0.0 inf
68.5 0.0 inf
69.5 0.0 inf
70.5 0.0 inf
71.5 0.0 inf
72.5 0.0 inf
73.5 0.0 inf
74.5 0.0 inf
75.5 0.0 inf
76.5 0.0 inf
77.5 0.0 inf
78.5 0.0 inf
79.5 0.0 inf
80.5 0.0 inf
81.5 0.0 inf
82.5 0.0 inf
83.5 0.0 inf
84.5 0.0 inf
85.5 0.0 inf
86.5 0.0 inf
87.5 0.0 inf
88.5 0.0 inf
89.5 0.0 inf
90.5 0.0 inf
91.5 0.0 inf
92.5 0.0 inf
93.5 0.0 inf
94.5 0.0 inf
95.5 0.0 inf
96.5 0.0 inf
97.5 0.0 inf
