0.5 39.2215 0.0015967535872938416
1.5 20.714799999999997 0.0021971495972189794
2.5 21.0473 0.002179725496988346
3.5 19.2733 0.0022778334131322614
4.5 17.032600000000002 0.0024230341009872647
5.5 15.2654 0.002559445614503964
6.5 13.4136 0.002730406595461058
7.5 11.892 0.002899830074936267
8.5 10.6129 0.003069608324395171
9.5 9.244299999999999 0.003288993267761637
10.5 8.3432 0.003462052686251032
11.5 7.3169 0.003696889248918088
12.5 6.487 0.003926250918773497
13.5 5.6919 0.004191518325782049
14.5 5.013 0.00446633349061527
15.5 4.3222000000000005 0.004810027623586959
16.5 3.8675999999999995 0.005084862623867972
17.5 3.3059000000000003 0.005499904439990526
18.5 2.8518999999999997 0.005921515268031705
19.5 2.4369 0.006405914620988672
20.5 2.1027 0.00689622373080913
21.5 1.8042 0.0074448792932419895
22.5 1.514 0.008127127300011638
23.5 1.2591999999999999 0.008911537572493989
24.5 1.0673 0.009679585165100053
25.5 0.8652 0.010750823813438266
26.5 0.7262 0.011734696932189313
27.5 0.5942000000000001 0.01297279861366662
28.5 0.5073 0.014040014904887734
29.5 0.39790000000000003 0.015853057338939592
30.5 0.3136 0.017857142857142856
31.5 0.2623 0.019525441139613995
32.5 0.2106 0.02179068168202045
33.5 0.1713 0.024161356785259637
34.5 0.1257 0.028205406366325913
35.5 0.10830000000000001 0.0303868562731382
36.5 0.0779 0.03582871819500093
37.5 0.0627 0.03993615319154358
38.5 0.0475 0.04588314677411235
39.5 0.0407 0.04956815970966096
40.5 0.0291 0.05862103817605492
41.5 0.025599999999999998 0.06250000000000001
42.5 0.016100000000000003 0.07881104062391005
43.5 0.0125 0.08944271909999159
44.5 0.0102 0.09901475429766741
45.5 0.0073 0.11704114719613057
46.5 0.0057 0.13245323570650439
47.5 0.0033 0.17407765595569785
48.5 0.0033 0.17407765595569785
49.5 0.0016 0.25
50.5 0.0010999999999999998 0.3015113445777637
51.5 0.0015 0.2581988897471611
52.5 0.0004 0.5
53.5 0.001 0.31622776601683794
54.5 0.0008 0.35355339059327373
55.5 0.0001 1.0
56.5 0.0 inf
57.5 0.0001 1.0
58.5 0.0 inf
59.5 0.0 inf
60.5 0.0001 1.0
61.5 0.0 inf
62.5 0.0 inf
63.5 0.0001 1.0
64.5 0.0001 1.0
65.5 0.0 inf
66.5 0.0 inf
67.5 0.0 inf
68.5 0.0 inf
69.5 0.0 inf
70.5 0.0 inf
71.5 0.0 inf
72.5 0.0 inf
73.5 0.0 inf
74.5 0.0 inf
75.5 0.0 inf
76.5 0.0 inf
77.5 0.0 inf
78.5 0.0 inf
79.5 0.0 inf
80.5 0.0 inf
81.5 0.0 inf
82.5 0.0 inf
83.5 0.0 inf
84.5 0.0 inf
85.5 0.0 inf
86.5 0.0 inf
87.5 0.0 inf
88.5 0.0 inf
89.5 0.0 inf
90.5 0.0 inf
91.5 0.0 inf
92.5 0.0 inf
93.5 0.0 inf
94.5 0.0 inf
95.5 0.0 inf
96.5 0.0 inf
97.5 0.0 inf
