0.5 71.6413 0.0011814579555249585
1.5 31.6276 0.001778143805741389
2.5 29.3796 0.0018449179685609337
3.5 25.1633 0.0019934998270696286
4.5 21.079900000000002 0.0021780393754788382
5.5 18.2907 0.002338217123702735
6.5 15.5925 0.002532457254658621
7.5 13.6269 0.0027089529713741635
8.5 11.9089 0.0028977717602640335
9.5 10.338799999999999 0.003110032539196668
10.5 9.1221 0.0033109497197348187
11.5 7.923 0.0035526724816620594
12.5 7.0397 0.003768972112881125
13.5 6.137499999999999 0.0040364934067087565
14.5 5.3675999999999995 0.004316283160363922
15.5 4.6526 0.004636093026699029
16.5 4.0661000000000005 0.0049591925663568254
17.5 3.491 0.005352110552624681
18.5 2.9806999999999997 0.005792164215836545
19.5 2.5416 0.0062725827457915115
20.5 2.2068000000000003 0.006731603264350161
21.5 1.8684 0.007315854688435785
22.5 1.564 0.007996162762590017
23.5 1.3252 0.008686789273261792
24.5 1.0811 0.009617607877134919
25.5 0.8994 0.010544440933536733
26.5 0.7462 0.011576369428032278
27.5 0.6069 0.01283634648447014
28.5 0.5176000000000001 0.013899618043744162
29.5 0.41190000000000004 0.015581314872270007
30.5 0.33089999999999997 0.017384076178023157
31.5 0.2803 0.018888107730216267
32.5 0.20179999999999998 0.02226073086740952
33.5 0.16620000000000001 0.024529262467676904
34.5 0.128 0.02795084971874737
35.5 0.1065 0.03064257065179478
36.5 0.0843 0.034441829515914534
37.5 0.0712 0.03747658444979307
38.5 0.0514 0.04410810913912309
39.5 0.0397 0.05018856132284956
40.5 0.0325 0.05547001962252291
41.5 0.0214 0.06835859270246633
42.5 0.0183 0.07392212709545729
43.5 0.012 0.09128709291752768
44.5 0.01 0.1
45.5 0.0064 0.125
46.5 0.0053 0.13736056394868904
47.5 0.0046 0.14744195615489714
48.5 0.0033 0.17407765595569785
49.5 0.0024999999999999996 0.2
50.5 0.0021999999999999997 0.21320071635561047
51.5 0.001 0.31622776601683794
52.5 0.0007 0.3779644730092272
53.5 0.0007 0.3779644730092272
54.5 0.00039999999999999996 0.5000000000000001
55.5 0.0006000000000000001 0.40824829046386296
56.5 0.0002 0.7071067811865475
57.5 0.00030000000000000003 0.5773502691896257
58.5 0.0002 0.7071067811865475
59.5 0.0001 1.0
60.5 0.0 inf
61.5 0.0 inf
62.5 0.0 inf
63.5 0.0 inf
64.5 0.0 inf
65.5 0.0 inf
66.5 0.0 inf
67.5 0.0 inf
68.5 0.0 inf
69.5 0.0 inf
70.5 0.0 inf
71.5 0.0 inf
72.5 0.0 inf
73.5 0.0 inf
74.5 0.0 inf
75.5 0.0 inf
76.5 0.0 inf
77.5 0.0 inf
78.5 0.0 inf
79.5 0.0 inf
80.5 0.0 inf
81.5 0.0 inf
82.5 0.0 inf
83.5 0.0 inf
84.5 0.0 inf
85.5 0.0 inf
86.5 0.0 inf
87.5 0.0 inf
88.5 0.0 inf
89.5 0.0 inf
90.5 0.0 inf
91.5 0.0 inf
92.5 0.0 inf
93.5 0.0 inf
94.5 0.0 inf
95.5 0.0 inf
96.5 0.0 inf
97.5 0.0 inf
