0.5 38.4575 0.0016125362100331297
1.5 20.2596 0.002221695660465592
2.5 20.5262 0.0022072205041340316
3.5 18.9281 0.0022985104846998884
4.5 16.6076 0.002453841809824007
5.5 14.959 0.0025855248660203753
6.5 13.0753 0.002765503222977064
7.5 11.6472 0.0029301458182327505
8.5 10.4224 0.0030975343527757247
9.5 9.0754 0.003319457496264499
10.5 8.2169 0.003488558412300148
11.5 7.1599 0.003737201561627072
12.5 6.3765 0.003960124302332433
13.5 5.5701 0.004237097951250484
14.5 4.8826 0.004525581877327004
15.5 4.255 0.004847861655637197
16.5 3.8015 0.005128879581437242
17.5 3.2592 0.0055391674503665975
18.5 2.8257 0.0059489041863614416
19.5 2.4142 0.006435960606789901
20.5 2.0528 0.006979538070371129
21.5 1.7535 0.007551741490793339
22.5 1.4638 0.008265309650955519
23.5 1.2584 0.008914369779008365
24.5 1.0415 0.009798742901923351
25.5 0.8639 0.010758909712904975
26.5 0.7165999999999999 0.011813037920774943
27.5 0.5701 0.013244161853017132
28.5 0.5017 0.014118155126142938
29.5 0.4006 0.01579954308382093
30.5 0.3126 0.017885682339724072
31.5 0.2555 0.019783564706223267
32.5 0.1999 0.02236627204212922
33.5 0.1686 0.024354051207174154
34.5 0.1256 0.028216632399155017
35.5 0.1048 0.03089010316076077
36.5 0.07719999999999999 0.035990787537434725
37.5 0.0604 0.04068942293855797
38.5 0.0498 0.04481107149482209
39.5 0.0354 0.05314940034527339
40.5 0.027 0.06085806194501846
41.5 0.0236 0.06509445549041194
42.5 0.0166 0.07761505257063328
43.5 0.011099999999999999 0.0949157995752499
44.5 0.0109 0.09578262852211514
45.5 0.0069 0.1203858530857692
46.5 0.0055 0.13483997249264842
47.5 0.005 0.1414213562373095
48.5 0.0043 0.15249857033260467
49.5 0.0023 0.20851441405707477
50.5 0.0015 0.2581988897471611
51.5 0.0013 0.2773500981126146
52.5 0.0005 0.4472135954999579
53.5 0.001 0.31622776601683794
54.5 0.0004 0.5
55.5 0.0002 0.7071067811865475
56.5 0.0003 0.5773502691896258
57.5 0.0001 1.0
58.5 0.0 inf
59.5 0.0002 0.7071067811865475
60.5 0.0001 1.0
61.5 0.0 inf
62.5 0.0 inf
63.5 0.0 inf
64.5 0.0 inf
65.5 0.0 inf
66.5 0.0 inf
67.5 0.0001 1.0
68.5 0.0 inf
69.5 0.0 inf
70.5 0.0 inf
71.5 0.0 inf
72.5 0.0 inf
73.5 0.0 inf
74.5 0.0 inf
75.5 0.0 inf
76.5 0.0 inf
77.5 0.0 inf
78.5 0.0 inf
79.5 0.0 inf
80.5 0.0 inf
81.5 0.0 inf
82.5 0.0 inf
83.5 0.0 inf
84.5 0.0 inf
85.5 0.0 inf
86.5 0.0 inf
87.5 0.0 inf
88.5 0.0 inf
89.5 0.0 inf
90.5 0.0 inf
91.5 0.0 inf
92.5 0.0 inf
93.5 0.0 inf
94.5 0.0 inf
95.5 0.0 inf
96.5 0.0 inf
97.5 0.0 inf
