0.5 40.3735 0.0015738081858277845
1.5 21.3776 0.002162820745768122
2.5 21.6567 0.002148838911917905
3.5 19.7737 0.002248826910252049
4.5 17.493299999999998 0.0023909149519182457
5.5 15.680700000000002 0.002525324993148175
6.5 13.674800000000001 0.002704204357998226
7.5 12.1831 0.002864976707869859
8.5 10.8186 0.003040286199259054
9.5 9.469000000000001 0.0032497349543012433
10.5 8.5425 0.003421428796178047
11.5 7.4338 0.003667706405045953
12.5 6.5901 0.003895417380251403
13.5 5.7831 0.004158336678629905
14.5 5.1258 0.004416916321513472
15.5 4.4298 0.004751250634373664
16.5 3.8981 0.005064930750904133
17.5 3.3920000000000003 0.005429653034538367
18.5 2.8791 0.005893477437690641
19.5 2.481 0.006348726493834073
20.5 2.0979 0.006904108511124446
21.5 1.815 0.007422696190252055
22.5 1.5143 0.008126322222101821
23.5 1.2886 0.008809290596130738
24.5 1.0796000000000001 0.00962428692690666
25.5 0.8737 0.010698400013444038
26.5 0.7289 0.011712942866506513
27.5 0.5978 0.012933678006074076
28.5 0.5112 0.013986355971611485
29.5 0.4081 0.015653689050413564
30.5 0.32389999999999997 0.01757092099429725
31.5 0.2619 0.01954034605868497
32.5 0.2034 0.022173003507924643
33.5 0.16699999999999998 0.024470439211619822
34.5 0.1305 0.027681826617913324
35.5 0.1038 0.03103854276221004
36.5 0.0837 0.03456505649101418
37.5 0.0665 0.038778336716474064
38.5 0.0517 0.04397994971335425
39.5 0.0401 0.04993761694389224
40.5 0.028200000000000003 0.05954913341754137
41.5 0.0233 0.06551217820804184
42.5 0.0171 0.07647191129018725
43.5 0.012 0.09128709291752768
44.5 0.010499999999999999 0.09759000729485333
45.5 0.008 0.11180339887498948
46.5 0.0055 0.13483997249264842
47.5 0.0045 0.14907119849998599
48.5 0.0039 0.16012815380508713
49.5 0.0019 0.22941573387056174
50.5 0.0014 0.2672612419124244
51.5 0.0015999999999999999 0.25000000000000006
52.5 0.001 0.31622776601683794
53.5 0.0008 0.35355339059327373
54.5 0.0007 0.3779644730092272
55.5 0.0010999999999999998 0.3015113445777637
56.5 0.0 inf
57.5 0.0002 0.7071067811865475
58.5 0.0 inf
59.5 0.0001 1.0
60.5 0.0001 1.0
61.5 0.0 inf
62.5 0.0 inf
63.5 0.0 inf
64.5 0.0 inf
65.5 0.0 inf
66.5 0.0 inf
67.5 0.0 inf
68.5 0.0 inf
69.5 0.0 inf
70.5 0.0 inf
71.5 0.0 inf
72.5 0.0 inf
73.5 0.0 inf
74.5 0.0 inf
75.5 0.0 inf
76.5 0.0 inf
77.5 0.0 inf
78.5 0.0 inf
79.5 0.0 inf
80.5 0.0 inf
81.5 0.0 inf
82.5 0.0 inf
83.5 0.0 inf
84.5 0.0 inf
85.5 0.0 inf
86.5 0.0 inf
87.5 0.0 inf
88.5 0.0 inf
89.5 0.0 inf
90.5 0.0 inf
91.5 0.0 inf
92.5 0.0 inf
93.5 0.0 inf
94.5 0.0 inf
95.5 0.0 inf
96.5 0.0 inf
97.5 0.0 inf
