0.5 38.7213 0.0016070338889761344
1.5 20.4569 0.0022109559444344175
2.5 20.685 0.0021987316976102155
3.5 19.0583 0.002290645697699183
4.5 16.8114 0.002438922831026964
5.5 15.0326 0.0025791877013266948
6.5 13.2385 0.0027484042416078434
7.5 11.707 0.0029226525639798107
8.5 10.5144 0.0030839530131511494
9.5 9.1786 0.003300743510200635
10.5 8.2209 0.0034877096042942265
11.5 7.2027 0.003726081387724698
12.5 6.4254 0.003945026415294934
13.5 5.6294 0.004214722111142506
14.5 4.9745 0.004483583707997405
15.5 4.3185 0.004812087747680244
16.5 3.8176 0.005118053118952143
17.5 3.309 0.005497327574042793
18.5 2.8358 0.005938300912756648
19.5 2.3975 0.006458336837206266
20.5 2.0907 0.0069159865560544645
21.5 1.7511 0.007556914802919718
22.5 1.4778 0.0082260656067214
23.5 1.2433 0.008968339353171217
24.5 1.0529000000000002 0.009745551866148994
25.5 0.8429 0.010892108857064115
26.5 0.7239 0.01175332408973935
27.5 0.5931 0.012984823118860329
28.5 0.49760000000000004 0.014176199428093568
29.5 0.40249999999999997 0.015762208124782014
30.5 0.32430000000000003 0.017560081436822507
31.5 0.26839999999999997 0.019302285912054577
32.5 0.2004 0.022338352580438516
33.5 0.1623 0.02482222683731816
34.5 0.1263 0.028138330394167636
35.5 0.1013 0.03141921118033474
36.5 0.07719999999999999 0.035990787537434725
37.5 0.062 0.04016096644512494
38.5 0.0553 0.04252432555625623
39.5 0.0419 0.04885319687460315
40.5 0.0298 0.057928444636349226
41.5 0.023 0.0659380473395787
42.5 0.019299999999999998 0.07198157507486945
43.5 0.0116 0.09284766908852593
44.5 0.0098 0.10101525445522107
45.5 0.0062 0.1270001270001905
46.5 0.005 0.1414213562373095
47.5 0.005 0.1414213562373095
48.5 0.0036 0.16666666666666666
49.5 0.0017000000000000001 0.24253562503633297
50.5 0.0010999999999999998 0.3015113445777637
51.5 0.0014 0.2672612419124244
52.5 0.001 0.31622776601683794
53.5 0.00030000000000000003 0.5773502691896257
54.5 0.0004 0.5
55.5 0.0 inf
56.5 0.0001 1.0
57.5 0.0001 1.0
58.5 0.0 inf
59.5 0.0001 1.0
60.5 0.0 inf
61.5 0.0 inf
62.5 0.0 inf
63.5 0.0 inf
64.5 0.0 inf
65.5 0.0 inf
66.5 0.0 inf
67.5 0.0 inf
68.5 0.0 inf
69.5 0.0 inf
70.5 0.0 inf
71.5 0.0 inf
72.5 0.0 inf
73.5 0.0 inf
74.5 0.0 inf
75.5 0.0 inf
76.5 0.0 inf
77.5 0.0 inf
78.5 0.0 inf
79.5 0.0 inf
80.5 0.0 inf
81.5 0.0 inf
82.5 0.0 inf
83.5 0.0 inf
84.5 0.0 inf
85.5 0.0 inf
86.5 0.0 inf
87.5 0.0 inf
88.5 0.0 inf
89.5 0.0 inf
90.5 0.0 inf
91.5 0.0 inf
92.5 0.0 inf
93.5 0.0 inf
94.5 0.0 inf
95.5 0.0 inf
96.5 0.0 inf
97.5 0.0 inf
