0.5 50.66590000000001 0.0014048893465097795
1.5 25.7918 0.0019690610150595394
2.5 25.2594 0.0019897040541281526
3.5 22.5531 0.0021057018428666395
4.5 19.520899999999997 0.0022633414742226077
5.5 17.1512 0.002414641966289203
6.5 14.9541 0.00258594842993251
7.5 13.0613 0.002766984954343009
8.5 11.5943 0.002936822733198236
9.5 10.049700000000001 0.003154448571055873
10.5 8.953 0.00334207127557678
11.5 7.8165000000000004 0.0035767932221091687
12.5 6.8596 0.003818129058944792
13.5 6.0379000000000005 0.004069649827598593
14.5 5.2865 0.004349265117829217
15.5 4.5685 0.004678570578193562
16.5 4.0045 0.004997189870824331
17.5 3.4849 0.005356792695595596
18.5 2.9600999999999997 0.0058122837575513
19.5 2.5251 0.006293043141793631
20.5 2.1619 0.006801147586439345
21.5 1.8532000000000002 0.007345795845129132
22.5 1.548 0.008037380369506868
23.5 1.3008000000000002 0.008767882797898679
24.5 1.1122 0.009482187846239687
25.5 0.8927 0.01058393667167008
26.5 0.7434000000000001 0.011598150010653683
27.5 0.6001 0.012908868793110689
28.5 0.5108999999999999 0.013990461756514727
29.5 0.4101 0.015615471979112765
30.5 0.34009999999999996 0.01714733703242968
31.5 0.2694 0.01926642802132291
32.5 0.2128 0.021677749238103
33.5 0.16449999999999998 0.024655683636076897
34.5 0.1295 0.02778850071883642
35.5 0.1081 0.030414953233623677
36.5 0.0848 0.03434014098717226
37.5 0.0673 0.03854716722458499
38.5 0.048799999999999996 0.04526787302125927
39.5 0.0412 0.04926646390821466
40.5 0.0285 0.05923488777590923
41.5 0.0221 0.06726727939963124
42.5 0.020499999999999997 0.06984302957695783
43.5 0.012199999999999999 0.09053574604251854
44.5 0.0115 0.09325048082403138
45.5 0.0084 0.1091089451179962
46.5 0.0066 0.12309149097933272
47.5 0.004699999999999999 0.14586499149789456
48.5 0.0037 0.1643989873053573
49.5 0.0024000000000000002 0.20412414523193148
50.5 0.0022 0.21320071635561041
51.5 0.0014999999999999998 0.25819888974716115
52.5 0.0007 0.3779644730092272
53.5 0.0011 0.30151134457776363
54.5 0.0002 0.7071067811865475
55.5 0.0009 0.3333333333333333
56.5 0.0002 0.7071067811865475
57.5 0.00030000000000000003 0.5773502691896257
58.5 0.0001 1.0
59.5 0.0 inf
60.5 0.0001 1.0
61.5 0.0 inf
62.5 0.0001 1.0
63.5 0.0 inf
64.5 0.0 inf
65.5 0.0 inf
66.5 0.0 inf
67.5 0.0 inf
68.5 0.0 inf
69.5 0.0 inf
70.5 0.0 inf
71.5 0.0 inf
72.5 0.0 inf
73.5 0.0 inf
74.5 0.0 inf
75.5 0.0 inf
76.5 0.0 inf
77.5 0.0 inf
78.5 0.0 inf
79.5 0.0 inf
80.5 0.0 inf
81.5 0.0 inf
82.5 0.0 inf
83.5 0.0 inf
84.5 0.0 inf
85.5 0.0 inf
86.5 0.0 inf
87.5 0.0 inf
88.5 0.0 inf
89.5 0.0 inf
90.5 0.0 inf
91.5 0.0 inf
92.5 0.0 inf
93.5 0.0 inf
94.5 0.0 inf
95.5 0.0 inf
96.5 0.0 inf
97.5 0.0 inf
