0.5 42.1105 0.0015410076723071954
1.5 22.304 0.0021174278541098196
2.5 22.4285 0.0021115427832556154
3.5 20.4982 0.002208727492149647
4.5 17.993299999999998 0.002357461394550403
5.5 16.0432 0.002496631819033897
6.5 14.115 0.002661702783445866
7.5 12.4576 0.0028332363753475185
8.5 11.0612 0.0030067607856322214
9.5 9.6726 0.003215350975759598
10.5 8.6563 0.0033988644930957315
11.5 7.5443999999999996 0.003640723078632107
12.5 6.7143999999999995 0.003859192080891638
13.5 5.8823 0.004123124179718217
14.5 5.1861999999999995 0.004391120646770639
15.5 4.472799999999999 0.0047283570130570865
16.5 3.9473000000000003 0.005033266578679877
17.5 3.4242 0.005404063437938093
18.5 2.9233000000000002 0.0058487533467992715
19.5 2.4886999999999997 0.006338897453547279
20.5 2.1646 0.006796904578878843
21.5 1.8127 0.007427403750592806
22.5 1.5452 0.008044659194025541
23.5 1.2957999999999998 0.008784782475886016
24.5 1.0654 0.009688212450412365
25.5 0.8787 0.010667918442539085
26.5 0.7402 0.011623193278701668
27.5 0.6083000000000001 0.01282156657572937
28.5 0.4995 0.014149211999266963
29.5 0.40349999999999997 0.015742664151828744
30.5 0.33089999999999997 0.017384076178023157
31.5 0.265 0.019425717247145282
32.5 0.20929999999999999 0.02185824984939871
33.5 0.1713 0.024161356785259637
34.5 0.1383 0.026889882837002246
35.5 0.10250000000000001 0.031234752377721213
36.5 0.0837 0.03456505649101418
37.5 0.0654 0.039103094350288754
38.5 0.0494 0.04499212706658475
39.5 0.039400000000000004 0.05037927218598784
40.5 0.0302 0.0575435337648436
41.5 0.024 0.06454972243679027
42.5 0.018000000000000002 0.07453559924999299
43.5 0.0114 0.0936585811581694
44.5 0.009399999999999999 0.10314212462587935
45.5 0.0089 0.105999788000636
46.5 0.006500000000000001 0.12403473458920847
47.5 0.0032 0.17677669529663687
48.5 0.0028 0.1889822365046136
49.5 0.0021 0.2182178902359924
50.5 0.0010999999999999998 0.3015113445777637
51.5 0.0012 0.2886751345948129
52.5 0.0008 0.35355339059327373
53.5 0.0006 0.4082482904638631
54.5 0.0004 0.5
55.5 0.00039999999999999996 0.5000000000000001
56.5 0.0001 1.0
57.5 0.0 inf
58.5 0.0 inf
59.5 0.0001 1.0
60.5 0.0 inf
61.5 0.0 inf
62.5 0.0 inf
63.5 0.0 inf
64.5 0.0001 1.0
65.5 0.0 inf
66.5 0.0 inf
67.5 0.0 inf
68.5 0.0 inf
69.5 0.0 inf
70.5 0.0 inf
71.5 0.0 inf
72.5 0.0 inf
73.5 0.0 inf
74.5 0.0 inf
75.5 0.0 inf
76.5 0.0 inf
77.5 0.0 inf
78.5 0.0 inf
79.5 0.0 inf
80.5 0.0 inf
81.5 0.0 inf
82.5 0.0 inf
83.5 0.0 inf
84.5 0.0 inf
85.5 0.0 inf
86.5 0.0 inf
87.5 0.0 inf
88.5 0.0 inf
89.5 0.0 inf
90.5 0.0 inf
91.5 0.0 inf
92.5 0.0 inf
93.5 0.0 inf
94.5 0.0 inf
95.5 0.0 inf
96.5 0.0 inf
97.5 0.0 inf
