0.5 38.4537 0.0016126158835914884
1.5 20.286099999999998 0.0022202440710805686
2.5 20.5503 0.0022059258851044963
3.5 18.8787 0.002301515782617178
4.5 16.657400000000003 0.0024501709850228513
5.5 14.8975 0.0025908561635771474
6.5 13.113499999999998 0.00276147229034726
7.5 11.698599999999999 0.0029237016585779165
8.5 10.3784 0.003104093521935795
9.5 9.123999999999999 0.003310604962391328
10.5 8.1436 0.0035042233821293524
11.5 7.1525 0.003739134322353396
12.5 6.3742 0.003960838702916725
13.5 5.6208 0.004217945207155549
14.5 4.9224 0.004507248978349878
15.5 4.2765 0.0048356600470595935
16.5 3.7653 0.005153475406645279
17.5 3.242 0.005553841671339063
18.5 2.8127 0.005962635938934896
19.5 2.3916 0.006466298184386455
20.5 2.0734 0.006944779366648909
21.5 1.7442 0.007571847507070912
22.5 1.4982 0.00816986920225808
23.5 1.2383000000000002 0.008986427265042849
24.5 1.051 0.009754356903036577
25.5 0.8418 0.010899223022085146
26.5 0.7052 0.011908137705738522
27.5 0.589 0.013029938101426072
28.5 0.4956 0.014204774743178402
29.5 0.4022 0.015768085525318675
30.5 0.3246 0.01755196492081838
31.5 0.2593 0.01963806719085849
32.5 0.1951 0.022639736366332933
33.5 0.16799999999999998 0.024397501823713332
34.5 0.1297 0.027767067240353285
35.5 0.10200000000000001 0.03131121455425747
36.5 0.07669999999999999 0.036107907233705945
37.5 0.06269999999999999 0.03993615319154359
38.5 0.0497 0.04485613040162566
39.5 0.0401 0.04993761694389224
40.5 0.0288 0.05892556509887897
41.5 0.0216 0.06804138174397717
42.5 0.0189 0.07273929674533079
43.5 0.0129 0.08804509063256238
44.5 0.009899999999999999 0.10050378152592121
45.5 0.0063 0.1259881576697424
46.5 0.0056 0.1336306209562122
47.5 0.0039 0.16012815380508713
48.5 0.0033 0.17407765595569785
49.5 0.0021 0.2182178902359924
50.5 0.0014 0.2672612419124244
51.5 0.0014 0.2672612419124244
52.5 0.0007999999999999999 0.3535533905932738
53.5 0.0007 0.3779644730092272
54.5 0.0007 0.3779644730092272
55.5 0.00039999999999999996 0.5000000000000001
56.5 0.0002 0.7071067811865475
57.5 0.0 inf
58.5 0.0 inf
59.5 0.0001 1.0
60.5 0.0 inf
61.5 0.0 inf
62.5 0.0 inf
63.5 0.0 inf
64.5 0.0 inf
65.5 0.0 inf
66.5 0.0 inf
67.5 0.0 inf
68.5 0.0 inf
69.5 0.0 inf
70.5 0.0 inf
71.5 0.0 inf
72.5 0.0 inf
73.5 0.0 inf
74.5 0.0 inf
75.5 0.0 inf
76.5 0.0 inf
77.5 0.0 inf
78.5 0.0 inf
79.5 0.0 inf
80.5 0.0 inf
81.5 0.0 inf
82.5 0.0 inf
83.5 0.0 inf
84.5 0.0 inf
85.5 0.0 inf
86.5 0.0 inf
87.5 0.0 inf
88.5 0.0 inf
89.5 0.0 inf
90.5 0.0 inf
91.5 0.0 inf
92.5 0.0 inf
93.5 0.0 inf
94.5 0.0 inf
95.5 0.0 inf
96.5 0.0 inf
97.5 0.0 inf
