0.5 40.709900000000005 0.001567292236022034
1.5 21.559199999999997 0.002153692418828141
2.5 21.8093 0.002141307986205927
3.5 20.0076 0.0022356432456288157
4.5 17.5432 0.0023875121629132563
5.5 15.717300000000002 0.0025223829876883166
6.5 13.7497 0.0026968288699647514
7.5 12.1985 0.0028631676913872103
8.5 10.9712 0.0030190682709144183
9.5 9.5466 0.003236500190664659
10.5 8.5394 0.0034220497687784614
11.5 7.465400000000001 0.003659935727701043
12.5 6.6401 0.0038807234063268805
13.5 5.8157 0.00414666548827665
14.5 5.1268 0.00441648553313415
15.5 4.4257 0.004753450921114438
16.5 3.9029 0.0050618152281954746
17.5 3.4114 0.005414192307014917
18.5 2.8665 0.005906415932819451
19.5 2.4645 0.006369943624655904
20.5 2.1131 0.006879232298498526
21.5 1.8199 0.00741269681492531
22.5 1.5238 0.008100951188521844
23.5 1.2686000000000002 0.008878460082961585
24.5 1.0806 0.009619832681781286
25.5 0.9047000000000001 0.010513509339597377
26.5 0.7211000000000001 0.011776120805154142
27.5 0.58 0.013130643285972255
28.5 0.5164 0.013915758499784417
29.5 0.4204 0.015422992461890894
30.5 0.3316 0.017365717791179697
31.5 0.2672 0.01934558081335342
32.5 0.2023 0.022233204294660427
33.5 0.16010000000000002 0.024992191160203066
34.5 0.1327 0.027451402562301407
35.5 0.09939999999999999 0.03171807398477756
36.5 0.08349999999999999 0.03460642701029914
37.5 0.0641 0.03949762527666821
38.5 0.0504 0.0445435403187374
39.5 0.0424 0.04856429311786321
40.5 0.0264 0.06154574548966636
41.5 0.023899999999999998 0.0646846227353151
42.5 0.017 0.07669649888473704
43.5 0.0127 0.08873565094161139
44.5 0.010499999999999999 0.09759000729485333
45.5 0.0078 0.11322770341445956
46.5 0.0058 0.13130643285972257
47.5 0.0052 0.1386750490563073
48.5 0.003 0.18257418583505536
49.5 0.0024999999999999996 0.2
50.5 0.0013 0.2773500981126146
51.5 0.0011 0.30151134457776363
52.5 0.0005 0.4472135954999579
53.5 0.0007 0.3779644730092272
54.5 0.00039999999999999996 0.5000000000000001
55.5 0.0005 0.4472135954999579
56.5 0.0002 0.7071067811865475
57.5 0.0004 0.5
58.5 0.0 inf
59.5 0.0 inf
60.5 0.0 inf
61.5 0.0 inf
62.5 0.0001 1.0
63.5 0.0 inf
64.5 0.0 inf
65.5 0.0 inf
66.5 0.0 inf
67.5 0.0 inf
68.5 0.0 inf
69.5 0.0 inf
70.5 0.0001 1.0
71.5 0.0 inf
72.5 0.0 inf
73.5 0.0 inf
74.5 0.0 inf
75.5 0.0 inf
76.5 0.0 inf
77.5 0.0 inf
78.5 0.0 inf
79.5 0.0 inf
80.5 0.0 inf
81.5 0.0 inf
82.5 0.0 inf
83.5 0.0 inf
84.5 0.0 inf
85.5 0.0 inf
86.5 0.0 inf
87.5 0.0 inf
88.5 0.0 inf
89.5 0.0 inf
90.5 0.0 inf
91.5 0.0 inf
92.5 0.0 inf
93.5 0.0 inf
94.5 0.0 inf
95.5 0.0 inf
96.5 0.0 inf
97.5 0.0 inf
