0.5 38.465900000000005 0.001612360131431891
1.5 20.3019 0.0022193799479141457
2.5 20.5691 0.002204917554960978
3.5 18.8558 0.0023029129314764587
4.5 16.6916 0.0024476595776450564
5.5 14.950099999999999 0.002586294350759941
6.5 13.0713 0.002765926331877435
7.5 11.636600000000001 0.002931480077196298
8.5 10.443999999999999 0.003094329576276282
9.5 9.1001 0.0033149495067007393
10.5 8.1686 0.003498856935214128
11.5 7.1447 0.003741174806348352
12.5 6.4066 0.003950810463493895
13.5 5.552099999999999 0.004243960764220877
14.5 4.9025 0.004516387521771449
15.5 4.2574000000000005 0.004846495034207399
16.5 3.784 0.005140725757204156
17.5 3.2901 0.005513094679202949
18.5 2.7712000000000003 0.006007116641652659
19.5 2.3888 0.006470086767033375
20.5 2.0553999999999997 0.006975122253167209
21.5 1.7582 0.007541641122019254
22.5 1.4777 0.00822634394219008
23.5 1.2433 0.008968339353171217
24.5 1.0692 0.009670980886427658
25.5 0.8533999999999999 0.010824894708114366
26.5 0.7002999999999999 0.011949725712131367
27.5 0.5923 0.012993589245171131
28.5 0.5037 0.014090098351343262
29.5 0.3936 0.015939417826583455
30.5 0.3214 0.017639126052343954
31.5 0.2541 0.019837990021453852
32.5 0.1987 0.0224337081912659
33.5 0.1623 0.02482222683731816
34.5 0.1296 0.027777777777777776
35.5 0.09770000000000001 0.031992834407549194
36.5 0.08360000000000001 0.03458572319330373
37.5 0.063 0.03984095364447979
38.5 0.0479 0.04569116623849538
39.5 0.0397 0.05018856132284956
40.5 0.028900000000000002 0.058823529411764705
41.5 0.0227 0.0663723311599972
42.5 0.016399999999999998 0.07808688094430304
43.5 0.0147 0.08247860988423225
44.5 0.0087 0.10721125348377948
45.5 0.0073 0.11704114719613057
46.5 0.006699999999999999 0.12216944435630522
47.5 0.0047 0.14586499149789456
48.5 0.0021 0.2182178902359924
49.5 0.002 0.22360679774997896
50.5 0.0015 0.2581988897471611
51.5 0.0017000000000000001 0.24253562503633297
52.5 0.0008 0.35355339059327373
53.5 0.00039999999999999996 0.5000000000000001
54.5 0.0001 1.0
55.5 0.0005 0.4472135954999579
56.5 0.0002 0.7071067811865475
57.5 0.0001 1.0
58.5 0.0 inf
59.5 0.0 inf
60.5 0.0 inf
61.5 0.0 inf
62.5 0.0 inf
63.5 0.0 inf
64.5 0.0 inf
65.5 0.0 inf
66.5 0.0 inf
67.5 0.0 inf
68.5 0.0 inf
69.5 0.0 inf
70.5 0.0 inf
71.5 0.0 inf
72.5 0.0 inf
73.5 0.0 inf
74.5 0.0 inf
75.5 0.0 inf
76.5 0.0 inf
77.5 0.0 inf
78.5 0.0 inf
79.5 0.0 inf
80.5 0.0 inf
81.5 0.0 inf
82.5 0.0 inf
83.5 0.0 inf
84.5 0.0 inf
85.5 0.0 inf
86.5 0.0 inf
87.5 0.0 inf
88.5 0.0 inf
89.5 0.0 inf
90.5 0.0 inf
91.5 0.0 inf
92.5 0.0 inf
93.5 0.0 inf
94.5 0.0 inf
95.5 0.0 inf
96.5 0.0 inf
97.5 0.0 inf
