0.5 39.8543 0.0015840263699753488
1.5 21.1125 0.0021763571608113957
2.5 21.4217 0.002160593342377248
3.5 19.5827 0.002259767272677171
4.5 17.214 0.0024102334014319887
5.5 15.475000000000001 0.002542053410374274
6.5 13.6096 0.0027106741829693933
7.5 12.091000000000001 0.002875867609375968
8.5 10.79 0.003044312827739915
9.5 9.3794 0.0032652201752606494
10.5 8.424 0.0034454092941446795
11.5 7.3766 0.003681899100808074
12.5 6.5792 0.0038986428846987833
13.5 5.7702 0.004162982323102893
14.5 5.047000000000001 0.004451263948926827
15.5 4.3825 0.0047768217719243175
16.5 3.8385 0.005104100622823195
17.5 3.3706 0.005446862244729528
18.5 2.8941 0.0058781847723444755
19.5 2.4475 0.006392027721005931
20.5 2.1024000000000003 0.0068967157383530665
21.5 1.8191000000000002 0.007414326605922838
22.5 1.5131999999999999 0.008129275344796079
23.5 1.2765 0.008850943948189445
24.5 1.0525 0.009747403576571587
25.5 0.8922 0.010586901941296991
26.5 0.7266 0.011731466458093082
27.5 0.5897 0.013022202248430044
28.5 0.5169 0.013909026479410863
29.5 0.40149999999999997 0.01578182506843426
30.5 0.3345 0.017290276521281022
31.5 0.2649 0.01942938351447002
32.5 0.20500000000000002 0.022086305214969307
33.5 0.1637 0.024715856229864275
34.5 0.1288 0.02786391062876764
35.5 0.1021 0.03129587719622029
36.5 0.08460000000000001 0.034380708208626445
37.5 0.0625 0.04
38.5 0.0467 0.046274481338274755
39.5 0.0365 0.052342392259021375
40.5 0.030699999999999998 0.05707301455353496
41.5 0.0215 0.06819943394704735
42.5 0.018500000000000003 0.07352146220938077
43.5 0.0109 0.09578262852211514
44.5 0.0107 0.09667364890456635
45.5 0.0081 0.1111111111111111
46.5 0.0053 0.13736056394868904
47.5 0.0056 0.1336306209562122
48.5 0.0027 0.19245008972987526
49.5 0.002 0.22360679774997896
50.5 0.002 0.22360679774997896
51.5 0.0013 0.2773500981126146
52.5 0.0014 0.2672612419124244
53.5 0.0011 0.30151134457776363
54.5 0.0007 0.3779644730092272
55.5 0.0002 0.7071067811865475
56.5 0.0004 0.5
57.5 0.0002 0.7071067811865475
58.5 0.0 inf
59.5 0.0 inf
60.5 0.0 inf
61.5 0.0001 1.0
62.5 0.0 inf
63.5 0.0 inf
64.5 0.0 inf
65.5 0.0 inf
66.5 0.0 inf
67.5 0.0 inf
68.5 0.0 inf
69.5 0.0 inf
70.5 0.0 inf
71.5 0.0 inf
72.5 0.0 inf
73.5 0.0 inf
74.5 0.0 inf
75.5 0.0 inf
76.5 0.0 inf
77.5 0.0 inf
78.5 0.0 inf
79.5 0.0 inf
80.5 0.0 inf
81.5 0.0 inf
82.5 0.0 inf
83.5 0.0 inf
84.5 0.0 inf
85.5 0.0 inf
86.5 0.0 inf
87.5 0.0 inf
88.5 0.0 inf
89.5 0.0 inf
90.5 0.0 inf
91.5 0.0 inf
92.5 0.0 inf
93.5 0.0 inf
94.5 0.0 inf
95.5 0.0 inf
96.5 0.0 inf
97.5 0.0 inf
