0.5 38.4268 0.001613180226422344
1.5 20.299100000000003 0.0022195330101083925
2.5 20.6025 0.0022031295652054587
3.5 18.8763 0.0023016620894229524
4.5 16.613599999999998 0.002453398667446493
5.5 14.9438 0.0025868394576773223
6.5 13.122399999999999 0.0027605356753977245
7.5 11.6679 0.0029275454812452625
8.5 10.398299999999999 0.0031011218321614995
9.5 9.0637 0.003321599288648498
10.5 8.1574 0.003501258052973902
11.5 7.144 0.0037413580900981214
12.5 6.3809000000000005 0.0039587586993787074
13.5 5.5611 0.004240525192732336
14.5 4.913600000000001 0.004511283296156759
15.5 4.272 0.004838206248226147
16.5 3.7821 0.005142016859045189
17.5 3.3127 0.0054942566960980085
18.5 2.8261000000000003 0.0059484831740335
19.5 2.3918999999999997 0.006465892659430151
20.5 2.0575 0.006971561743757498
21.5 1.7382 0.0075849046774990655
22.5 1.4556 0.008288557918030048
23.5 1.2508 0.008941411116095819
24.5 1.05 0.009759000729485332
25.5 0.8432 0.010890171046725803
26.5 0.7222 0.01176714914274736
27.5 0.5789 0.013143112497237697
28.5 0.4976 0.014176199428093568
29.5 0.4039 0.015734866893226687
30.5 0.31679999999999997 0.017766726362967538
31.5 0.2522 0.019912576573338177
32.5 0.2016 0.0222717701593687
33.5 0.16549999999999998 0.02458108230429969
34.5 0.1217 0.028665182485640765
35.5 0.1046 0.030919620705155318
36.5 0.0804 0.035267280792929914
37.5 0.0633 0.039746431675858215
38.5 0.045899999999999996 0.04667600280093366
39.5 0.037000000000000005 0.05198752449100363
40.5 0.0307 0.05707301455353496
41.5 0.0254 0.06274558051381586
42.5 0.0169 0.07692307692307693
43.5 0.0129 0.08804509063256238
44.5 0.0097 0.10153461651336192
45.5 0.0075 0.11547005383792514
46.5 0.004 0.15811388300841897
47.5 0.0042 0.1543033499620919
48.5 0.0031999999999999997 0.1767766952966369
49.5 0.0028 0.1889822365046136
50.5 0.0014 0.2672612419124244
51.5 0.0013 0.2773500981126146
52.5 0.0007 0.3779644730092272
53.5 0.0002 0.7071067811865475
54.5 0.00030000000000000003 0.5773502691896257
55.5 0.00030000000000000003 0.5773502691896257
56.5 0.00039999999999999996 0.5000000000000001
57.5 0.0001 1.0
58.5 0.0002 0.7071067811865475
59.5 0.0 inf
60.5 0.0 inf
61.5 0.0 inf
62.5 0.0 inf
63.5 0.0 inf
64.5 0.0001 1.0
65.5 0.0 inf
66.5 0.0 inf
67.5 0.0 inf
68.5 0.0 inf
69.5 0.0 inf
70.5 0.0 inf
71.5 0.0 inf
72.5 0.0 inf
73.5 0.0 inf
74.5 0.0 inf
75.5 0.0 inf
76.5 0.0 inf
77.5 0.0 inf
78.5 0.0 inf
79.5 0.0 inf
80.5 0.0 inf
81.5 0.0 inf
82.5 0.0 inf
83.5 0.0 inf
84.5 0.0 inf
85.5 0.0 inf
86.5 0.0 inf
87.5 0.0 inf
88.5 0.0 inf
89.5 0.0 inf
90.5 0.0 inf
91.5 0.0 inf
92.5 0.0 inf
93.5 0.0 inf
94.5 0.0 inf
95.5 0.0 inf
96.5 0.0 inf
97.5 0.0 inf
