0.5 38.9549 0.0016022082110359773
1.5 20.5702 0.0022048585997311732
2.5 20.8407 0.0021905029833227956
3.5 19.1485 0.0022852442266744705
4.5 16.853900000000003 0.002435845808844768
5.5 15.1625 0.00256811574244848
6.5 13.2786 0.002744251155347646
7.5 11.795200000000001 0.002911704820084872
8.5 10.6044 0.003070838306496022
9.5 9.2137 0.0032944503463456774
10.5 8.3408 0.0034625507397246687
11.5 7.2492 0.003714111685701016
12.5 6.4389 0.003940888612142769
13.5 5.6606 0.00420309074433434
14.5 4.9565 0.004491717609739632
15.5 4.3345 0.004803198073310835
16.5 3.8338 0.005107228319246063
17.5 3.3033 0.005502068478807295
18.5 2.8458 0.005927858283579822
19.5 2.4258 0.006420554017553639
20.5 2.0806 0.006932752608672674
21.5 1.7776 0.007500375028127344
22.5 1.5039 0.008154372007169237
23.5 1.2719 0.008866934826535057
24.5 1.0682 0.009675506592551376
25.5 0.8493999999999999 0.010850353103361392
26.5 0.7172000000000001 0.01180809557152266
27.5 0.5838 0.013087839325038072
28.5 0.49860000000000004 0.014161976288736246
29.5 0.4175 0.015476464650682737
30.5 0.3238 0.01757363402156491
31.5 0.26030000000000003 0.019600308903302492
32.5 0.202 0.022249707974499235
33.5 0.16060000000000002 0.02495325642529748
34.5 0.12340000000000001 0.028467047115478598
35.5 0.1066 0.03062819459158444
36.5 0.0824 0.034836650714580884
37.5 0.0639 0.03955938860646178
38.5 0.0537 0.04315318520021031
39.5 0.0387 0.05083285677753489
40.5 0.0277 0.06008417681261097
41.5 0.022 0.06741998624632421
42.5 0.0172 0.07624928516630233
43.5 0.0146 0.0827605888602368
44.5 0.0093 0.10369516947304253
45.5 0.006999999999999999 0.11952286093343939
46.5 0.004399999999999999 0.15075567228888184
47.5 0.0048000000000000004 0.14433756729740643
48.5 0.003 0.18257418583505536
49.5 0.0031000000000000003 0.17960530202677488
50.5 0.0017000000000000001 0.24253562503633297
51.5 0.0016 0.25
52.5 0.0007999999999999999 0.3535533905932738
53.5 0.0005 0.4472135954999579
54.5 0.0004 0.5
55.5 0.0005 0.4472135954999579
56.5 0.00030000000000000003 0.5773502691896257
57.5 0.00030000000000000003 0.5773502691896257
58.5 0.0001 1.0
59.5 0.0002 0.7071067811865475
60.5 0.0002 0.7071067811865475
61.5 0.0 inf
62.5 0.0001 1.0
63.5 0.0 inf
64.5 0.0001 1.0
65.5 0.0001 1.0
66.5 0.0001 1.0
67.5 0.0 inf
68.5 0.0 inf
69.5 0.0 inf
70.5 0.0 inf
71.5 0.0 inf
72.5 0.0 inf
73.5 0.0 inf
74.5 0.0 inf
75.5 0.0 inf
76.5 0.0 inf
77.5 0.0 inf
78.5 0.0 inf
79.5 0.0 inf
80.5 0.0 inf
81.5 0.0 inf
82.5 0.0 inf
83.5 0.0 inf
84.5 0.0 inf
85.5 0.0 inf
86.5 0.0 inf
87.5 0.0 inf
88.5 0.0 inf
89.5 0.0 inf
90.5 0.0 inf
91.5 0.0 inf
92.5 0.0 inf
93.5 0.0 inf
94.5 0.0 inf
95.5 0.0 inf
96.5 0.0 inf
97.5 0.0 inf
