0.5 38.661500000000004 0.001608276255337498
1.5 20.4239 0.00221274140406683
2.5 20.6316 0.0022015753063793567
3.5 19.0093 0.0022935960799159035
4.5 16.760399999999997 0.002442630695566416
5.5 14.9708 0.0025845057084725523
6.5 13.2242 0.002749889834745199
7.5 11.768699999999999 0.002914981171359367
8.5 10.4669 0.0030909427593780532
9.5 9.1381 0.003308049860652947
10.5 8.2531 0.0034808991934163836
11.5 7.1674 0.0037352457374807686
12.5 6.3969000000000005 0.003953804753282035
13.5 5.597 0.004226903631647894
14.5 4.9559999999999995 0.00449194418380771
15.5 4.347099999999999 0.004796232025408502
16.5 3.7655000000000003 0.005153338544506423
17.5 3.2748 0.005525958374084916
18.5 2.8203 0.005954596616314891
19.5 2.432 0.006412364700532213
20.5 2.0709 0.0069489699870847205
21.5 1.7691 0.007518371973572835
22.5 1.4923 0.008186003585028311
23.5 1.2503000000000002 0.008943198790527601
24.5 1.077 0.009635896983561454
25.5 0.8371 0.010929777702058436
26.5 0.7150000000000001 0.011826247919781652
27.5 0.5780000000000001 0.013153341044116407
28.5 0.5105 0.013995941765246819
29.5 0.39959999999999996 0.015819299929208316
30.5 0.32330000000000003 0.017587218033813176
31.5 0.25730000000000003 0.019714243067193778
32.5 0.2007 0.022321651006080835
33.5 0.1597 0.02502347051056742
34.5 0.13290000000000002 0.02743073910242014
35.5 0.1023 0.03126526997403612
36.5 0.07750000000000001 0.035921060405354976
37.5 0.064 0.03952847075210474
38.5 0.0513 0.044151078568834795
39.5 0.0379 0.051366549693751415
40.5 0.030399999999999996 0.05735393346764045
41.5 0.022600000000000002 0.06651901052377392
42.5 0.0179 0.07474350927519359
43.5 0.0131 0.0873704056661038
44.5 0.009899999999999999 0.10050378152592121
45.5 0.0066 0.12309149097933272
46.5 0.0052 0.1386750490563073
47.5 0.0042 0.1543033499620919
48.5 0.004 0.15811388300841897
49.5 0.0026 0.19611613513818404
50.5 0.0015 0.2581988897471611
51.5 0.0011 0.30151134457776363
52.5 0.0013 0.2773500981126146
53.5 0.0005 0.4472135954999579
54.5 0.0003 0.5773502691896258
55.5 0.0003 0.5773502691896258
56.5 0.0003 0.5773502691896258
57.5 0.0002 0.7071067811865475
58.5 0.0 inf
59.5 0.0 inf
60.5 0.0 inf
61.5 0.0 inf
62.5 0.0 inf
63.5 0.0 inf
64.5 0.0 inf
65.5 0.0 inf
66.5 0.0 inf
67.5 0.0 inf
68.5 0.0 inf
69.5 0.0 inf
70.5 0.0 inf
71.5 0.0 inf
72.5 0.0 inf
73.5 0.0 inf
74.5 0.0 inf
75.5 0.0 inf
76.5 0.0 inf
77.5 0.0 inf
78.5 0.0 inf
79.5 0.0 inf
80.5 0.0 inf
81.5 0.0 inf
82.5 0.0 inf
83.5 0.0 inf
84.5 0.0 inf
85.5 0.0 inf
86.5 0.0 inf
87.5 0.0 inf
88.5 0.0 inf
89.5 0.0 inf
90.5 0.0 inf
91.5 0.0 inf
92.5 0.0 inf
93.5 0.0 inf
94.5 0.0 inf
95.5 0.0 inf
96.5 0.0 inf
97.5 0.0 inf
