0.5 39.0407 0.0016004466509589221
1.5 20.6405 0.0022011006053577224
2.5 20.8899 0.0021879219207435476
3.5 19.214 0.0022813457338701853
4.5 16.8604 0.002435376231490998
5.5 15.205400000000001 0.0025644903861878603
6.5 13.3417 0.0027377539519321164
7.5 11.7905 0.002912285102902635
8.5 10.5278 0.003081989728867193
9.5 9.2029 0.003296382869309982
10.5 8.2951 0.0034720757136307255
11.5 7.2515 0.003713522625896174
12.5 6.4620999999999995 0.0039338080327355526
13.5 5.6687 0.004200086774689157
14.5 4.9904 0.00447643539770542
15.5 4.344799999999999 0.004797501344380003
16.5 3.7771 0.0051454191493449574
17.5 3.3276000000000003 0.0054819420742029425
18.5 2.8028000000000004 0.005973157214336362
19.5 2.4227 0.006424660459643864
20.5 2.0838 0.006927427401850461
21.5 1.7673999999999999 0.007521986933507671
22.5 1.5129000000000001 0.008130081300813007
23.5 1.2665000000000002 0.00888581777889262
24.5 1.0491 0.009763185848995624
25.5 0.854 0.010821091383745126
26.5 0.7150000000000001 0.011826247919781652
27.5 0.5871999999999999 0.013049893774297014
28.5 0.49260000000000004 0.014247963577236367
29.5 0.3984 0.015843106263111948
30.5 0.33109999999999995 0.01737882498437427
31.5 0.2592 0.019641855032959652
32.5 0.2067 0.021995293510729184
33.5 0.1598 0.025015639663712997
34.5 0.13269999999999998 0.02745140256230141
35.5 0.0994 0.03171807398477756
36.5 0.0812 0.03509312031717982
37.5 0.0616 0.040291148201269014
38.5 0.0507 0.04441155916843276
39.5 0.04 0.05
40.5 0.0276 0.0601929265428846
41.5 0.0228 0.06622661785325219
42.5 0.0184 0.07372097807744857
43.5 0.0125 0.08944271909999159
44.5 0.0091 0.10482848367219183
45.5 0.0071 0.11867816581938533
46.5 0.0056 0.1336306209562122
47.5 0.004 0.15811388300841897
48.5 0.0037 0.1643989873053573
49.5 0.0028 0.1889822365046136
50.5 0.001 0.31622776601683794
51.5 0.0009 0.3333333333333333
52.5 0.0005 0.4472135954999579
53.5 0.00039999999999999996 0.5000000000000001
54.5 0.0004 0.5
55.5 0.0001 1.0
56.5 0.0002 0.7071067811865475
57.5 0.0001 1.0
58.5 0.0001 1.0
59.5 0.0002 0.7071067811865475
60.5 0.0001 1.0
61.5 0.0 inf
62.5 0.0 inf
63.5 0.0 inf
64.5 0.0 inf
65.5 0.0 inf
66.5 0.0 inf
67.5 0.0 inf
68.5 0.0 inf
69.5 0.0 inf
70.5 0.0 inf
71.5 0.0 inf
72.5 0.0 inf
73.5 0.0 inf
74.5 0.0 inf
75.5 0.0 inf
76.5 0.0 inf
77.5 0.0 inf
78.5 0.0 inf
79.5 0.0 inf
80.5 0.0 inf
81.5 0.0 inf
82.5 0.0 inf
83.5 0.0 inf
84.5 0.0 inf
85.5 0.0 inf
86.5 0.0 inf
87.5 0.0 inf
88.5 0.0 inf
89.5 0.0 inf
90.5 0.0 inf
91.5 0.0 inf
92.5 0.0 inf
93.5 0.0 inf
94.5 0.0 inf
95.5 0.0 inf
96.5 0.0 inf
97.5 0.0 inf
