0.5 38.5779 0.0016100179148495096
1.5 20.3945 0.002214335735113276
2.5 20.622700000000002 0.002202050314663139
3.5 18.9568 0.002296769889295709
4.5 16.7576 0.002442834754628478
5.5 14.939900000000002 0.0025871770775934217
6.5 13.1608 0.0027565054490129837
7.5 11.731 0.0029196613622777612
8.5 10.486899999999999 0.00308799392046237
9.5 9.1451 0.0033067835660304614
10.5 8.2021 0.0034917043989799615
11.5 7.128299999999999 0.003745475973352929
12.5 6.4216999999999995 0.003946162757369967
13.5 5.6391 0.0042110956104086305
14.5 4.9609000000000005 0.004489725235202836
15.5 4.3052 0.004819514976851612
16.5 3.7577 0.005158684261721435
17.5 3.2612 0.005537468683972684
18.5 2.8094 0.005966136850835865
19.5 2.4157 0.006433962130157786
20.5 2.0763 0.0069399277321328294
21.5 1.7349 0.007592114976102753
22.5 1.4842 0.008208310689257474
23.5 1.2389999999999999 0.00898388836761542
24.5 1.0697999999999999 0.009668268509179968
25.5 0.8443 0.010883074580730422
26.5 0.7198 0.011786750182111923
27.5 0.5763 0.01317272696627086
28.5 0.4972 0.01418190069493499
29.5 0.4038 0.01573681512166147
30.5 0.32599999999999996 0.01751423610260147
31.5 0.2612 0.019566512004870806
32.5 0.199 0.022416791983111015
33.5 0.1601 0.02499219116020307
34.5 0.1248 0.02830692585361489
35.5 0.1007 0.031512674583162724
36.5 0.0782 0.03575992699260758
37.5 0.0615 0.04032389192727559
38.5 0.0508 0.04436782547080569
39.5 0.0385 0.050964719143762556
40.5 0.0302 0.0575435337648436
41.5 0.0245 0.06388765649999399
42.5 0.0185 0.07352146220938077
43.5 0.0139 0.08481889296799709
44.5 0.0092 0.10425720702853739
45.5 0.0062 0.1270001270001905
46.5 0.006 0.12909944487358055
47.5 0.0040999999999999995 0.15617376188860607
48.5 0.0029 0.18569533817705186
49.5 0.0021 0.2182178902359924
50.5 0.0019000000000000002 0.22941573387056174
51.5 0.0021999999999999997 0.21320071635561047
52.5 0.0006 0.4082482904638631
53.5 0.0006000000000000001 0.40824829046386296
54.5 0.00039999999999999996 0.5000000000000001
55.5 0.00039999999999999996 0.5000000000000001
56.5 0.0002 0.7071067811865475
57.5 0.0003 0.5773502691896258
58.5 0.0 inf
59.5 0.0001 1.0
60.5 0.0001 1.0
61.5 0.0001 1.0
62.5 0.0 inf
63.5 0.0 inf
64.5 0.0 inf
65.5 0.0 inf
66.5 0.0 inf
67.5 0.0 inf
68.5 0.0 inf
69.5 0.0 inf
70.5 0.0 inf
71.5 0.0 inf
72.5 0.0 inf
73.5 0.0 inf
74.5 0.0 inf
75.5 0.0 inf
76.5 0.0 inf
77.5 0.0 inf
78.5 0.0 inf
79.5 0.0 inf
80.5 0.0 inf
81.5 0.0 inf
82.5 0.0 inf
83.5 0.0 inf
84.5 0.0 inf
85.5 0.0 inf
86.5 0.0 inf
87.5 0.0 inf
88.5 0.0 inf
89.5 0.0 inf
90.5 0.0 inf
91.5 0.0 inf
92.5 0.0 inf
93.5 0.0 inf
94.5 0.0 inf
95.5 0.0 inf
96.5 0.0 inf
97.5 0.0 inf
