0.5 38.56 0.001610391566002077
1.5 20.3597 0.002216227363754571
2.5 20.6003 0.0022032472031924084
3.5 18.915799999999997 0.0022992576665410015
4.5 16.6841 0.00244820966378219
5.5 14.9933 0.0025825657349064484
6.5 13.1192 0.002760872326091098
7.5 11.6556 0.0029290897738824453
8.5 10.531400000000001 0.0030814629180270156
9.5 9.1141 0.0033124025119942563
10.5 8.1829 0.003495798390423695
11.5 7.167 0.003735349970594251
12.5 6.4031 0.00395189009269922
13.5 5.5624 0.004240029632822647
14.5 4.9466 0.004496210167990621
15.5 4.2808 0.004833230762524419
16.5 3.7813 0.0051425607719763995
17.5 3.2831 0.0055189688703687146
18.5 2.8137 0.005961576272691313
19.5 2.3976 0.006458202152434404
20.5 2.0695 0.00695132005067871
21.5 1.7635 0.007530299819208233
22.5 1.4778 0.0082260656067214
23.5 1.2450999999999999 0.008961854392360294
24.5 1.0389 0.00981099663743355
25.5 0.87 0.010721125348377948
26.5 0.7202 0.011783476539448556
27.5 0.5734 0.013205995826747507
28.5 0.492 0.014256648712805027
29.5 0.4042 0.015729026546513935
30.5 0.3124 0.01789140667411283
31.5 0.2521 0.019916525522623074
32.5 0.2039 0.022145800696175846
33.5 0.16310000000000002 0.02476127591208911
34.5 0.1257 0.028205406366325913
35.5 0.09920000000000001 0.031750031750047626
36.5 0.0802 0.03531122757732244
37.5 0.0665 0.038778336716474064
38.5 0.0439 0.047727395990334764
39.5 0.0373 0.05177803730784977
40.5 0.0319 0.05598925109558543
41.5 0.0251 0.06311944030978031
42.5 0.0186 0.07332355751067665
43.5 0.0123 0.09016696346674323
44.5 0.0106 0.09712858623572641
45.5 0.0062 0.1270001270001905
46.5 0.006200000000000001 0.1270001270001905
47.5 0.0031000000000000003 0.17960530202677488
48.5 0.003 0.18257418583505536
49.5 0.0023 0.20851441405707477
50.5 0.0014 0.2672612419124244
51.5 0.0024000000000000002 0.20412414523193148
52.5 0.0005 0.4472135954999579
53.5 0.0006000000000000001 0.40824829046386296
54.5 0.0007 0.3779644730092272
55.5 0.00030000000000000003 0.5773502691896257
56.5 0.0006000000000000001 0.40824829046386296
57.5 0.0002 0.7071067811865475
58.5 0.0 inf
59.5 0.0 inf
60.5 0.0 inf
61.5 0.0 inf
62.5 0.0 inf
63.5 0.0 inf
64.5 0.0 inf
65.5 0.0 inf
66.5 0.0 inf
67.5 0.0 inf
68.5 0.0 inf
69.5 0.0 inf
70.5 0.0 inf
71.5 0.0 inf
72.5 0.0 inf
73.5 0.0 inf
74.5 0.0 inf
75.5 0.0 inf
76.5 0.0 inf
77.5 0.0 inf
78.5 0.0 inf
79.5 0.0 inf
80.5 0.0 inf
81.5 0.0 inf
82.5 0.0 inf
83.5 0.0 inf
84.5 0.0 inf
85.5 0.0 inf
86.5 0.0 inf
87.5 0.0 inf
88.5 0.0 inf
89.5 0.0 inf
90.5 0.0 inf
91.5 0.0 inf
92.5 0.0 inf
93.5 0.0 inf
94.5 0.0 inf
95.5 0.0 inf
96.5 0.0 inf
97.5 0.0 inf
