0.5 38.5056 0.0016115287302228742
1.5 20.354499999999998 0.0022165104374323075
2.5 20.556800000000003 0.0022055771038768292
3.5 18.927300000000002 0.0022985590597464594
4.5 16.7089 0.0024463921250599844
5.5 14.9548 0.00258588790805713
6.5 13.123999999999999 0.0027603673962256704
7.5 11.674900000000001 0.0029266677053737377
8.5 10.4488 0.0030936187535915457
9.5 9.0959 0.0033157147515417906
10.5 8.1817 0.003496054743275941
11.5 7.1528 0.003739055908860858
12.5 6.398 0.003953464852361267
13.5 5.603899999999999 0.004224300567853522
14.5 4.9263 0.004505464499995197
15.5 4.2958 0.004824785087750216
16.5 3.7638 0.005154502220380916
17.5 3.2937000000000003 0.005510080961040864
18.5 2.7974 0.005978919618348612
19.5 2.4159 0.006433695807243163
20.5 2.04 0.00700140042014005
21.5 1.7429999999999999 0.007574453546558526
22.5 1.4996 0.008166054689165982
23.5 1.2412 0.008975922963071516
24.5 1.0429 0.009792163725092829
25.5 0.8415999999999999 0.010900518004923684
26.5 0.7091000000000001 0.011875345596140842
27.5 0.5817000000000001 0.013111442300614298
28.5 0.48260000000000003 0.014394823400711484
29.5 0.4037 0.015738764073941116
30.5 0.3174 0.01774992567234187
31.5 0.2584 0.019672236884115842
32.5 0.2096 0.02184260141652595
33.5 0.1619 0.024852871573478333
34.5 0.1275 0.0280056016805602
35.5 0.1022 0.031280562354492725
36.5 0.0817 0.03498557142706598
37.5 0.06570000000000001 0.039013715732043514
38.5 0.0506 0.044455422447438706
39.5 0.0366 0.05227083734893167
40.5 0.0304 0.057353933467640436
41.5 0.022600000000000002 0.06651901052377392
42.5 0.0158 0.079555728417573
43.5 0.0123 0.09016696346674323
44.5 0.01 0.1
45.5 0.0084 0.1091089451179962
46.5 0.0057 0.13245323570650439
47.5 0.0045 0.14907119849998599
48.5 0.0027 0.19245008972987526
49.5 0.0026 0.19611613513818404
50.5 0.0017000000000000001 0.24253562503633297
51.5 0.0009 0.3333333333333333
52.5 0.0008 0.35355339059327373
53.5 0.001 0.31622776601683794
54.5 0.0001 1.0
55.5 0.0007 0.3779644730092272
56.5 0.0002 0.7071067811865475
57.5 0.0001 1.0
58.5 0.0 inf
59.5 0.0 inf
60.5 0.0 inf
61.5 0.0 inf
62.5 0.0001 1.0
63.5 0.0 inf
64.5 0.0 inf
65.5 0.0 inf
66.5 0.0 inf
67.5 0.0001 1.0
68.5 0.0 inf
69.5 0.0 inf
70.5 0.0 inf
71.5 0.0 inf
72.5 0.0 inf
73.5 0.0 inf
74.5 0.0 inf
75.5 0.0 inf
76.5 0.0 inf
77.5 0.0 inf
78.5 0.0 inf
79.5 0.0 inf
80.5 0.0 inf
81.5 0.0 inf
82.5 0.0 inf
83.5 0.0 inf
84.5 0.0 inf
85.5 0.0 inf
86.5 0.0 inf
87.5 0.0 inf
88.5 0.0 inf
89.5 0.0 inf
90.5 0.0 inf
91.5 0.0 inf
92.5 0.0 inf
93.5 0.0 inf
94.5 0.0 inf
95.5 0.0 inf
96.5 0.0 inf
97.5 0.0 inf
