0.5 38.4735 0.0016122008719128072
1.5 20.3092 0.002218981041759346
2.5 20.5967 0.002203439742370435
3.5 18.860599999999998 0.0023026198685445567
4.5 16.6751 0.002448870256963212
5.5 14.9709 0.0025844970766934856
6.5 13.130099999999999 0.0027597261140855983
7.5 11.6613 0.002928373822298036
8.5 10.4009 0.0031007342012490157
9.5 9.066 0.0033211779251495653
10.5 8.2159 0.0034887707111515283
11.5 7.1617 0.0037367318836492407
12.5 6.366099999999999 0.00396335771728412
13.5 5.6276 0.004215396101232197
14.5 4.9443 0.004497255824708555
15.5 4.2907 0.0048276516475645615
16.5 3.7594000000000003 0.005157517751787603
17.5 3.2962 0.005507991006647754
18.5 2.7937 0.005982877574248006
19.5 2.3753 0.006488447061514115
20.5 2.055 0.0069758010641515576
21.5 1.7592 0.007539497331327536
22.5 1.48 0.008219949365267864
23.5 1.2471 0.008954665353506877
24.5 1.0473 0.009771572266446595
25.5 0.8469 0.010866356110646807
26.5 0.7217 0.011771224628320583
27.5 0.5707 0.013237197960578956
28.5 0.48919999999999997 0.014297390392514892
29.5 0.39449999999999996 0.01592122559943443
30.5 0.33089999999999997 0.017384076178023157
31.5 0.2536 0.01985753676973844
32.5 0.2004 0.022338352580438516
33.5 0.1608 0.024937733402690822
34.5 0.1248 0.02830692585361489
35.5 0.1022 0.031280562354492725
36.5 0.0761 0.03624997167972069
37.5 0.0674 0.03851856078856727
38.5 0.048600000000000004 0.04536092116265144
39.5 0.038 0.051298917604257706
40.5 0.028999999999999998 0.058722021951470346
41.5 0.022 0.06741998624632421
42.5 0.0183 0.07392212709545729
43.5 0.012799999999999999 0.08838834764831845
44.5 0.0088 0.10660035817780521
45.5 0.0071 0.11867816581938533
46.5 0.006 0.12909944487358055
47.5 0.0043 0.15249857033260467
48.5 0.0035 0.1690308509457033
49.5 0.003 0.18257418583505536
50.5 0.0016 0.25
51.5 0.0009 0.3333333333333333
52.5 0.001 0.31622776601683794
53.5 0.0005 0.4472135954999579
54.5 0.0001 1.0
55.5 0.00039999999999999996 0.5000000000000001
56.5 0.0002 0.7071067811865475
57.5 0.0001 1.0
58.5 0.0001 1.0
59.5 0.0 inf
60.5 0.0 inf
61.5 0.0 inf
62.5 0.0 inf
63.5 0.0001 1.0
64.5 0.0 inf
65.5 0.0 inf
66.5 0.0 inf
67.5 0.0 inf
68.5 0.0 inf
69.5 0.0 inf
70.5 0.0 inf
71.5 0.0 inf
72.5 0.0 inf
73.5 0.0 inf
74.5 0.0 inf
75.5 0.0 inf
76.5 0.0 inf
77.5 0.0 inf
78.5 0.0 inf
79.5 0.0 inf
80.5 0.0 inf
81.5 0.0 inf
82.5 0.0 inf
83.5 0.0 inf
84.5 0.0 inf
85.5 0.0 inf
86.5 0.0 inf
87.5 0.0 inf
88.5 0.0 inf
89.5 0.0 inf
90.5 0.0 inf
91.5 0.0 inf
92.5 0.0 inf
93.5 0.0 inf
94.5 0.0 inf
95.5 0.0 inf
96.5 0.0 inf
97.5 0.0 inf
