0.5 75.585 0.001150223380693714
1.5 26.5685 0.001940065899337623
2.5 24.6981 0.0020121864847400697
3.5 21.5534 0.0021539821776547096
4.5 18.3978 0.0023314014020249314
5.5 16.2153 0.002483347559851417
6.5 14.020299999999999 0.002670676879765274
7.5 12.343 0.002846358740830763
8.5 10.982800000000001 0.0030174734843322866
9.5 9.5267 0.0032398787349043135
10.5 8.4973 0.0034305165928772787
11.5 7.4185 0.0036714866169669062
12.5 6.674099999999999 0.003870825961936964
13.5 5.7295 0.004177742210385621
14.5 5.0405 0.004454133098211333
15.5 4.3964 0.004769264408184754
16.5 3.9041 0.005061037245421036
17.5 3.3677 0.005449206946072339
18.5 2.8581000000000003 0.005915089088640982
19.5 2.4961 0.006329494252789389
20.5 2.1233000000000004 0.00686268903054741
21.5 1.7691 0.007518371973572835
22.5 1.4839 0.008209140384236523
23.5 1.2564000000000002 0.008921462126203154
24.5 1.086 0.009595886165829117
25.5 0.8672 0.010738419489688943
26.5 0.7228 0.011762264143238674
27.5 0.5934999999999999 0.01298044670379876
28.5 0.5024 0.014108316199577508
29.5 0.3973 0.015865023417386784
30.5 0.3311 0.017378824984374267
31.5 0.255 0.019802950859533486
32.5 0.2109 0.02177517781546711
33.5 0.1572 0.025221663615265913
34.5 0.1288 0.02786391062876764
35.5 0.1059 0.030729254193150105
36.5 0.07819999999999999 0.035759926992607584
37.5 0.0679 0.038376477822666816
38.5 0.0498 0.04481107149482209
39.5 0.038599999999999995 0.050898659855928764
40.5 0.028900000000000002 0.058823529411764705
41.5 0.0207 0.06950480468569159
42.5 0.0191 0.07235746052924216
43.5 0.012299999999999998 0.09016696346674324
44.5 0.009600000000000001 0.10206207261596574
45.5 0.0068 0.12126781251816648
46.5 0.0053 0.13736056394868904
47.5 0.0034000000000000002 0.17149858514250882
48.5 0.0031 0.1796053020267749
49.5 0.0023 0.20851441405707477
50.5 0.0017000000000000001 0.24253562503633297
51.5 0.0013 0.2773500981126146
52.5 0.0007999999999999999 0.3535533905932738
53.5 0.0007 0.3779644730092272
54.5 0.0006000000000000001 0.40824829046386296
55.5 0.0001 1.0
56.5 0.0001 1.0
57.5 0.0 inf
58.5 0.0002 0.7071067811865475
59.5 0.0 inf
60.5 0.0 inf
61.5 0.0001 1.0
62.5 0.0 inf
63.5 0.0 inf
64.5 0.0 inf
65.5 0.0 inf
66.5 0.0002 0.7071067811865475
67.5 0.0 inf
68.5 0.0 inf
69.5 0.0 inf
70.5 0.0 inf
71.5 0.0 inf
72.5 0.0 inf
73.5 0.0 inf
74.5 0.0 inf
75.5 0.0 inf
76.5 0.0 inf
77.5 0.0 inf
78.5 0.0 inf
79.5 0.0 inf
80.5 0.0 inf
81.5 0.0 inf
82.5 0.0 inf
83.5 0.0 inf
84.5 0.0 inf
85.5 0.0 inf
86.5 0.0 inf
87.5 0.0 inf
88.5 0.0 inf
89.5 0.0 inf
90.5 0.0 inf
91.5 0.0 inf
92.5 0.0 inf
93.5 0.0 inf
94.5 0.0 inf
95.5 0.0 inf
96.5 0.0 inf
97.5 0.0 inf
