0.5 38.8725 0.0016039054528810186
1.5 20.5601 0.0022054000936356003
2.5 20.7609 0.002194708833877965
3.5 19.1267 0.002286546179883673
4.5 16.8199 0.002438306493717339
5.5 15.0647 0.002576438357638789
6.5 13.317 0.002740291730544652
7.5 11.794 0.002911852944424018
8.5 10.5603 0.0030772435639476814
9.5 9.250900000000001 0.003287819802007215
10.5 8.2364 0.0034844263157011624
11.5 7.2558 0.0037124220915794345
12.5 6.4259 0.003944872930835207
13.5 5.657 0.004204427912458768
14.5 5.0159 0.004465042173024807
15.5 4.3384 0.004801038673040782
16.5 3.8114 0.005122214192999674
17.5 3.3179999999999996 0.005489866822936095
18.5 2.8415 0.005932341858202046
19.5 2.4165 0.006432897036887208
20.5 2.0682 0.006953504388863872
21.5 1.7785 0.007498477026515278
22.5 1.4851999999999999 0.008205546855147926
23.5 1.2593 0.008911183736454362
24.5 1.0546 0.00973769385354845
25.5 0.8716999999999999 0.010710666011526189
26.5 0.7209 0.011777754222292887
27.5 0.5766 0.013169299692382678
28.5 0.4917 0.01426099724080391
29.5 0.3966 0.015879018148092575
30.5 0.3281 0.01745809630188319
31.5 0.2615 0.019555285163358464
32.5 0.2027 0.02221125640747988
33.5 0.1653 0.02459594839716409
34.5 0.126 0.02817180849095055
35.5 0.1041 0.030993786368687184
36.5 0.07980000000000001 0.03539961627023943
37.5 0.0678 0.03840476863212843
38.5 0.055099999999999996 0.042601432284230495
39.5 0.0377 0.051502620262460476
40.5 0.0284 0.05933908290969266
41.5 0.024399999999999998 0.06401843996644799
42.5 0.0158 0.079555728417573
43.5 0.014499999999999999 0.08304547985373997
44.5 0.0085 0.10846522890932808
45.5 0.006200000000000001 0.1270001270001905
46.5 0.0063999999999999994 0.12500000000000003
47.5 0.0036 0.16666666666666666
48.5 0.0036 0.16666666666666666
49.5 0.0017000000000000001 0.24253562503633297
50.5 0.0021 0.2182178902359924
51.5 0.0013 0.2773500981126146
52.5 0.0007 0.3779644730092272
53.5 0.0006 0.4082482904638631
54.5 0.0002 0.7071067811865475
55.5 0.0001 1.0
56.5 0.00039999999999999996 0.5000000000000001
57.5 0.0001 1.0
58.5 0.0002 0.7071067811865475
59.5 0.0 inf
60.5 0.0 inf
61.5 0.0 inf
62.5 0.0001 1.0
63.5 0.0001 1.0
64.5 0.0 inf
65.5 0.0 inf
66.5 0.0001 1.0
67.5 0.0 inf
68.5 0.0 inf
69.5 0.0 inf
70.5 0.0 inf
71.5 0.0 inf
72.5 0.0 inf
73.5 0.0 inf
74.5 0.0 inf
75.5 0.0 inf
76.5 0.0 inf
77.5 0.0 inf
78.5 0.0 inf
79.5 0.0 inf
80.5 0.0 inf
81.5 0.0 inf
82.5 0.0 inf
83.5 0.0 inf
84.5 0.0 inf
85.5 0.0 inf
86.5 0.0 inf
87.5 0.0 inf
88.5 0.0 inf
89.5 0.0 inf
90.5 0.0 inf
91.5 0.0 inf
92.5 0.0 inf
93.5 0.0 inf
94.5 0.0 inf
95.5 0.0 inf
96.5 0.0 inf
97.5 0.0 inf
