0.5 38.4451 0.0016127962410506338
1.5 20.2859 0.0022202550158185327
2.5 20.5664 0.0022050622833048187
3.5 18.935000000000002 0.0022980916527102803
4.5 16.5972 0.0024546104924421147
5.5 14.899899999999999 0.0025906474942167528
6.5 13.148499999999999 0.002757794458841691
7.5 11.5928 0.002937012725763017
8.5 10.4491 0.0030935743434371958
9.5 9.0789 0.0033188175937887477
10.5 8.1578 0.0035011722136306187
11.5 7.151199999999999 0.0037394741711708926
12.5 6.4171 0.003947576877205324
13.5 5.6182 0.004218921088135229
14.5 4.911 0.004512477328383752
15.5 4.2602 0.004844902102353622
16.5 3.7771999999999997 0.005145351037341284
17.5 3.2705 0.0055295899007308386
18.5 2.7767 0.006001164338833558
19.5 2.3752 0.006488583647459915
20.5 2.0709 0.0069489699870847205
21.5 1.7687 0.007519222083477583
22.5 1.4891999999999999 0.00819451937152662
23.5 1.2266 0.009029184343036643
24.5 1.0238 0.009883082879969496
25.5 0.8580000000000001 0.01079583792718826
26.5 0.7072 0.011891287353862351
27.5 0.5694 0.013252300302011579
28.5 0.4841 0.014372504678206121
29.5 0.4135 0.015551140426382372
30.5 0.3256 0.01752499093081954
31.5 0.2621 0.0195328893341018
32.5 0.20600000000000002 0.022032632461961587
33.5 0.16570000000000001 0.024566243134638045
34.5 0.1296 0.027777777777777776
35.5 0.1003 0.03157544889753363
36.5 0.0798 0.03539961627023943
37.5 0.0659 0.03895446935658099
38.5 0.049699999999999994 0.044856130401625664
39.5 0.0397 0.05018856132284956
40.5 0.0303 0.0574484989621426
41.5 0.0228 0.06622661785325219
42.5 0.016100000000000003 0.07881104062391005
43.5 0.0142 0.08391813582966891
44.5 0.009399999999999999 0.10314212462587935
45.5 0.0057 0.13245323570650439
46.5 0.0049 0.14285714285714285
47.5 0.0051 0.14002800840280097
48.5 0.0021 0.2182178902359924
49.5 0.0026 0.19611613513818404
50.5 0.0017000000000000001 0.24253562503633297
51.5 0.0014 0.2672612419124244
52.5 0.0007 0.3779644730092272
53.5 0.0013 0.2773500981126146
54.5 0.0005 0.4472135954999579
55.5 0.00030000000000000003 0.5773502691896257
56.5 0.00039999999999999996 0.5000000000000001
57.5 0.0001 1.0
58.5 0.0 inf
59.5 0.0004 0.5
60.5 0.0 inf
61.5 0.0002 0.7071067811865475
62.5 0.0 inf
63.5 0.0 inf
64.5 0.0 inf
65.5 0.0 inf
66.5 0.0 inf
67.5 0.0 inf
68.5 0.0 inf
69.5 0.0 inf
70.5 0.0 inf
71.5 0.0 inf
72.5 0.0 inf
73.5 0.0 inf
74.5 0.0 inf
75.5 0.0 inf
76.5 0.0 inf
77.5 0.0 inf
78.5 0.0 inf
79.5 0.0 inf
80.5 0.0 inf
81.5 0.0 inf
82.5 0.0 inf
83.5 0.0 inf
84.5 0.0 inf
85.5 0.0 inf
86.5 0.0 inf
87.5 0.0 inf
88.5 0.0 inf
89.5 0.0 inf
90.5 0.0 inf
91.5 0.0 inf
92.5 0.0 inf
93.5 0.0 inf
94.5 0.0 inf
95.5 0.0 inf
96.5 0.0 inf
97.5 0.0 inf
