0.5 38.4859 0.0016119411287166072
1.5 20.3279 0.0022179601666847183
2.5 20.539900000000003 0.0022064842793985827
3.5 18.869999999999997 0.0023020462775806545
4.5 16.7299 0.002444856241209196
5.5 14.9562 0.002585766877053434
6.5 13.0943 0.0027634961040097035
7.5 11.6399 0.0029310644993130316
8.5 10.3946 0.003101673711497552
9.5 9.1052 0.003314020992745724
10.5 8.1637 0.003499906816221511
11.5 7.186400000000001 0.0037303046932862494
12.5 6.3962 0.003954021099519503
13.5 5.585 0.004231442183740904
14.5 4.9199 0.004508393990582073
15.5 4.2941 0.004825740040245486
16.5 3.7647 0.0051538860584971315
17.5 3.3068999999999997 0.005499072797017814
18.5 2.7771 0.006000732133983243
19.5 2.3947 0.006462111435329331
20.5 2.0418000000000003 0.006998313609605645
21.5 1.7661 0.0075247548357238745
22.5 1.4868 0.008201130521752049
23.5 1.2421 0.008972670489621293
24.5 1.033 0.009838974596144752
25.5 0.8487 0.01085482681709727
26.5 0.7081 0.01188372799684306
27.5 0.5947 0.012967343961525527
28.5 0.5005 0.01413506985480439
29.5 0.39339999999999997 0.015943469019386602
30.5 0.32389999999999997 0.01757092099429725
31.5 0.2503 0.019988010789211325
32.5 0.2062 0.022021944790965527
33.5 0.1641 0.024685714930565622
34.5 0.13269999999999998 0.02745140256230141
35.5 0.1022 0.031280562354492725
36.5 0.0842 0.03446227583977888
37.5 0.0597 0.0409272754535029
38.5 0.0489 0.045221563164613454
39.5 0.0358 0.05285164225816899
40.5 0.026500000000000003 0.06142951168339512
41.5 0.023899999999999998 0.0646846227353151
42.5 0.016800000000000002 0.07715167498104596
43.5 0.015200000000000002 0.08111071056538126
44.5 0.0089 0.105999788000636
45.5 0.0066 0.12309149097933272
46.5 0.0060999999999999995 0.12803687993289598
47.5 0.0041 0.15617376188860607
48.5 0.0025 0.2
49.5 0.002 0.22360679774997896
50.5 0.0014 0.2672612419124244
51.5 0.0015 0.2581988897471611
52.5 0.0006 0.4082482904638631
53.5 0.0004 0.5
54.5 0.00030000000000000003 0.5773502691896257
55.5 0.0007 0.3779644730092272
56.5 0.0002 0.7071067811865475
57.5 0.0001 1.0
58.5 0.0001 1.0
59.5 0.0002 0.7071067811865475
60.5 0.0001 1.0
61.5 0.0 inf
62.5 0.0 inf
63.5 0.0 inf
64.5 0.0 inf
65.5 0.0001 1.0
66.5 0.0 inf
67.5 0.0 inf
68.5 0.0 inf
69.5 0.0 inf
70.5 0.0 inf
71.5 0.0 inf
72.5 0.0 inf
73.5 0.0 inf
74.5 0.0 inf
75.5 0.0 inf
76.5 0.0 inf
77.5 0.0 inf
78.5 0.0 inf
79.5 0.0 inf
80.5 0.0 inf
81.5 0.0 inf
82.5 0.0 inf
83.5 0.0 inf
84.5 0.0 inf
85.5 0.0 inf
86.5 0.0 inf
87.5 0.0 inf
88.5 0.0 inf
89.5 0.0 inf
90.5 0.0 inf
91.5 0.0 inf
92.5 0.0 inf
93.5 0.0 inf
94.5 0.0 inf
95.5 0.0 inf
96.5 0.0 inf
97.5 0.0 inf
