0.5 38.4384 0.0016129367940390911
1.5 20.3644 0.0022159716019917773
2.5 20.613599999999998 0.0022025363153327067
3.5 18.859499999999997 0.0023026870189176638
4.5 16.5833 0.002455638995190304
5.5 14.9362 0.002587497505896184
6.5 13.1288 0.002759862743295485
7.5 11.6127 0.002934495153888102
8.5 10.4182 0.0030981586608791758
9.5 9.119 0.003311512449857288
10.5 8.2157 0.0034888131755730517
11.5 7.1579 0.003737723633819162
12.5 6.381600000000001 0.0039585415745914026
13.5 5.5466 0.004246064395332824
14.5 4.9323999999999995 0.004502677638020435
15.5 4.2802 0.0048335695126804894
16.5 3.7494 0.005164390962747616
17.5 3.2906 0.005512675811510051
18.5 2.7559 0.006023768493002366
19.5 2.3852 0.006474967600961924
20.5 2.0648999999999997 0.006959058508638235
21.5 1.7479 0.00756382911996327
22.5 1.4918 0.008187375303385884
23.5 1.2478 0.00895215327420789
24.5 1.0516 0.009751573787215116
25.5 0.8758 0.010685565962365235
26.5 0.7077 0.011887085930788813
27.5 0.5846 0.013078881186189037
28.5 0.4843 0.014369536685468597
29.5 0.3953 0.015905106915879735
30.5 0.3208 0.01765561378866122
31.5 0.2553 0.01979131233319198
32.5 0.2015 0.022277295967705647
33.5 0.1631 0.024761275912089115
34.5 0.12739999999999999 0.028016590734026292
35.5 0.1061 0.03070027799227584
36.5 0.0796 0.03544406025041679
37.5 0.065 0.03922322702763681
38.5 0.0494 0.04499212706658475
39.5 0.0388 0.05076730825668096
40.5 0.0267 0.06119900613621046
41.5 0.0232 0.06565321642986129
42.5 0.0189 0.07273929674533079
43.5 0.01 0.1
44.5 0.009999999999999998 0.1
45.5 0.0076 0.11470786693528087
46.5 0.0065 0.12403473458920847
47.5 0.0037 0.1643989873053573
48.5 0.0023 0.20851441405707477
49.5 0.0017000000000000001 0.24253562503633297
50.5 0.0015999999999999999 0.25000000000000006
51.5 0.0013 0.2773500981126146
52.5 0.0007 0.3779644730092272
53.5 0.0009 0.3333333333333333
54.5 0.0007 0.3779644730092272
55.5 0.00030000000000000003 0.5773502691896257
56.5 0.0002 0.7071067811865475
57.5 0.0004 0.5
58.5 0.0001 1.0
59.5 0.0001 1.0
60.5 0.0 inf
61.5 0.0 inf
62.5 0.0 inf
63.5 0.0 inf
64.5 0.0 inf
65.5 0.0 inf
66.5 0.0 inf
67.5 0.0 inf
68.5 0.0 inf
69.5 0.0 inf
70.5 0.0 inf
71.5 0.0 inf
72.5 0.0 inf
73.5 0.0 inf
74.5 0.0 inf
75.5 0.0 inf
76.5 0.0 inf
77.5 0.0 inf
78.5 0.0 inf
79.5 0.0 inf
80.5 0.0 inf
81.5 0.0 inf
82.5 0.0 inf
83.5 0.0 inf
84.5 0.0 inf
85.5 0.0 inf
86.5 0.0 inf
87.5 0.0 inf
88.5 0.0 inf
89.5 0.0 inf
90.5 0.0 inf
91.5 0.0 inf
92.5 0.0 inf
93.5 0.0 inf
94.5 0.0 inf
95.5 0.0 inf
96.5 0.0 inf
97.5 0.0 inf
