0.5 42.8592 0.001527488572366116
1.5 22.693 0.002099201091128065
2.5 23.025100000000002 0.0020840073075260833
3.5 21.0413 0.0021800362529963008
4.5 18.488 0.0023257071806422384
5.5 16.494300000000003 0.002462255154941007
6.5 14.4163 0.0026337411807122583
7.5 12.8096 0.0027940374042302696
8.5 11.4219 0.002958903647624762
9.5 9.9556 0.0031693213808617502
10.5 8.9275 0.0033468409226163343
11.5 7.803100000000001 0.0035798630578218705
12.5 6.950200000000001 0.003793161631581846
13.5 6.0275 0.004073159252489728
14.5 5.32 0.0043355498476206
15.5 4.6048 0.004660093322099256
16.5 4.0328 0.004979625219623574
17.5 3.5374 0.00531689292447464
18.5 3.0217 0.00575273445716493
19.5 2.5811 0.006224401297797267
20.5 2.1829 0.006768354223994291
21.5 1.8862 0.007281253135774731
22.5 1.5594000000000001 0.008007947828325783
23.5 1.3498999999999999 0.008606948440010328
24.5 1.0962 0.009551137584354214
25.5 0.9205000000000001 0.010422888780839561
26.5 0.7726 0.011376866136860333
27.5 0.5957 0.012956455267052188
28.5 0.5191 0.013879521231396687
29.5 0.42479999999999996 0.015342910298305389
30.5 0.3308 0.017386703560518024
31.5 0.2717 0.019184707441917036
32.5 0.2102 0.02181140511198411
33.5 0.174 0.023973165074269207
34.5 0.1379 0.026928853702142336
35.5 0.1091 0.03027524209883363
36.5 0.0812 0.03509312031717982
37.5 0.06420000000000001 0.03946685189819291
38.5 0.0525 0.04364357804719848
39.5 0.039 0.05063696835418333
40.5 0.028900000000000002 0.058823529411764705
41.5 0.023 0.0659380473395787
42.5 0.0206 0.06967330142916177
43.5 0.013600000000000001 0.08574929257125441
44.5 0.010499999999999999 0.09759000729485333
45.5 0.008400000000000001 0.10910894511799617
46.5 0.006200000000000001 0.1270001270001905
47.5 0.0047 0.14586499149789456
48.5 0.0028 0.1889822365046136
49.5 0.0023 0.20851441405707477
50.5 0.0011 0.30151134457776363
51.5 0.0010999999999999998 0.3015113445777637
52.5 0.0009 0.3333333333333333
53.5 0.0009 0.3333333333333333
54.5 0.0003 0.5773502691896258
55.5 0.0001 1.0
56.5 0.0001 1.0
57.5 0.00030000000000000003 0.5773502691896257
58.5 0.0 inf
59.5 0.0001 1.0
60.5 0.0 inf
61.5 0.0 inf
62.5 0.0 inf
63.5 0.0001 1.0
64.5 0.0001 1.0
65.5 0.0 inf
66.5 0.0001 1.0
67.5 0.0 inf
68.5 0.0 inf
69.5 0.0 inf
70.5 0.0 inf
71.5 0.0 inf
72.5 0.0 inf
73.5 0.0 inf
74.5 0.0 inf
75.5 0.0 inf
76.5 0.0 inf
77.5 0.0 inf
78.5 0.0 inf
79.5 0.0 inf
80.5 0.0 inf
81.5 0.0 inf
82.5 0.0 inf
83.5 0.0 inf
84.5 0.0 inf
85.5 0.0 inf
86.5 0.0 inf
87.5 0.0 inf
88.5 0.0 inf
89.5 0.0 inf
90.5 0.0 inf
91.5 0.0 inf
92.5 0.0 inf
93.5 0.0 inf
94.5 0.0 inf
95.5 0.0 inf
96.5 0.0 inf
97.5 0.0 inf
