0.5 38.4804 0.0016120563218985648
1.5 20.2675 0.0022212626246600952
2.5 20.5473 0.0022060869168730613
3.5 18.895899999999997 0.00230046806634348
4.5 16.6978 0.0024472051196226803
5.5 14.9182 0.0025890580465269056
6.5 13.1221 0.0027605672311688772
7.5 11.649899999999999 0.0029298062508479766
8.5 10.4021 0.003100555343693372
9.5 9.0739 0.0033197318535135856
10.5 8.2036 0.0034913851613259032
11.5 7.1513 0.0037394480256641737
12.5 6.3499 0.003968410198110142
13.5 5.5895 0.004229738514015924
14.5 4.9796 0.004481287124466698
15.5 4.3002 0.004822316076122633
16.5 3.7548000000000004 0.005160676018521938
17.5 3.2728 0.005527646565971697
18.5 2.7887000000000004 0.0059882386728113265
19.5 2.4145000000000003 0.006435560762482478
20.5 2.0574 0.006971731168201762
21.5 1.745 0.007570111641044646
22.5 1.4556 0.008288557918030048
23.5 1.2498 0.008944987537628419
24.5 1.0350000000000001 0.00982946374365981
25.5 0.8699 0.010721741558129204
26.5 0.7152000000000001 0.011824594246010052
27.5 0.5846 0.013078881186189037
28.5 0.4939 0.014229200105943795
29.5 0.40059999999999996 0.01579954308382093
30.5 0.31779999999999997 0.017738751654443555
31.5 0.261 0.01957400731715678
32.5 0.2023 0.022233204294660427
33.5 0.1639 0.024700771787671945
34.5 0.1194 0.028939954008661634
35.5 0.0973 0.03205852818187507
36.5 0.077 0.036037498507822355
37.5 0.062299999999999994 0.0400641540107502
38.5 0.0509 0.04432422071779363
39.5 0.038599999999999995 0.050898659855928764
40.5 0.0276 0.0601929265428846
41.5 0.0216 0.06804138174397717
42.5 0.0173 0.07602859212697055
43.5 0.0123 0.09016696346674323
44.5 0.0108 0.09622504486493763
45.5 0.0068000000000000005 0.12126781251816648
46.5 0.0063 0.1259881576697424
47.5 0.0049 0.14285714285714285
48.5 0.0031999999999999997 0.1767766952966369
49.5 0.0023 0.20851441405707477
50.5 0.0014 0.2672612419124244
51.5 0.0012000000000000001 0.28867513459481287
52.5 0.0009 0.3333333333333333
53.5 0.0005 0.4472135954999579
54.5 0.0004 0.5
55.5 0.0002 0.7071067811865475
56.5 0.00039999999999999996 0.5000000000000001
57.5 0.0002 0.7071067811865475
58.5 0.0002 0.7071067811865475
59.5 0.0001 1.0
60.5 0.0 inf
61.5 0.0 inf
62.5 0.0001 1.0
63.5 0.0 inf
64.5 0.0 inf
65.5 0.0001 1.0
66.5 0.0 inf
67.5 0.0 inf
68.5 0.0 inf
69.5 0.0 inf
70.5 0.0 inf
71.5 0.0 inf
72.5 0.0 inf
73.5 0.0 inf
74.5 0.0 inf
75.5 0.0 inf
76.5 0.0 inf
77.5 0.0 inf
78.5 0.0 inf
79.5 0.0 inf
80.5 0.0 inf
81.5 0.0 inf
82.5 0.0 inf
83.5 0.0 inf
84.5 0.0 inf
85.5 0.0 inf
86.5 0.0 inf
87.5 0.0 inf
88.5 0.0 inf
89.5 0.0 inf
90.5 0.0 inf
91.5 0.0 inf
92.5 0.0 inf
93.5 0.0 inf
94.5 0.0 inf
95.5 0.0 inf
96.5 0.0 inf
97.5 0.0 inf
