0.5 39.081199999999995 0.0015996171614488714
1.5 20.6713 0.002199460186745713
2.5 20.956899999999997 0.0021844216864434266
3.5 19.212899999999998 0.0022814110401068633
4.5 16.976 0.0024270700813983203
5.5 15.1843 0.0025662715668223466
6.5 13.426400000000001 0.002729104774494054
7.5 11.8723 0.00290223495748647
8.5 10.5929 0.003072504755770565
9.5 9.2573 0.003286683094499315
10.5 8.341000000000001 0.003462509227058367
11.5 7.2902000000000005 0.0037036528994856305
12.5 6.5065 0.003920363011058658
13.5 5.6515 0.0042064732747643515
14.5 4.981400000000001 0.004480477407757044
15.5 4.3484 0.004795515029764697
16.5 3.8109 0.00512255020589637
17.5 3.3204000000000002 0.005487882414115457
18.5 2.8587 0.005914468310018436
19.5 2.4337 0.006410124711150923
20.5 2.0875 0.006921285402059827
21.5 1.8074 0.007438285797611518
22.5 1.5118 0.008133038525066649
23.5 1.2821 0.008831593067653633
24.5 1.0689 0.009672337931391389
25.5 0.8694999999999999 0.010724207460084102
26.5 0.7474000000000001 0.01156707238241958
27.5 0.5859000000000001 0.01306436336116034
28.5 0.5146999999999999 0.01393872069880353
29.5 0.4137 0.01554738093389993
30.5 0.3127 0.017882822232191637
31.5 0.2615 0.019555285163358464
32.5 0.2066 0.022000616025873207
33.5 0.1714 0.024154307519818494
34.5 0.1238 0.028421021140160225
35.5 0.1009 0.031481427501027934
36.5 0.0811 0.03511474936103118
37.5 0.0615 0.04032389192727559
38.5 0.048 0.04564354645876384
39.5 0.0371 0.0519174131651165
40.5 0.029899999999999996 0.05783149319662402
41.5 0.0241 0.06441566264008308
42.5 0.019 0.07254762501100116
43.5 0.012299999999999998 0.09016696346674324
44.5 0.0094 0.10314212462587934
45.5 0.0089 0.105999788000636
46.5 0.0062 0.1270001270001905
47.5 0.0040999999999999995 0.15617376188860607
48.5 0.0037 0.1643989873053573
49.5 0.002 0.22360679774997896
50.5 0.0016 0.25
51.5 0.0014 0.2672612419124244
52.5 0.00030000000000000003 0.5773502691896257
53.5 0.0005 0.4472135954999579
54.5 0.0002 0.7071067811865475
55.5 0.0006 0.4082482904638631
56.5 0.0003 0.5773502691896258
57.5 0.00030000000000000003 0.5773502691896257
58.5 0.0002 0.7071067811865475
59.5 0.0001 1.0
60.5 0.0 inf
61.5 0.0001 1.0
62.5 0.0 inf
63.5 0.0 inf
64.5 0.0 inf
65.5 0.0 inf
66.5 0.0 inf
67.5 0.0 inf
68.5 0.0 inf
69.5 0.0 inf
70.5 0.0 inf
71.5 0.0 inf
72.5 0.0 inf
73.5 0.0 inf
74.5 0.0 inf
75.5 0.0 inf
76.5 0.0 inf
77.5 0.0 inf
78.5 0.0 inf
79.5 0.0 inf
80.5 0.0 inf
81.5 0.0 inf
82.5 0.0 inf
83.5 0.0 inf
84.5 0.0 inf
85.5 0.0 inf
86.5 0.0 inf
87.5 0.0 inf
88.5 0.0 inf
89.5 0.0 inf
90.5 0.0 inf
91.5 0.0 inf
92.5 0.0 inf
93.5 0.0 inf
94.5 0.0 inf
95.5 0.0 inf
96.5 0.0 inf
97.5 0.0 inf
