0.5 38.449799999999996 0.001612697666103675
1.5 20.275100000000002 0.0022208462721332194
2.5 20.540599999999998 0.0022064466818562806
3.5 18.904600000000002 0.0022999386614538375
4.5 16.6515 0.002450605021851858
5.5 14.923300000000001 0.002588615606706114
6.5 13.0694 0.002766127376647852
7.5 11.6305 0.002932248732214587
8.5 10.4655 0.003091149494610642
9.5 9.058499999999999 0.0033225525280498403
10.5 8.1882 0.0034946668394989144
11.5 7.1233 0.003746790258496773
12.5 6.4234 0.003945640532332744
13.5 5.6096 0.004222153834309031
14.5 4.9315 0.004503088489181302
15.5 4.2957 0.0048248412457338845
16.5 3.75 0.0051639777949432225
17.5 3.2697000000000003 0.005530266323853432
18.5 2.7934 0.005983198834197275
19.5 2.3878 0.006471441446968454
20.5 2.0877 0.00692095386730036
21.5 1.7619 0.00753371821571601
22.5 1.4665 0.008257697439132145
23.5 1.2341 0.009001705984941539
24.5 1.0351 0.009828988924745749
25.5 0.8632 0.010763271222740439
26.5 0.7107 0.01186197057221936
27.5 0.5811 0.013118209497090983
28.5 0.5001 0.014140721622265264
29.5 0.40190000000000003 0.0157739695054446
30.5 0.3198 0.01768319639224352
31.5 0.26 0.019611613513818404
32.5 0.2017 0.0222662484609674
33.5 0.1495 0.025863030005593587
34.5 0.1207 0.02878368312517019
35.5 0.0988 0.031814238148788886
36.5 0.08360000000000001 0.03458572319330373
37.5 0.0634 0.03971507353947688
38.5 0.050100000000000006 0.04467670516087703
39.5 0.0371 0.0519174131651165
40.5 0.028 0.05976143046671968
41.5 0.0228 0.06622661785325219
42.5 0.0168 0.07715167498104596
43.5 0.0132 0.08703882797784893
44.5 0.0113 0.09407208683835974
45.5 0.0066 0.12309149097933272
46.5 0.0063 0.1259881576697424
47.5 0.0046 0.14744195615489714
48.5 0.0028 0.1889822365046136
49.5 0.0022 0.21320071635561041
50.5 0.0022 0.21320071635561041
51.5 0.0012000000000000001 0.28867513459481287
52.5 0.0009000000000000001 0.3333333333333333
53.5 0.0007 0.3779644730092272
54.5 0.0001 1.0
55.5 0.0004 0.5
56.5 0.0001 1.0
57.5 0.0001 1.0
58.5 0.0001 1.0
59.5 0.00030000000000000003 0.5773502691896257
60.5 0.0 inf
61.5 0.0 inf
62.5 0.0 inf
63.5 0.0002 0.7071067811865475
64.5 0.0 inf
65.5 0.0 inf
66.5 0.0 inf
67.5 0.0 inf
68.5 0.0 inf
69.5 0.0 inf
70.5 0.0 inf
71.5 0.0 inf
72.5 0.0 inf
73.5 0.0 inf
74.5 0.0 inf
75.5 0.0 inf
76.5 0.0 inf
77.5 0.0 inf
78.5 0.0 inf
79.5 0.0 inf
80.5 0.0 inf
81.5 0.0 inf
82.5 0.0 inf
83.5 0.0 inf
84.5 0.0 inf
85.5 0.0 inf
86.5 0.0 inf
87.5 0.0 inf
88.5 0.0 inf
89.5 0.0 inf
90.5 0.0 inf
91.5 0.0 inf
92.5 0.0 inf
93.5 0.0 inf
94.5 0.0 inf
95.5 0.0 inf
96.5 0.0 inf
97.5 0.0 inf
