0.5 38.438199999999995 0.0016129409902155406
1.5 20.3061 0.002219150413985242
2.5 20.6179 0.002202306626566815
3.5 18.805 0.0023060213886781735
4.5 16.627200000000002 0.0024523950995717202
5.5 14.9118 0.0025896135862324217
6.5 13.045200000000001 0.002768691893337544
7.5 11.678799999999999 0.0029261790011787994
8.5 10.470500000000001 0.003090411344901092
9.5 9.1173 0.00331182116563765
10.5 8.139 0.003505213500731557
11.5 7.1678999999999995 0.0037351154583586347
12.5 6.373799999999999 0.003960962985968041
13.5 5.5868 0.004230760468848339
14.5 4.9467 0.0044961647211989066
15.5 4.292400000000001 0.004826695559996328
16.5 3.767 0.005152312425913069
17.5 3.2843 0.005517960532564252
18.5 2.7629 0.006016132834599204
19.5 2.3902 0.006468191643559483
20.5 2.0678 0.006954176907303364
21.5 1.7741 0.0075077698700194125
22.5 1.4731 0.008239177995146544
23.5 1.256 0.008922882628103122
24.5 1.0337 0.00983564265815835
25.5 0.8562000000000001 0.010807180081877095
26.5 0.7069 0.011893810347070247
27.5 0.5717 0.013225615844475024
28.5 0.497 0.01418475390906605
29.5 0.391 0.015992325525180033
30.5 0.314 0.017845765256206243
31.5 0.2546 0.01981850088223545
32.5 0.20500000000000002 0.022086305214969307
33.5 0.15539999999999998 0.025367314471592056
34.5 0.13019999999999998 0.02771369977368467
35.5 0.09920000000000001 0.031750031750047626
36.5 0.07780000000000001 0.03585173696910373
37.5 0.060899999999999996 0.04052204492365539
38.5 0.0501 0.04467670516087703
39.5 0.0361 0.05263157894736842
40.5 0.030100000000000002 0.0576390417704235
41.5 0.0227 0.0663723311599972
42.5 0.017 0.07669649888473704
43.5 0.0109 0.09578262852211514
44.5 0.0086 0.10783277320343841
45.5 0.0074 0.11624763874381928
46.5 0.0063999999999999994 0.12500000000000003
47.5 0.0043 0.15249857033260467
48.5 0.0023 0.20851441405707477
49.5 0.0023 0.20851441405707477
50.5 0.0022 0.21320071635561041
51.5 0.0016 0.25
52.5 0.0010999999999999998 0.3015113445777637
53.5 0.0005 0.4472135954999579
54.5 0.0006 0.4082482904638631
55.5 0.0 inf
56.5 0.00039999999999999996 0.5000000000000001
57.5 0.0002 0.7071067811865475
58.5 0.0 inf
59.5 0.0002 0.7071067811865475
60.5 0.0 inf
61.5 0.0 inf
62.5 0.0 inf
63.5 0.0 inf
64.5 0.0 inf
65.5 0.0 inf
66.5 0.0 inf
67.5 0.0 inf
68.5 0.0 inf
69.5 0.0 inf
70.5 0.0 inf
71.5 0.0 inf
72.5 0.0 inf
73.5 0.0 inf
74.5 0.0 inf
75.5 0.0 inf
76.5 0.0 inf
77.5 0.0 inf
78.5 0.0 inf
79.5 0.0 inf
80.5 0.0 inf
81.5 0.0 inf
82.5 0.0 inf
83.5 0.0 inf
84.5 0.0 inf
85.5 0.0 inf
86.5 0.0 inf
87.5 0.0 inf
88.5 0.0 inf
89.5 0.0 inf
90.5 0.0 inf
91.5 0.0 inf
92.5 0.0 inf
93.5 0.0 inf
94.5 0.0 inf
95.5 0.0 inf
96.5 0.0 inf
97.5 0.0 inf
