0.5 47.5339 0.0014504350162488449
1.5 25.055999999999997 0.0019977637561891005
2.5 25.2125 0.0019915538065049267
3.5 22.857300000000002 0.002091642876325159
4.5 19.870199999999997 0.00224335952897116
5.5 17.7151 0.002375900209801133
6.5 15.3889 0.002549154811700195
7.5 13.5386 0.002717772634857605
8.5 12.0227 0.0028840248279383028
9.5 10.436 0.0030955153703708816
10.5 9.3609 0.0032684451192956303
11.5 8.107800000000001 0.003511951311993093
12.5 7.2109000000000005 0.0037239621960470466
13.5 6.2536000000000005 0.003998848497425241
14.5 5.4963 0.004265449310531747
15.5 4.7669999999999995 0.004580125982677943
16.5 4.1566 0.004904908197776951
17.5 3.6359000000000004 0.005244378580642695
18.5 3.0938 0.005685306494464572
19.5 2.6445999999999996 0.0061492196059403535
20.5 2.2599 0.006652048223213885
21.5 1.9333999999999998 0.00719182552635785
22.5 1.6037 0.007896569014920049
23.5 1.3431 0.008628709052295446
24.5 1.1369 0.009378618426812278
25.5 0.9147000000000001 0.0104558816892731
26.5 0.7674000000000001 0.01141534660572102
27.5 0.6349 0.012550104338863673
28.5 0.5317000000000001 0.013714079724757675
29.5 0.4208 0.015415660399455184
30.5 0.3284 0.0174501203189944
31.5 0.2767 0.019010582334423435
32.5 0.2232 0.021166687833365085
33.5 0.1708 0.024196695924791362
34.5 0.1385 0.026870460745022952
35.5 0.11349999999999999 0.02968260885977624
36.5 0.0887 0.03357671389365373
37.5 0.066 0.03892494720807615
38.5 0.054599999999999996 0.04279604925109129
39.5 0.043899999999999995 0.04772739599033477
40.5 0.029 0.058722021951470346
41.5 0.023600000000000003 0.06509445549041193
42.5 0.0201 0.07053456158585983
43.5 0.0129 0.08804509063256238
44.5 0.0091 0.10482848367219183
45.5 0.0079 0.11250879009260237
46.5 0.0044 0.15075567228888181
47.5 0.0057 0.13245323570650439
48.5 0.0034000000000000002 0.17149858514250882
49.5 0.0033 0.17407765595569785
50.5 0.0016 0.25
51.5 0.0014 0.2672612419124244
52.5 0.0007 0.3779644730092272
53.5 0.0005 0.4472135954999579
54.5 0.0004 0.5
55.5 0.00030000000000000003 0.5773502691896257
56.5 0.0003 0.5773502691896258
57.5 0.0 inf
58.5 0.0 inf
59.5 0.0 inf
60.5 0.0 inf
61.5 0.0 inf
62.5 0.0001 1.0
63.5 0.0001 1.0
64.5 0.0 inf
65.5 0.0 inf
66.5 0.0001 1.0
67.5 0.0 inf
68.5 0.0 inf
69.5 0.0 inf
70.5 0.0 inf
71.5 0.0 inf
72.5 0.0 inf
73.5 0.0 inf
74.5 0.0 inf
75.5 0.0 inf
76.5 0.0 inf
77.5 0.0 inf
78.5 0.0 inf
79.5 0.0 inf
80.5 0.0 inf
81.5 0.0 inf
82.5 0.0 inf
83.5 0.0 inf
84.5 0.0 inf
85.5 0.0 inf
86.5 0.0 inf
87.5 0.0 inf
88.5 0.0 inf
89.5 0.0 inf
90.5 0.0 inf
91.5 0.0 inf
92.5 0.0 inf
93.5 0.0 inf
94.5 0.0 inf
95.5 0.0 inf
96.5 0.0 inf
97.5 0.0 inf
