0.5 38.4839 0.0016119830142891764
1.5 20.304 0.0022192651720471146
2.5 20.538400000000003 0.002206564852033031
3.5 18.9137 0.0022993853070101045
4.5 16.68 0.0024485105343719587
5.5 14.911 0.0025896830538429884
6.5 13.0843 0.002764551937446769
7.5 11.6677 0.002927570572162374
8.5 10.4301 0.0030963907674729624
9.5 9.1146 0.003312311656445456
10.5 8.1864 0.0034950510165835135
11.5 7.147399999999999 0.0037404681069813516
12.5 6.3697 0.00396223756214758
13.5 5.6086 0.004222530217510819
14.5 4.9155999999999995 0.004510365454537496
15.5 4.2862 0.004830185212655787
16.5 3.7851 0.005139978721560133
17.5 3.2428999999999997 0.0055530709407650355
18.5 2.8074 0.005968261619182309
19.5 2.3955 0.0064610323034493345
20.5 2.052 0.006980898471528258
21.5 1.7738 0.007508404731823381
22.5 1.4670999999999998 0.008256008690873756
23.5 1.238 0.008987516023070193
24.5 1.0401 0.009805335357886892
25.5 0.8437 0.010886943659923836
26.5 0.7228 0.011762264143238674
27.5 0.5756 0.01318073435607412
28.5 0.5018 0.014116748304842436
29.5 0.40700000000000003 0.01567482841055192
30.5 0.32089999999999996 0.01765286262171212
31.5 0.2635 0.019480930197663147
32.5 0.1964 0.02256468412032621
33.5 0.1644 0.0246631811833495
34.5 0.1245 0.028341010063256785
35.5 0.10500000000000001 0.030860669992418384
36.5 0.0822 0.03487900532075779
37.5 0.06509999999999999 0.03919309008348103
38.5 0.0464 0.046423834544262965
39.5 0.038900000000000004 0.05070201265633938
40.5 0.0281 0.05965499862718936
41.5 0.0232 0.06565321642986129
42.5 0.016100000000000003 0.07881104062391005
43.5 0.0129 0.08804509063256238
44.5 0.0087 0.10721125348377948
45.5 0.006999999999999999 0.11952286093343939
46.5 0.0063 0.1259881576697424
47.5 0.004 0.15811388300841897
48.5 0.0037 0.1643989873053573
49.5 0.0028 0.1889822365046136
50.5 0.0012 0.2886751345948129
51.5 0.0014 0.2672612419124244
52.5 0.0006000000000000001 0.40824829046386296
53.5 0.00030000000000000003 0.5773502691896257
54.5 0.00030000000000000003 0.5773502691896257
55.5 0.00030000000000000003 0.5773502691896257
56.5 0.0002 0.7071067811865475
57.5 0.0001 1.0
58.5 0.0 inf
59.5 0.0001 1.0
60.5 0.0 inf
61.5 0.0 inf
62.5 0.0 inf
63.5 0.0 inf
64.5 0.0 inf
65.5 0.0 inf
66.5 0.0 inf
67.5 0.0001 1.0
68.5 0.0 inf
69.5 0.0 inf
70.5 0.0 inf
71.5 0.0 inf
72.5 0.0 inf
73.5 0.0 inf
74.5 0.0 inf
75.5 0.0 inf
76.5 0.0 inf
77.5 0.0 inf
78.5 0.0 inf
79.5 0.0 inf
80.5 0.0 inf
81.5 0.0 inf
82.5 0.0 inf
83.5 0.0 inf
84.5 0.0 inf
85.5 0.0 inf
86.5 0.0 inf
87.5 0.0 inf
88.5 0.0 inf
89.5 0.0 inf
90.5 0.0 inf
91.5 0.0 inf
92.5 0.0 inf
93.5 0.0 inf
94.5 0.0 inf
95.5 0.0 inf
96.5 0.0 inf
97.5 0.0 inf
