0.5 38.4464 0.0016127689738313726
1.5 20.2747 0.002220868179587519
2.5 20.583199999999998 0.0022041622141104247
3.5 18.9087 0.002299689298469238
4.5 16.6078 0.0024538270345425277
5.5 14.951 0.00258621650647039
6.5 13.0724 0.0027658099575707936
7.5 11.633700000000001 0.0029318454279659697
8.5 10.4651 0.0030912085694395014
9.5 9.089 0.00331697309081667
10.5 8.1641 0.0034998210762211004
11.5 7.125299999999999 0.003746264378433199
12.5 6.385199999999999 0.003957425496873269
13.5 5.5806000000000004 0.004233109986232207
14.5 4.9073 0.004514178163890263
15.5 4.2938 0.004825908620142726
16.5 3.746 0.005166734121691368
17.5 3.2659000000000002 0.005533482727087012
18.5 2.802 0.005974009852584134
19.5 2.4017 0.006452687321469356
20.5 2.0537 0.006978008569320774
21.5 1.7572 0.007543786742456421
22.5 1.4809999999999999 0.008217173761823795
23.5 1.2419 0.008973392955944749
24.5 1.0425 0.009794042137487835
25.5 0.8597999999999999 0.01078453140854025
26.5 0.7101999999999999 0.011866145411532173
27.5 0.5789 0.013143112497237697
28.5 0.48960000000000004 0.014291548761875737
29.5 0.39990000000000003 0.015813365095036135
30.5 0.3206 0.017661119983645744
31.5 0.2672 0.01934558081335342
32.5 0.2007 0.022321651006080835
33.5 0.1652 0.024603391565256146
34.5 0.1278 0.02797271194322297
35.5 0.1031 0.03114373299321498
36.5 0.07730000000000001 0.03596750006328032
37.5 0.0627 0.03993615319154358
38.5 0.054599999999999996 0.04279604925109129
39.5 0.037099999999999994 0.051917413165116506
40.5 0.028900000000000002 0.058823529411764705
41.5 0.0246 0.06375767130633382
42.5 0.017099999999999997 0.07647191129018727
43.5 0.0127 0.08873565094161139
44.5 0.0092 0.10425720702853739
45.5 0.0060999999999999995 0.12803687993289598
46.5 0.0058 0.13130643285972257
47.5 0.0035 0.1690308509457033
48.5 0.0028 0.1889822365046136
49.5 0.0025 0.2
50.5 0.0017000000000000001 0.24253562503633297
51.5 0.0010999999999999998 0.3015113445777637
52.5 0.0006000000000000001 0.40824829046386296
53.5 0.0007 0.3779644730092272
54.5 0.0004 0.5
55.5 0.0004 0.5
56.5 0.0001 1.0
57.5 0.0001 1.0
58.5 0.0001 1.0
59.5 0.0 inf
60.5 0.0001 1.0
61.5 0.0 inf
62.5 0.0001 1.0
63.5 0.0 inf
64.5 0.0 inf
65.5 0.0001 1.0
66.5 0.0 inf
67.5 0.0 inf
68.5 0.0 inf
69.5 0.0 inf
70.5 0.0 inf
71.5 0.0 inf
72.5 0.0 inf
73.5 0.0 inf
74.5 0.0 inf
75.5 0.0 inf
76.5 0.0 inf
77.5 0.0 inf
78.5 0.0 inf
79.5 0.0 inf
80.5 0.0 inf
81.5 0.0 inf
82.5 0.0 inf
83.5 0.0 inf
84.5 0.0 inf
85.5 0.0 inf
86.5 0.0 inf
87.5 0.0 inf
88.5 0.0 inf
89.5 0.0 inf
90.5 0.0 inf
91.5 0.0 inf
92.5 0.0 inf
93.5 0.0 inf
94.5 0.0 inf
95.5 0.0 inf
96.5 0.0 inf
97.5 0.0 inf
