0.5 38.681400000000004 0.0016078625059021399
1.5 20.4238 0.0022127468211260836
2.5 20.6762 0.0021991995490677255
3.5 19.046599999999998 0.0022913491418872895
4.5 16.7226 0.0024453898156302396
5.5 15.044 0.00257821029132643
6.5 13.2227 0.0027500458058319333
7.5 11.7277 0.0029200721079829196
8.5 10.4622 0.003091636963263141
9.5 9.181999999999999 0.003300132337960182
10.5 8.2011 0.003491917272738685
11.5 7.217 0.0037223880674962014
12.5 6.4772 0.003929220003870901
13.5 5.6027000000000005 0.00422475292915068
14.5 4.9361 0.004500989763948487
15.5 4.2844 0.004831199756161238
16.5 3.8068999999999997 0.005125240691759486
17.5 3.2668999999999997 0.005532635761118896
18.5 2.8026 0.0059733703396718935
19.5 2.4195 0.006428907642992268
20.5 2.0803 0.006933252476673709
21.5 1.7858999999999998 0.007482925671529353
22.5 1.4863 0.008202509859858535
23.5 1.2448000000000001 0.008962934242275932
24.5 1.0525000000000002 0.009747403576571586
25.5 0.8763 0.010682517037726925
26.5 0.7155 0.011822115035531811
27.5 0.5841 0.013084477866314328
28.5 0.4991 0.014154880754301795
29.5 0.4022 0.015768085525318675
30.5 0.3282 0.017455436425840954
31.5 0.2563 0.01975266493772476
32.5 0.2074 0.02195814375455294
33.5 0.172 0.024112141108520606
34.5 0.1238 0.028421021140160225
35.5 0.1078 0.03045724519365863
36.5 0.07519999999999999 0.03646624787447364
37.5 0.0654 0.039103094350288754
38.5 0.0474 0.04593152121746254
39.5 0.039400000000000004 0.05037927218598784
40.5 0.0279 0.05986843400892496
41.5 0.0242 0.0642824346533225
42.5 0.016800000000000002 0.07715167498104596
43.5 0.0121 0.09090909090909091
44.5 0.009600000000000001 0.10206207261596574
45.5 0.0068000000000000005 0.12126781251816648
46.5 0.0059 0.13018891098082389
47.5 0.0033 0.17407765595569785
48.5 0.003 0.18257418583505536
49.5 0.0024000000000000002 0.20412414523193148
50.5 0.001 0.31622776601683794
51.5 0.0012000000000000001 0.28867513459481287
52.5 0.0009 0.3333333333333333
53.5 0.0001 1.0
54.5 0.0002 0.7071067811865475
55.5 0.00039999999999999996 0.5000000000000001
56.5 0.00030000000000000003 0.5773502691896257
57.5 0.00030000000000000003 0.5773502691896257
58.5 0.0 inf
59.5 0.0 inf
60.5 0.0001 1.0
61.5 0.0 inf
62.5 0.0 inf
63.5 0.0001 1.0
64.5 0.0 inf
65.5 0.0 inf
66.5 0.0 inf
67.5 0.0 inf
68.5 0.0 inf
69.5 0.0 inf
70.5 0.0 inf
71.5 0.0 inf
72.5 0.0 inf
73.5 0.0 inf
74.5 0.0 inf
75.5 0.0 inf
76.5 0.0 inf
77.5 0.0 inf
78.5 0.0 inf
79.5 0.0 inf
80.5 0.0 inf
81.5 0.0 inf
82.5 0.0 inf
83.5 0.0 inf
84.5 0.0 inf
85.5 0.0 inf
86.5 0.0 inf
87.5 0.0 inf
88.5 0.0 inf
89.5 0.0 inf
90.5 0.0 inf
91.5 0.0 inf
92.5 0.0 inf
93.5 0.0 inf
94.5 0.0 inf
95.5 0.0 inf
96.5 0.0 inf
97.5 0.0 inf
