0.5 39.0303 0.001600659863982344
1.5 20.6521 0.002200482354589513
2.5 20.9441 0.0021850890898376324
3.5 19.203699999999998 0.002281957457420983
4.5 16.9565 0.002428465247488801
5.5 15.215399999999999 0.0025636475191291616
6.5 13.3603 0.002735847559144012
7.5 11.8747 0.0029019416567767
8.5 10.6263 0.003067672291765874
9.5 9.267199999999999 0.0032849270701727296
10.5 8.2899 0.0034731645062153135
11.5 7.2873 0.003704389765338505
12.5 6.494999999999999 0.003923832159314752
13.5 5.6996 0.0041886860569360865
14.5 5.042400000000001 0.004453293850011317
15.5 4.3454999999999995 0.004797114923232389
16.5 3.8190999999999997 0.005117047930079879
17.5 3.3505000000000003 0.005463175962594369
18.5 2.8398000000000003 0.00593411724243828
19.5 2.4619 0.006373306369489042
20.5 2.1117 0.006881512293167766
21.5 1.7915999999999999 0.007471012673253909
22.5 1.5124 0.008131425093701777
23.5 1.2507000000000001 0.008941768565220115
24.5 1.0752000000000002 0.009643959372630745
25.5 0.8525 0.010830607221477648
26.5 0.7315 0.011692108443873354
27.5 0.5962000000000001 0.012951021195904702
28.5 0.5065999999999999 0.01404971152725957
29.5 0.4041 0.01573097260610029
30.5 0.3286 0.017444809066301296
31.5 0.2583 0.019676044536698512
32.5 0.2152 0.021556530677961344
33.5 0.1609 0.024929982747211414
34.5 0.1257 0.028205406366325913
35.5 0.1084 0.03037283696153935
36.5 0.0785 0.03569153051241249
37.5 0.0631 0.03980937143290165
38.5 0.0508 0.04436782547080569
39.5 0.0426 0.04845015831115092
40.5 0.0264 0.06154574548966636
41.5 0.022 0.06741998624632421
42.5 0.0149 0.08192319205190406
43.5 0.0116 0.09284766908852593
44.5 0.0087 0.10721125348377948
45.5 0.0081 0.1111111111111111
46.5 0.006999999999999999 0.11952286093343939
47.5 0.0044 0.15075567228888181
48.5 0.003 0.18257418583505536
49.5 0.0024 0.20412414523193154
50.5 0.0021 0.2182178902359924
51.5 0.0014 0.2672612419124244
52.5 0.0009 0.3333333333333333
53.5 0.0007 0.3779644730092272
54.5 0.0002 0.7071067811865475
55.5 0.0003 0.5773502691896258
56.5 0.00030000000000000003 0.5773502691896257
57.5 0.0005 0.4472135954999579
58.5 0.0002 0.7071067811865475
59.5 0.0 inf
60.5 0.0 inf
61.5 0.0 inf
62.5 0.0 inf
63.5 0.0 inf
64.5 0.0002 0.7071067811865475
65.5 0.0 inf
66.5 0.0 inf
67.5 0.0 inf
68.5 0.0 inf
69.5 0.0 inf
70.5 0.0 inf
71.5 0.0 inf
72.5 0.0 inf
73.5 0.0 inf
74.5 0.0 inf
75.5 0.0 inf
76.5 0.0 inf
77.5 0.0 inf
78.5 0.0 inf
79.5 0.0 inf
80.5 0.0 inf
81.5 0.0 inf
82.5 0.0 inf
83.5 0.0 inf
84.5 0.0 inf
85.5 0.0 inf
86.5 0.0 inf
87.5 0.0 inf
88.5 0.0 inf
89.5 0.0 inf
90.5 0.0 inf
91.5 0.0 inf
92.5 0.0 inf
93.5 0.0 inf
94.5 0.0 inf
95.5 0.0 inf
96.5 0.0 inf
97.5 0.0 inf
