0.5 8267884.0 0.0003477785661634846
1.5 922657.0 0.0010410698266779211
2.5 503455.0 0.0014093526318312702
3.5 266786.0 0.0019360585284606022
4.5 151286.0 0.0025709914351085264
5.5 94575.0 0.003251710137918431
6.5 61037.0 0.004047654269707127
7.5 41559.0 0.004905321260070646
8.5 29467.0 0.005825484330875806
9.5 20968.0 0.006905919252154884
10.5 15653.0 0.00799284161942806
11.5 11488.0 0.00932991713577595
12.5 8817.0 0.010649754086705135
13.5 6676.0 0.012238884491201616
14.5 5146.0 0.013940074958772601
15.5 3928.0 0.01595564115681507
16.5 3060.0 0.018077538151554683
17.5 2333.0 0.020703445650635786
18.5 1790.0 0.02363597296235327
19.5 1355.0 0.02716629124620806
20.5 1085.0 0.030358837035945812
21.5 875.0 0.033806170189140665
22.5 667.0 0.038720154633118314
23.5 542.0 0.04295367795875577
24.5 438.0 0.04778184825674966
25.5 299.0 0.05783149319662402
26.5 260.0 0.062017367294604234
27.5 175.0 0.07559289460184544
28.5 161.0 0.07881104062391006
29.5 108.0 0.09622504486493763
30.5 68.0 0.12126781251816648
31.5 63.0 0.1259881576697424
32.5 39.0 0.16012815380508713
33.5 40.0 0.15811388300841897
34.5 26.0 0.19611613513818404
35.5 16.0 0.25
36.5 18.0 0.23570226039551587
37.5 6.0 0.4082482904638631
38.5 4.0 0.5
39.5 3.0 0.5773502691896258
40.5 5.0 0.4472135954999579
41.5 2.0 0.7071067811865475
42.5 2.0 0.7071067811865475
43.5 0.0 inf
44.5 3.0 0.5773502691896258
45.5 0.0 inf
46.5 0.0 inf
47.5 0.0 inf
48.5 1.0 1.0
49.5 0.0 inf
50.5 0.0 inf
51.5 0.0 inf
52.5 0.0 inf
53.5 0.0 inf
54.5 0.0 inf
55.5 0.0 inf
56.5 0.0 inf
57.5 0.0 inf
58.5 0.0 inf
59.5 0.0 inf
60.5 0.0 inf
61.5 0.0 inf
62.5 0.0 inf
63.5 0.0 inf
64.5 0.0 inf
65.5 0.0 inf
66.5 0.0 inf
67.5 0.0 inf
68.5 0.0 inf
69.5 0.0 inf
70.5 0.0 inf
71.5 0.0 inf
72.5 0.0 inf
73.5 0.0 inf
74.5 0.0 inf
75.5 0.0 inf
76.5 0.0 inf
77.5 0.0 inf
78.5 0.0 inf
79.5 0.0 inf
80.5 0.0 inf
81.5 0.0 inf
82.5 0.0 inf
83.5 0.0 inf
84.5 0.0 inf
85.5 0.0 inf
86.5 0.0 inf
87.5 0.0 inf
88.5 0.0 inf
89.5 0.0 inf
90.5 0.0 inf
91.5 0.0 inf
92.5 0.0 inf
93.5 0.0 inf
94.5 0.0 inf
95.5 0.0 inf
96.5 0.0 inf
97.5 0.0 inf
