0.5 52.25619999999999 0.0013833468559992079
1.5 28.293 0.001880011475625071
2.5 28.758000000000003 0.0018647501910215231
3.5 26.501 0.0019425350734551322
4.5 23.3769 0.0020682667037900137
5.5 20.9892 0.0021827402506069933
6.5 18.4131 0.0023304325848664278
7.5 16.455199999999998 0.002465178761277215
8.5 14.782699999999998 0.002600896787764575
9.5 12.926400000000001 0.0027813856175847216
10.5 11.5152 0.0029468922547953454
11.5 10.1133 0.0031445141608431766
12.5 9.145299999999999 0.0033067474075485596
13.5 7.9097 0.003555658100457986
14.5 6.9986 0.0037800227512694035
15.5 6.086 0.004053535921510179
16.5 5.3403 0.0043273016723685545
17.5 4.6708 0.004627051829443258
18.5 4.0004 0.0049997500187484376
19.5 3.3899 0.005431334574706029
20.5 2.9154 0.0058566723103540465
21.5 2.4957000000000003 0.006330001464446008
22.5 2.1004 0.0068999984820005
23.5 1.7578 0.00754249915047894
24.5 1.4891 0.008194794516976927
25.5 1.2388 0.008984613547288684
26.5 1.0209000000000001 0.009897110020444515
27.5 0.8252999999999999 0.01100763644473044
28.5 0.7072 0.011891287353862351
29.5 0.5626 0.013332148306149432
30.5 0.4511 0.014888933371941464
31.5 0.367 0.016506955020011944
32.5 0.2892 0.018595200082640047
33.5 0.22449999999999998 0.02110531445965636
34.5 0.18059999999999998 0.023531040266750586
35.5 0.1477 0.026020147394144395
36.5 0.11410000000000001 0.029604462320866852
37.5 0.0852 0.03425943549137658
38.5 0.07150000000000001 0.03739787960033829
39.5 0.0539 0.0430730492253948
40.5 0.0401 0.04993761694389224
41.5 0.033 0.055048188256318034
42.5 0.0257 0.06237828615518053
43.5 0.017 0.07669649888473704
44.5 0.0129 0.08804509063256238
45.5 0.011099999999999999 0.0949157995752499
46.5 0.0064 0.125
47.5 0.005 0.1414213562373095
48.5 0.0049 0.14285714285714285
49.5 0.0025 0.2
50.5 0.0024000000000000002 0.20412414523193148
51.5 0.0022 0.21320071635561041
52.5 0.0013 0.2773500981126146
53.5 0.0012000000000000001 0.28867513459481287
54.5 0.00039999999999999996 0.5000000000000001
55.5 0.0005 0.4472135954999579
56.5 0.00030000000000000003 0.5773502691896257
57.5 0.0005 0.4472135954999579
58.5 0.00030000000000000003 0.5773502691896257
59.5 0.0 inf
60.5 0.0002 0.7071067811865475
61.5 0.0 inf
62.5 0.0 inf
63.5 0.0 inf
64.5 0.0 inf
65.5 0.0 inf
66.5 0.0 inf
67.5 0.0 inf
68.5 0.0 inf
69.5 0.0 inf
70.5 0.0 inf
71.5 0.0 inf
72.5 0.0 inf
73.5 0.0 inf
74.5 0.0 inf
75.5 0.0 inf
76.5 0.0 inf
77.5 0.0 inf
78.5 0.0 inf
79.5 0.0 inf
80.5 0.0 inf
81.5 0.0 inf
82.5 0.0 inf
83.5 0.0 inf
84.5 0.0 inf
85.5 0.0 inf
86.5 0.0 inf
87.5 0.0 inf
88.5 0.0 inf
89.5 0.0 inf
90.5 0.0 inf
91.5 0.0 inf
92.5 0.0 inf
93.5 0.0 inf
94.5 0.0 inf
95.5 0.0 inf
96.5 0.0 inf
97.5 0.0 inf
