0.5 2499065.0 0.0006325738344030152
1.5 507137.0 0.0014042271039393112
2.5 317250.0 0.0017754121376376915
3.5 186573.0 0.002315131172189659
4.5 113531.0 0.002967855611780954
5.5 74202.0 0.0036710660161219126
6.5 49605.0 0.0044899062506137555
7.5 34898.0 0.005353030659886736
8.5 25111.0 0.006310561390109517
9.5 18035.0 0.007446323959147522
10.5 13522.0 0.008599625408475633
11.5 10052.0 0.009974100962589957
12.5 7756.0 0.011354842112585866
13.5 5793.0 0.013138574129527378
14.5 4716.0 0.014561734277683964
15.5 3592.0 0.016685216106649997
16.5 2792.0 0.018925279102611613
17.5 2100.0 0.02182178902359924
18.5 1798.0 0.023583331531828913
19.5 1330.0 0.027420424855354085
20.5 1027.0 0.031204323970714827
21.5 781.0 0.03578281334822566
22.5 617.0 0.04025848411142373
23.5 502.0 0.04463218426774518
24.5 389.0 0.05070201265633938
25.5 260.0 0.062017367294604234
26.5 229.0 0.06608186004550898
27.5 165.0 0.0778498944161523
28.5 136.0 0.08574929257125441
29.5 103.0 0.09853292781642932
30.5 79.0 0.1125087900926024
31.5 55.0 0.13483997249264842
32.5 39.0 0.16012815380508713
33.5 36.0 0.16666666666666666
34.5 18.0 0.23570226039551587
35.5 15.0 0.2581988897471611
36.5 16.0 0.25
37.5 11.0 0.30151134457776363
38.5 6.0 0.4082482904638631
39.5 5.0 0.4472135954999579
40.5 2.0 0.7071067811865475
41.5 3.0 0.5773502691896258
42.5 1.0 1.0
43.5 1.0 1.0
44.5 0.0 inf
45.5 1.0 1.0
46.5 0.0 inf
47.5 0.0 inf
48.5 0.0 inf
49.5 0.0 inf
50.5 0.0 inf
51.5 0.0 inf
52.5 0.0 inf
53.5 0.0 inf
54.5 0.0 inf
55.5 0.0 inf
56.5 0.0 inf
57.5 0.0 inf
58.5 0.0 inf
59.5 0.0 inf
60.5 0.0 inf
61.5 0.0 inf
62.5 0.0 inf
63.5 0.0 inf
64.5 0.0 inf
65.5 0.0 inf
66.5 0.0 inf
67.5 0.0 inf
68.5 0.0 inf
69.5 0.0 inf
70.5 0.0 inf
71.5 0.0 inf
72.5 0.0 inf
73.5 0.0 inf
74.5 0.0 inf
75.5 0.0 inf
76.5 0.0 inf
77.5 0.0 inf
78.5 0.0 inf
79.5 0.0 inf
80.5 0.0 inf
81.5 0.0 inf
82.5 0.0 inf
83.5 0.0 inf
84.5 0.0 inf
85.5 0.0 inf
86.5 0.0 inf
87.5 0.0 inf
88.5 0.0 inf
89.5 0.0 inf
90.5 0.0 inf
91.5 0.0 inf
92.5 0.0 inf
93.5 0.0 inf
94.5 0.0 inf
95.5 0.0 inf
96.5 0.0 inf
97.5 0.0 inf
