0.5 512.0 0.044194173824159216
1.5 308.0 0.05698028822981897
2.5 319.0 0.05598925109558543
3.5 300.0 0.05773502691896257
4.5 245.0 0.06388765649999399
5.5 238.0 0.06482037235521644
6.5 201.0 0.07053456158585983
7.5 170.0 0.07669649888473704
8.5 150.0 0.08164965809277261
9.5 125.0 0.08944271909999159
10.5 119.0 0.09166984970282113
11.5 100.0 0.1
12.5 94.0 0.10314212462587934
13.5 67.0 0.12216944435630522
14.5 70.0 0.11952286093343936
15.5 66.0 0.12309149097933272
16.5 57.0 0.13245323570650439
17.5 35.0 0.1690308509457033
18.5 25.0 0.2
19.5 22.0 0.21320071635561041
20.5 17.0 0.24253562503633297
21.5 16.0 0.25
22.5 12.0 0.2886751345948129
23.5 7.0 0.3779644730092272
24.5 5.0 0.4472135954999579
25.5 7.0 0.3779644730092272
26.5 8.0 0.35355339059327373
27.5 2.0 0.7071067811865475
28.5 0.0 inf
29.5 0.0 inf
30.5 1.0 1.0
31.5 0.0 inf
32.5 0.0 inf
33.5 0.0 inf
34.5 0.0 inf
35.5 0.0 inf
36.5 0.0 inf
37.5 0.0 inf
38.5 0.0 inf
39.5 0.0 inf
40.5 0.0 inf
41.5 0.0 inf
42.5 0.0 inf
43.5 0.0 inf
44.5 0.0 inf
45.5 0.0 inf
46.5 0.0 inf
47.5 0.0 inf
48.5 0.0 inf
49.5 0.0 inf
50.5 0.0 inf
51.5 0.0 inf
52.5 0.0 inf
53.5 0.0 inf
54.5 0.0 inf
55.5 0.0 inf
56.5 0.0 inf
57.5 0.0 inf
58.5 0.0 inf
59.5 0.0 inf
60.5 0.0 inf
61.5 0.0 inf
62.5 0.0 inf
63.5 0.0 inf
64.5 0.0 inf
65.5 0.0 inf
66.5 0.0 inf
67.5 0.0 inf
68.5 0.0 inf
69.5 0.0 inf
70.5 0.0 inf
71.5 0.0 inf
72.5 0.0 inf
73.5 0.0 inf
74.5 0.0 inf
75.5 0.0 inf
76.5 0.0 inf
77.5 0.0 inf
78.5 0.0 inf
79.5 0.0 inf
80.5 0.0 inf
81.5 0.0 inf
82.5 0.0 inf
83.5 0.0 inf
84.5 0.0 inf
85.5 0.0 inf
86.5 0.0 inf
87.5 0.0 inf
88.5 0.0 inf
89.5 0.0 inf
90.5 0.0 inf
91.5 0.0 inf
92.5 0.0 inf
93.5 0.0 inf
94.5 0.0 inf
95.5 0.0 inf
96.5 0.0 inf
97.5 0.0 inf
