0.5 76880.0 0.0036065612540319186
1.5 34489.0 0.00538467751586825
2.5 30258.0 0.005748835619402825
3.5 24015.0 0.0064529560099132474
4.5 18374.0 0.007377311881544899
5.5 14742.0 0.00823610351845668
6.5 11160.0 0.009466030570784415
7.5 8950.0 0.0105703284516338
8.5 7208.0 0.011778571185788638
9.5 5511.0 0.013470533444360345
10.5 4567.0 0.014797368669912813
11.5 3721.0 0.01639344262295082
12.5 2937.0 0.01845219462695162
13.5 2313.0 0.020792762051726844
14.5 1922.0 0.022809896167307987
15.5 1589.0 0.02508638316928225
16.5 1238.0 0.028421021140160225
17.5 1000.0 0.03162277660168379
18.5 824.0 0.034836650714580884
19.5 669.0 0.038662233651352955
20.5 486.0 0.045360921162651446
21.5 429.0 0.04828045495852676
22.5 318.0 0.056077215409204434
23.5 263.0 0.061662641597820735
24.5 199.0 0.07088812050083358
25.5 149.0 0.08192319205190406
26.5 123.0 0.09016696346674323
27.5 92.0 0.10425720702853739
28.5 78.0 0.11322770341445956
29.5 52.0 0.1386750490563073
30.5 46.0 0.14744195615489714
31.5 46.0 0.14744195615489714
32.5 28.0 0.1889822365046136
33.5 21.0 0.2182178902359924
34.5 16.0 0.25
35.5 7.0 0.3779644730092272
36.5 9.0 0.3333333333333333
37.5 4.0 0.5
38.5 5.0 0.4472135954999579
39.5 1.0 1.0
40.5 0.0 inf
41.5 1.0 1.0
42.5 2.0 0.7071067811865475
43.5 0.0 inf
44.5 0.0 inf
45.5 1.0 1.0
46.5 1.0 1.0
47.5 0.0 inf
48.5 0.0 inf
49.5 0.0 inf
50.5 0.0 inf
51.5 0.0 inf
52.5 0.0 inf
53.5 0.0 inf
54.5 0.0 inf
55.5 0.0 inf
56.5 0.0 inf
57.5 0.0 inf
58.5 0.0 inf
59.5 0.0 inf
60.5 0.0 inf
61.5 0.0 inf
62.5 0.0 inf
63.5 0.0 inf
64.5 0.0 inf
65.5 0.0 inf
66.5 0.0 inf
67.5 0.0 inf
68.5 0.0 inf
69.5 0.0 inf
70.5 0.0 inf
71.5 0.0 inf
72.5 0.0 inf
73.5 0.0 inf
74.5 0.0 inf
75.5 0.0 inf
76.5 0.0 inf
77.5 0.0 inf
78.5 0.0 inf
79.5 0.0 inf
80.5 0.0 inf
81.5 0.0 inf
82.5 0.0 inf
83.5 0.0 inf
84.5 0.0 inf
85.5 0.0 inf
86.5 0.0 inf
87.5 0.0 inf
88.5 0.0 inf
89.5 0.0 inf
90.5 0.0 inf
91.5 0.0 inf
92.5 0.0 inf
93.5 0.0 inf
94.5 0.0 inf
95.5 0.0 inf
96.5 0.0 inf
97.5 0.0 inf
