0.5 38.7984 0.0016054363497915096
1.5 20.4666 0.00221043194889191
2.5 20.770699999999998 0.0021941910207046995
3.5 19.047 0.002291325081813031
4.5 16.7747 0.0024415893336859782
5.5 15.152899999999999 0.002568929118354786
6.5 13.2091 0.0027514611558957115
7.5 11.7538 0.0029168282107580254
8.5 10.5517 0.0030784973384350963
9.5 9.200700000000001 0.003296776948502396
10.5 8.241900000000001 0.0034832635047595036
11.5 7.1996 0.0037268834884788774
12.5 6.482200000000001 0.003927704323241492
13.5 5.652 0.004206287209375574
14.5 4.9668 0.004487057798406057
15.5 4.3057 0.004819235135310069
16.5 3.8228 0.005114570994223707
17.5 3.3059000000000003 0.005499904439990526
18.5 2.8456 0.0059280665965587695
19.5 2.4025 0.0064516129032258064
20.5 2.1071 0.006889019696455371
21.5 1.7725 0.007511157661886796
22.5 1.4912 0.00818902227600523
23.5 1.2608000000000001 0.008905881248488704
24.5 1.0582 0.00972111590817096
25.5 0.8658 0.010747098003652682
26.5 0.7134 0.011839502334610976
27.5 0.5799000000000001 0.013131775384373804
28.5 0.5017 0.014118155126142938
29.5 0.4058 0.015697987490027585
30.5 0.32230000000000003 0.01761448082809464
31.5 0.25170000000000003 0.019932344846421823
32.5 0.2058 0.022043335708870276
33.5 0.1616 0.02487592975524973
34.5 0.12990000000000002 0.027745683280893146
35.5 0.1036 0.031068488300060003
36.5 0.07669999999999999 0.036107907233705945
37.5 0.0678 0.03840476863212843
38.5 0.0474 0.04593152121746254
39.5 0.036000000000000004 0.05270462766947299
40.5 0.0344 0.053916386601719206
41.5 0.019799999999999998 0.07106690545187015
42.5 0.0177 0.07516460280028289
43.5 0.011699999999999999 0.09245003270420486
44.5 0.0103 0.09853292781642932
45.5 0.0069 0.1203858530857692
46.5 0.0051 0.14002800840280097
47.5 0.0037999999999999996 0.16222142113076254
48.5 0.0027 0.19245008972987526
49.5 0.0027 0.19245008972987526
50.5 0.0015 0.2581988897471611
51.5 0.0017000000000000001 0.24253562503633297
52.5 0.0007 0.3779644730092272
53.5 0.0007999999999999999 0.3535533905932738
54.5 0.0006 0.4082482904638631
55.5 0.0002 0.7071067811865475
56.5 0.0003 0.5773502691896258
57.5 0.0 inf
58.5 0.0001 1.0
59.5 0.00039999999999999996 0.5000000000000001
60.5 0.0001 1.0
61.5 0.0 inf
62.5 0.0 inf
63.5 0.0 inf
64.5 0.0002 0.7071067811865475
65.5 0.0 inf
66.5 0.0 inf
67.5 0.0001 1.0
68.5 0.0 inf
69.5 0.0 inf
70.5 0.0 inf
71.5 0.0 inf
72.5 0.0 inf
73.5 0.0 inf
74.5 0.0 inf
75.5 0.0 inf
76.5 0.0 inf
77.5 0.0 inf
78.5 0.0 inf
79.5 0.0 inf
80.5 0.0 inf
81.5 0.0 inf
82.5 0.0 inf
83.5 0.0 inf
84.5 0.0 inf
85.5 0.0 inf
86.5 0.0 inf
87.5 0.0 inf
88.5 0.0 inf
89.5 0.0 inf
90.5 0.0 inf
91.5 0.0 inf
92.5 0.0 inf
93.5 0.0 inf
94.5 0.0 inf
95.5 0.0 inf
96.5 0.0 inf
97.5 0.0 inf
