0.5 38.7416 0.001606612803340468
1.5 20.4344 0.002212172834152414
2.5 20.6749 0.002199268688808998
3.5 19.027700000000003 0.0022924868450819717
4.5 16.7622 0.002442499541741332
5.5 15.0252 0.0025798227557545118
6.5 13.2406 0.0027481862802701453
7.5 11.6954 0.0029241016109278766
8.5 10.4513 0.0030932487274012927
9.5 9.206800000000001 0.0032956846215519307
10.5 8.248899999999999 0.003481785245868165
11.5 7.1852 0.003730616179309473
12.5 6.4415 0.003940093196126565
13.5 5.652200000000001 0.004206212790133166
14.5 4.9288 0.0045043217177856395
15.5 4.3496 0.004794853472955199
16.5 3.7658 0.005153133271741687
17.5 3.2982 0.00550632075431028
18.5 2.8678 0.005905077064858734
19.5 2.4173 0.00643183247239572
20.5 2.0822 0.006930088470767144
21.5 1.7722 0.007511793383572935
22.5 1.4918 0.008187375303385884
23.5 1.2424 0.008971587117252268
24.5 1.0596 0.00971469175723501
25.5 0.8427 0.010893401305464637
26.5 0.7181 0.011800693665161057
27.5 0.5966 0.012946678858416036
28.5 0.4915 0.01426389847107313
29.5 0.3886 0.0160416339428808
30.5 0.3164 0.017777953363369448
31.5 0.2635 0.019480930197663147
32.5 0.2097 0.021837392736013945
33.5 0.15910000000000002 0.02507061052819501
34.5 0.1284 0.02790727860929738
35.5 0.1005 0.031544014893825585
36.5 0.0803 0.035289233662029275
37.5 0.0636 0.03965257928590721
38.5 0.0501 0.04467670516087703
39.5 0.0374 0.051708768999501914
40.5 0.0288 0.05892556509887897
41.5 0.0216 0.06804138174397717
42.5 0.0177 0.07516460280028289
43.5 0.0136 0.08574929257125441
44.5 0.0093 0.10369516947304253
45.5 0.0088 0.10660035817780521
46.5 0.006 0.12909944487358055
47.5 0.0054 0.13608276348795434
48.5 0.0018 0.23570226039551587
49.5 0.002 0.22360679774997896
50.5 0.0019000000000000002 0.22941573387056174
51.5 0.0018 0.23570226039551587
52.5 0.0008 0.35355339059327373
53.5 0.0002 0.7071067811865475
54.5 0.0002 0.7071067811865475
55.5 0.00030000000000000003 0.5773502691896257
56.5 0.0002 0.7071067811865475
57.5 0.00030000000000000003 0.5773502691896257
58.5 0.0 inf
59.5 0.0 inf
60.5 0.0001 1.0
61.5 0.0 inf
62.5 0.0 inf
63.5 0.0001 1.0
64.5 0.0 inf
65.5 0.0 inf
66.5 0.0 inf
67.5 0.0001 1.0
68.5 0.0 inf
69.5 0.0 inf
70.5 0.0 inf
71.5 0.0 inf
72.5 0.0 inf
73.5 0.0 inf
74.5 0.0 inf
75.5 0.0 inf
76.5 0.0 inf
77.5 0.0 inf
78.5 0.0 inf
79.5 0.0 inf
80.5 0.0 inf
81.5 0.0 inf
82.5 0.0 inf
83.5 0.0 inf
84.5 0.0 inf
85.5 0.0 inf
86.5 0.0 inf
87.5 0.0 inf
88.5 0.0 inf
89.5 0.0 inf
90.5 0.0 inf
91.5 0.0 inf
92.5 0.0 inf
93.5 0.0 inf
94.5 0.0 inf
95.5 0.0 inf
96.5 0.0 inf
97.5 0.0 inf
