0.5 59709.0 0.004092419083175072
1.5 27347.0 0.006047072209962626
2.5 24383.0 0.006404075313239488
3.5 19821.0 0.007102924840837509
4.5 15508.0 0.008030121266988958
5.5 12052.0 0.009108994471698278
6.5 9618.0 0.01019665237674815
7.5 7624.0 0.011452717708784404
8.5 6111.0 0.01279215927422227
9.5 4868.0 0.014332591242820382
10.5 3966.0 0.015879018148092575
11.5 3258.0 0.017519611040921222
12.5 2639.0 0.019466160726095222
13.5 2091.0 0.02186870084203477
14.5 1705.0 0.02421797398482414
15.5 1458.0 0.026189140043946204
16.5 1146.0 0.02953980956336956
17.5 899.0 0.033351867298253506
18.5 756.0 0.036369648372665396
19.5 583.0 0.041415768328129106
20.5 448.0 0.0472455591261534
21.5 379.0 0.051366549693751415
22.5 308.0 0.05698028822981897
23.5 254.0 0.06274558051381586
24.5 184.0 0.07372097807744857
25.5 150.0 0.08164965809277261
26.5 104.0 0.09805806756909202
27.5 87.0 0.10721125348377948
28.5 72.0 0.11785113019775793
29.5 61.0 0.12803687993289598
30.5 39.0 0.16012815380508713
31.5 29.0 0.18569533817705186
32.5 22.0 0.21320071635561041
33.5 18.0 0.23570226039551587
34.5 10.0 0.31622776601683794
35.5 9.0 0.3333333333333333
36.5 4.0 0.5
37.5 2.0 0.7071067811865475
38.5 6.0 0.4082482904638631
39.5 0.0 inf
40.5 1.0 1.0
41.5 2.0 0.7071067811865475
42.5 3.0 0.5773502691896258
43.5 0.0 inf
44.5 1.0 1.0
45.5 1.0 1.0
46.5 0.0 inf
47.5 0.0 inf
48.5 0.0 inf
49.5 0.0 inf
50.5 0.0 inf
51.5 0.0 inf
52.5 0.0 inf
53.5 0.0 inf
54.5 0.0 inf
55.5 0.0 inf
56.5 0.0 inf
57.5 0.0 inf
58.5 0.0 inf
59.5 0.0 inf
60.5 0.0 inf
61.5 0.0 inf
62.5 0.0 inf
63.5 0.0 inf
64.5 0.0 inf
65.5 0.0 inf
66.5 0.0 inf
67.5 0.0 inf
68.5 0.0 inf
69.5 0.0 inf
70.5 0.0 inf
71.5 0.0 inf
72.5 0.0 inf
73.5 0.0 inf
74.5 0.0 inf
75.5 0.0 inf
76.5 0.0 inf
77.5 0.0 inf
78.5 0.0 inf
79.5 0.0 inf
80.5 0.0 inf
81.5 0.0 inf
82.5 0.0 inf
83.5 0.0 inf
84.5 0.0 inf
85.5 0.0 inf
86.5 0.0 inf
87.5 0.0 inf
88.5 0.0 inf
89.5 0.0 inf
90.5 0.0 inf
91.5 0.0 inf
92.5 0.0 inf
93.5 0.0 inf
94.5 0.0 inf
95.5 0.0 inf
96.5 0.0 inf
97.5 0.0 inf
