0.0001
0.000105
0.00011
0.000115
0.00012
0.000126
0.000132
0.000138
0.000145
0.000152
0.000159
0.000167
0.000175
0.000183
0.000192
0.000201
0.00021
0.000221
0.000231
0.000242
0.000254
0.000266
0.000278
0.000292
0.000305
0.00032
0.000335
0.000351
0.000368
0.000385
0.000404
0.000423
0.000443
0.000464
0.000486
0.000509
0.000534
0.000559
0.000586
0.000614
0.000643
0.000673
0.000705
0.000739
0.000774
0.000811
0.00085
0.00089
0.000933
0.000977
0.00102
0.00107
0.00112
0.00118
0.00123
0.00129
0.00135
0.00142
0.00148
0.00156
0.00163
0.00171
0.00179
0.00187
0.00196
0.00206
0.00215
0.00226
0.00236
0.00248
0.0026
0.00272
0.00285
0.00298
0.00313
0.00327
0.00343
0.00359
0.00376
0.00394
0.00413
0.00433
0.00453
0.00475
0.00498
0.00521
0.00546
0.00572
0.00599
0.00628
0.00658
0.00689
0.00722
0.00756
0.00792
0.0083
0.0087
0.00911
0.00955
0.01
