0.001
0.00107
0.00115
0.00123
0.00132
0.00142
0.00152
0.00163
0.00175
0.00187
0.00201
0.00215
0.00231
0.00248
0.00266
0.00285
0.00305
0.00327
0.00351
0.00376
0.00404
0.00433
0.00464
0.00498
0.00534
0.00572
0.00614
0.00658
0.00705
0.00756
0.00811
0.0087
0.00933
0.01
0.0107
0.0115
0.0123
0.0132
0.0142
0.0152
0.0163
0.0175
0.0187
0.0201
0.0215
0.0231
0.0248
0.0266
0.0285
0.0305
0.0327
0.0351
0.0376
0.0404
0.0433
0.0464
0.0498
0.0534
0.0572
0.0614
0.0658
0.0705
0.0756
0.0811
0.087
0.0933
0.1
0.107
0.115
0.123
0.132
0.142
0.152
0.163
0.175
0.187
0.201
0.215
0.231
0.248
0.266
0.285
0.305
0.327
0.351
0.376
0.404
0.433
0.464
0.498
0.534
0.572
0.614
0.658
0.705
0.756
0.811
0.87
0.933
1.0
