0.5 52.9461 0.0013743046381926036
1.5 24.9406 0.0020023802424328496
2.5 24.1393 0.0020353432626950808
3.5 21.3843 0.0021624818982438924
4.5 18.435000000000002 0.0023290479458669376
5.5 16.2825 0.0024782177119435193
6.5 14.159500000000001 0.0026575169371153154
7.5 12.4449 0.002834681663245734
8.5 11.04 0.00300964632714423
9.5 9.5548 0.003235111098372602
10.5 8.5761 0.0034147198709026548
11.5 7.465400000000001 0.003659935727701043
12.5 6.642200000000001 0.003880109892476518
13.5 5.833 0.004140511658077267
14.5 5.0939 0.0044307249677857236
15.5 4.4041999999999994 0.004765039265395712
16.5 3.9360999999999997 0.005040422461559258
17.5 3.3787000000000003 0.005440329249984825
18.5 2.8814 0.0058911248132433374
19.5 2.4290000000000003 0.006416323357993666
20.5 2.1285 0.006854301009605541
21.5 1.8075999999999999 0.007437874285575706
22.5 1.5309 0.008082144082814532
23.5 1.2496 0.008945703337056415
24.5 1.0708 0.009663752947535695
25.5 0.8801000000000001 0.010659430185543132
26.5 0.7250000000000001 0.01174440439029407
27.5 0.5751999999999999 0.013185316568747246
28.5 0.5063 0.01405387337722316
29.5 0.4064 0.015686395128453965
30.5 0.32330000000000003 0.017587218033813176
31.5 0.265 0.019425717247145282
32.5 0.2108 0.021780342093451605
33.5 0.17049999999999998 0.02421797398482414
34.5 0.1301 0.027724348650071385
35.5 0.09770000000000001 0.031992834407549194
36.5 0.0818 0.034964180063753285
37.5 0.0617 0.04025848411142373
38.5 0.0494 0.04499212706658475
39.5 0.0363 0.0524863881081478
40.5 0.029 0.058722021951470346
41.5 0.0224 0.0668153104781061
42.5 0.017 0.07669649888473704
43.5 0.012199999999999999 0.09053574604251854
44.5 0.01 0.1
45.5 0.0085 0.10846522890932808
46.5 0.0072 0.11785113019775793
47.5 0.004399999999999999 0.15075567228888184
48.5 0.0036 0.16666666666666666
49.5 0.0019000000000000002 0.22941573387056174
50.5 0.0023 0.20851441405707477
51.5 0.0011 0.30151134457776363
52.5 0.0007 0.3779644730092272
53.5 0.0007 0.3779644730092272
54.5 0.00030000000000000003 0.5773502691896257
55.5 0.0005 0.4472135954999579
56.5 0.0005 0.4472135954999579
57.5 0.0001 1.0
58.5 0.0003 0.5773502691896258
59.5 0.0001 1.0
60.5 0.0002 0.7071067811865475
61.5 0.0 inf
62.5 0.0001 1.0
63.5 0.0001 1.0
64.5 0.0 inf
65.5 0.0 inf
66.5 0.0 inf
67.5 0.0 inf
68.5 0.0 inf
69.5 0.0 inf
70.5 0.0 inf
71.5 0.0 inf
72.5 0.0 inf
73.5 0.0 inf
74.5 0.0 inf
75.5 0.0 inf
76.5 0.0 inf
77.5 0.0 inf
78.5 0.0 inf
79.5 0.0 inf
80.5 0.0 inf
81.5 0.0 inf
82.5 0.0 inf
83.5 0.0 inf
84.5 0.0 inf
85.5 0.0 inf
86.5 0.0 inf
87.5 0.0 inf
88.5 0.0 inf
89.5 0.0 inf
90.5 0.0 inf
91.5 0.0 inf
92.5 0.0 inf
93.5 0.0 inf
94.5 0.0 inf
95.5 0.0 inf
96.5 0.0 inf
97.5 0.0 inf
