0.5 38.4544 0.0016126012059960028
1.5 20.351100000000002 0.0022166955827255205
2.5 20.5349 0.0022067528891778713
3.5 18.9145 0.002299336679562993
4.5 16.651899999999998 0.0024505755883368996
5.5 14.929300000000001 0.0025880953795528474
6.5 13.1463 0.002758025204146462
7.5 11.6069 0.0029352282499852246
8.5 10.414 0.003098783346622784
9.5 9.0687 0.003320683485596984
10.5 8.1769 0.0034970807189383182
11.5 7.1817 0.0037315251260884026
12.5 6.4133 0.003948746210522733
13.5 5.5557 0.004242585533865839
14.5 4.9546 0.004492578773651068
15.5 4.2548 0.0048479755929477075
16.5 3.7711 0.0051495108261427535
17.5 3.2888 0.005514184182209514
18.5 2.7617000000000003 0.006017439742543932
19.5 2.4104 0.006441031760728626
20.5 2.0308 0.007017241491953342
21.5 1.7835 0.007487958748050333
22.5 1.4662 0.00825854220196252
23.5 1.2598 0.008909415188252601
24.5 1.0325 0.009841356626102459
25.5 0.8745 0.010693505400348576
26.5 0.7105 0.01186363997910571
27.5 0.5681 0.013267454452533899
28.5 0.5051 0.014070557839027054
29.5 0.3952 0.015907119074394443
30.5 0.32020000000000004 0.01767214784609008
31.5 0.2646 0.019440394783993478
32.5 0.2099 0.021826986543983434
33.5 0.1598 0.025015639663712997
34.5 0.12990000000000002 0.027745683280893146
35.5 0.1017 0.03135736227945324
36.5 0.08030000000000001 0.03528923366202927
37.5 0.0676 0.038461538461538464
38.5 0.0506 0.044455422447438706
39.5 0.038 0.051298917604257706
40.5 0.0318 0.056077215409204434
41.5 0.022199999999999998 0.06711560552140243
42.5 0.0151 0.08137884587711594
43.5 0.0134 0.08638684255813601
44.5 0.0087 0.10721125348377948
45.5 0.0072 0.11785113019775793
46.5 0.005 0.1414213562373095
47.5 0.0054 0.13608276348795434
48.5 0.0038 0.16222142113076254
49.5 0.0026 0.19611613513818404
50.5 0.0014 0.2672612419124244
51.5 0.0007999999999999999 0.3535533905932738
52.5 0.0009 0.3333333333333333
53.5 0.0006000000000000001 0.40824829046386296
54.5 0.00030000000000000003 0.5773502691896257
55.5 0.00039999999999999996 0.5000000000000001
56.5 0.00039999999999999996 0.5000000000000001
57.5 0.00030000000000000003 0.5773502691896257
58.5 0.0002 0.7071067811865475
59.5 0.0001 1.0
60.5 0.0 inf
61.5 0.0 inf
62.5 0.0 inf
63.5 0.0001 1.0
64.5 0.0001 1.0
65.5 0.0 inf
66.5 0.0 inf
67.5 0.0 inf
68.5 0.0 inf
69.5 0.0 inf
70.5 0.0 inf
71.5 0.0 inf
72.5 0.0 inf
73.5 0.0 inf
74.5 0.0 inf
75.5 0.0 inf
76.5 0.0 inf
77.5 0.0 inf
78.5 0.0 inf
79.5 0.0 inf
80.5 0.0 inf
81.5 0.0 inf
82.5 0.0 inf
83.5 0.0 inf
84.5 0.0 inf
85.5 0.0 inf
86.5 0.0 inf
87.5 0.0 inf
88.5 0.0 inf
89.5 0.0 inf
90.5 0.0 inf
91.5 0.0 inf
92.5 0.0 inf
93.5 0.0 inf
94.5 0.0 inf
95.5 0.0 inf
96.5 0.0 inf
97.5 0.0 inf
