0.5 38.6374 0.0016087777566756386
1.5 20.3539 0.0022165431067600956
2.5 20.658299999999997 0.0022001521237769387
3.5 19.0199 0.002292956867650217
4.5 16.7313 0.0024447539517773588
5.5 14.9526 0.0025860781339762653
6.5 13.1358 0.0027591272869988324
7.5 11.721599999999999 0.002920831821803257
8.5 10.4022 0.003100540440294113
9.5 9.136099999999999 0.003308411926396283
10.5 8.231300000000001 0.0034855055998034164
11.5 7.2222 0.0037210477623695224
12.5 6.4318 0.003943063166047515
13.5 5.6482 0.00420770192591236
14.5 4.9521 0.004493712639059805
15.5 4.2765 0.0048356600470595935
16.5 3.7853000000000003 0.005139842931883824
17.5 3.269 0.005530858397761648
18.5 2.8105 0.005964969195114566
19.5 2.402 0.006452284351726685
20.5 2.0623 0.006963443867933944
21.5 1.7584 0.00754121221758452
22.5 1.4904 0.008191219786383175
23.5 1.2519 0.008937482002861978
24.5 1.0526 0.009746940550013763
25.5 0.8625 0.01076763804116331
26.5 0.7142 0.011832869559673257
27.5 0.5729 0.013211757353930011
28.5 0.4942 0.01422488059151916
29.5 0.38849999999999996 0.016043698370396316
30.5 0.3194 0.017694265686843822
31.5 0.263 0.019499439399175793
32.5 0.2038 0.022151233248863027
33.5 0.1608 0.024937733402690822
34.5 0.1266 0.028104971365967134
35.5 0.1021 0.03129587719622029
36.5 0.0801 0.03533326266687867
37.5 0.0666 0.038749212914606423
38.5 0.0474 0.04593152121746254
39.5 0.0395 0.05031546054266276
40.5 0.0293 0.0584206237836986
41.5 0.0242 0.0642824346533225
42.5 0.017 0.07669649888473704
43.5 0.0126 0.0890870806374748
44.5 0.0116 0.09284766908852593
45.5 0.0072 0.11785113019775793
46.5 0.0057 0.13245323570650439
47.5 0.0043 0.15249857033260467
48.5 0.0026 0.19611613513818404
49.5 0.0024000000000000002 0.20412414523193148
50.5 0.0017000000000000001 0.24253562503633297
51.5 0.0006 0.4082482904638631
52.5 0.0007 0.3779644730092272
53.5 0.0003 0.5773502691896258
54.5 0.0006000000000000001 0.40824829046386296
55.5 0.00039999999999999996 0.5000000000000001
56.5 0.0002 0.7071067811865475
57.5 0.0002 0.7071067811865475
58.5 0.0002 0.7071067811865475
59.5 0.0 inf
60.5 0.0001 1.0
61.5 0.0 inf
62.5 0.0 inf
63.5 0.0001 1.0
64.5 0.0 inf
65.5 0.0 inf
66.5 0.0 inf
67.5 0.0 inf
68.5 0.0 inf
69.5 0.0 inf
70.5 0.0 inf
71.5 0.0 inf
72.5 0.0 inf
73.5 0.0 inf
74.5 0.0 inf
75.5 0.0 inf
76.5 0.0 inf
77.5 0.0 inf
78.5 0.0 inf
79.5 0.0 inf
80.5 0.0 inf
81.5 0.0 inf
82.5 0.0 inf
83.5 0.0 inf
84.5 0.0 inf
85.5 0.0 inf
86.5 0.0 inf
87.5 0.0 inf
88.5 0.0 inf
89.5 0.0 inf
90.5 0.0 inf
91.5 0.0 inf
92.5 0.0 inf
93.5 0.0 inf
94.5 0.0 inf
95.5 0.0 inf
96.5 0.0 inf
97.5 0.0 inf
