0.5 41.0213 0.001561332106011589
1.5 21.6 0.002151657414559676
2.5 21.776899999999998 0.002142900329293851
3.5 19.92 0.002240553574741104
4.5 17.4723 0.0023923513437042617
5.5 15.5367 0.0025370008341368358
6.5 13.6399 0.002707661730833831
7.5 12.1594 0.0028677674250958724
8.5 10.7591 0.0030486813075270144
9.5 9.370000000000001 0.003266857601924005
10.5 8.4397 0.0034422031312471464
11.5 7.354 0.0036875522887098154
12.5 6.5672999999999995 0.003902173472066551
13.5 5.7613 0.0041661965494830385
14.5 5.111800000000001 0.00442296062560423
15.5 4.3833 0.004776385841027749
16.5 3.8274 0.005111496570349242
17.5 3.3481 0.005465133680922538
18.5 2.8534 0.005919958626737724
19.5 2.4628 0.006372141739826915
20.5 2.1207000000000003 0.006866894605571362
21.5 1.8090000000000002 0.0074349956124245085
22.5 1.4938 0.008181892562997761
23.5 1.256 0.008922882628103122
24.5 1.0708 0.009663752947535695
25.5 0.8617999999999999 0.010772010178951196
26.5 0.7127 0.011845315171457227
27.5 0.602 0.012888481555661675
28.5 0.5059 0.014059428268103007
29.5 0.4072 0.015670978520180567
30.5 0.3275 0.01747408113322076
31.5 0.2629 0.01950314757443023
32.5 0.20229999999999998 0.022233204294660427
33.5 0.1565 0.025278006958277935
34.5 0.12869999999999998 0.02787473366690303
35.5 0.0996 0.031686212526223896
36.5 0.0807 0.03520166719043815
37.5 0.06509999999999999 0.03919309008348103
38.5 0.045399999999999996 0.04693232544639321
39.5 0.0378 0.05143444998736397
40.5 0.03 0.05773502691896257
41.5 0.0221 0.06726727939963124
42.5 0.0184 0.07372097807744857
43.5 0.012 0.09128709291752768
44.5 0.0088 0.10660035817780521
45.5 0.008 0.11180339887498948
46.5 0.0043 0.15249857033260467
47.5 0.0029 0.18569533817705186
48.5 0.0033 0.17407765595569785
49.5 0.0028 0.1889822365046136
50.5 0.0018 0.23570226039551587
51.5 0.0017000000000000001 0.24253562503633297
52.5 0.0008 0.35355339059327373
53.5 0.0006000000000000001 0.40824829046386296
54.5 0.0002 0.7071067811865475
55.5 0.00030000000000000003 0.5773502691896257
56.5 0.0001 1.0
57.5 0.0001 1.0
58.5 0.0 inf
59.5 0.0 inf
60.5 0.0 inf
61.5 0.0001 1.0
62.5 0.0 inf
63.5 0.0 inf
64.5 0.0 inf
65.5 0.0001 1.0
66.5 0.0 inf
67.5 0.0 inf
68.5 0.0 inf
69.5 0.0 inf
70.5 0.0 inf
71.5 0.0 inf
72.5 0.0 inf
73.5 0.0 inf
74.5 0.0 inf
75.5 0.0 inf
76.5 0.0 inf
77.5 0.0 inf
78.5 0.0 inf
79.5 0.0 inf
80.5 0.0 inf
81.5 0.0 inf
82.5 0.0 inf
83.5 0.0 inf
84.5 0.0 inf
85.5 0.0 inf
86.5 0.0 inf
87.5 0.0 inf
88.5 0.0 inf
89.5 0.0 inf
90.5 0.0 inf
91.5 0.0 inf
92.5 0.0 inf
93.5 0.0 inf
94.5 0.0 inf
95.5 0.0 inf
96.5 0.0 inf
97.5 0.0 inf
