0.5 38.515299999999996 0.0016113257873272174
1.5 20.305600000000002 0.0022191777357185713
2.5 20.559199999999997 0.0022054483649292895
3.5 18.8408 0.002303829474862737
4.5 16.7612 0.0024425724023692096
5.5 15.019 0.0025803551896952126
6.5 13.074300000000001 0.002765608981998368
7.5 11.599 0.0029362276618384027
8.5 10.477799999999998 0.0030893345953144163
9.5 9.1123 0.0033127296538853503
10.5 8.159099999999999 0.0035008932793613857
11.5 7.2001 0.0037267540823528278
12.5 6.3936 0.003954824982302079
13.5 5.5934 0.004228263663597174
14.5 4.9343 0.004501810654737532
15.5 4.287000000000001 0.004829734509546412
16.5 3.7560000000000002 0.005159851563525299
17.5 3.2855 0.0055169527472400245
18.5 2.8034999999999997 0.005972411455270552
19.5 2.3817 0.006479723461671194
20.5 2.0757000000000003 0.0069409306843357865
21.5 1.779 0.007497423203584556
22.5 1.4769 0.008228571643521873
23.5 1.2502 0.008943556454099923
24.5 1.0248 0.009878259746169994
25.5 0.8579 0.010796467110271652
26.5 0.709 0.011876183038093588
27.5 0.5709 0.013234879103074857
28.5 0.48960000000000004 0.014291548761875737
29.5 0.39339999999999997 0.015943469019386602
30.5 0.32130000000000003 0.017641870800832102
31.5 0.2569 0.019729584892914265
32.5 0.2003 0.02234392810843759
33.5 0.1617 0.02486823656509969
34.5 0.1359 0.027126281959038646
35.5 0.1078 0.03045724519365863
36.5 0.0762 0.03622617780011092
37.5 0.0643 0.03943615033625495
38.5 0.0527 0.04356068418690321
39.5 0.0353 0.05322462954123495
40.5 0.028499999999999998 0.05923488777590923
41.5 0.0248 0.06350006350009525
42.5 0.016300000000000002 0.07832604499879572
43.5 0.0123 0.09016696346674323
44.5 0.0116 0.09284766908852593
45.5 0.0071 0.11867816581938533
46.5 0.0063 0.1259881576697424
47.5 0.0052 0.1386750490563073
48.5 0.0037 0.1643989873053573
49.5 0.0012000000000000001 0.28867513459481287
50.5 0.0018 0.23570226039551587
51.5 0.0013 0.2773500981126146
52.5 0.0006 0.4082482904638631
53.5 0.0007 0.3779644730092272
54.5 0.0002 0.7071067811865475
55.5 0.0002 0.7071067811865475
56.5 0.0001 1.0
57.5 0.00030000000000000003 0.5773502691896257
58.5 0.0001 1.0
59.5 0.0001 1.0
60.5 0.0 inf
61.5 0.00030000000000000003 0.5773502691896257
62.5 0.0001 1.0
63.5 0.0001 1.0
64.5 0.0 inf
65.5 0.0 inf
66.5 0.0 inf
67.5 0.0 inf
68.5 0.0 inf
69.5 0.0 inf
70.5 0.0 inf
71.5 0.0 inf
72.5 0.0 inf
73.5 0.0 inf
74.5 0.0 inf
75.5 0.0 inf
76.5 0.0 inf
77.5 0.0 inf
78.5 0.0 inf
79.5 0.0 inf
80.5 0.0 inf
81.5 0.0 inf
82.5 0.0 inf
83.5 0.0 inf
84.5 0.0 inf
85.5 0.0 inf
86.5 0.0 inf
87.5 0.0 inf
88.5 0.0 inf
89.5 0.0 inf
90.5 0.0 inf
91.5 0.0 inf
92.5 0.0 inf
93.5 0.0 inf
94.5 0.0 inf
95.5 0.0 inf
96.5 0.0 inf
97.5 0.0 inf
