0.5 38.4537 0.0016126158835914884
1.5 20.274900000000002 0.00222085722577933
2.5 20.5972 0.002203412997799392
3.5 18.8343 0.0023042269836577147
4.5 16.66 0.002449979787750126
5.5 14.9668 0.002584851050569588
6.5 13.0567 0.002767472329021408
7.5 11.667300000000001 0.002927620755932063
8.5 10.410599999999999 0.003099289321460522
9.5 9.044899999999998 0.0033250495010038366
10.5 8.1891 0.0034944747984579946
11.5 7.1161 0.003748685262050202
12.5 6.4126 0.003948961727389412
13.5 5.619400000000001 0.004218470597369786
14.5 4.946300000000001 0.0044963465166349015
15.5 4.2798 0.004833795385692257
16.5 3.7804 0.005143172880385878
17.5 3.2552 0.005542569678714137
18.5 2.7792000000000003 0.0059984645895724545
19.5 2.3853 0.006474831873056302
20.5 2.0366 0.007007242223759738
21.5 1.7386 0.00758403209714789
22.5 1.4806 0.008218283665761026
23.5 1.2606000000000002 0.008906587700022634
24.5 1.0444 0.009785129292256773
25.5 0.8552 0.010813496746208505
26.5 0.7169000000000001 0.011810565970567406
27.5 0.5817 0.013111442300614298
28.5 0.5024 0.014108316199577508
29.5 0.3977 0.01585704302280871
30.5 0.31799999999999995 0.01773317255329772
31.5 0.2561 0.019760376304381096
32.5 0.2087 0.021889647878295008
33.5 0.16160000000000002 0.024875929755249725
34.5 0.1217 0.028665182485640765
35.5 0.1001 0.0316069770620507
36.5 0.0828 0.034752402342845795
37.5 0.0648 0.039283710065919304
38.5 0.047 0.04612656040144425
39.5 0.0314 0.05643326479831003
40.5 0.0271 0.0607456739230787
41.5 0.0217 0.06788442333021306
42.5 0.016 0.07905694150420949
43.5 0.013000000000000001 0.08770580193070293
44.5 0.011300000000000001 0.09407208683835973
45.5 0.0087 0.10721125348377948
46.5 0.006 0.12909944487358055
47.5 0.0048000000000000004 0.14433756729740643
48.5 0.0031 0.1796053020267749
49.5 0.0019000000000000002 0.22941573387056174
50.5 0.0015 0.2581988897471611
51.5 0.0012000000000000001 0.28867513459481287
52.5 0.0007999999999999999 0.3535533905932738
53.5 0.0006 0.4082482904638631
54.5 0.0007 0.3779644730092272
55.5 0.0 inf
56.5 0.0003 0.5773502691896258
57.5 0.00039999999999999996 0.5000000000000001
58.5 0.0 inf
59.5 0.0 inf
60.5 0.0 inf
61.5 0.0 inf
62.5 0.0002 0.7071067811865475
63.5 0.0 inf
64.5 0.0 inf
65.5 0.0 inf
66.5 0.0 inf
67.5 0.0 inf
68.5 0.0 inf
69.5 0.0 inf
70.5 0.0 inf
71.5 0.0 inf
72.5 0.0 inf
73.5 0.0 inf
74.5 0.0 inf
75.5 0.0 inf
76.5 0.0 inf
77.5 0.0 inf
78.5 0.0 inf
79.5 0.0 inf
80.5 0.0 inf
81.5 0.0 inf
82.5 0.0 inf
83.5 0.0 inf
84.5 0.0 inf
85.5 0.0 inf
86.5 0.0 inf
87.5 0.0 inf
88.5 0.0 inf
89.5 0.0 inf
90.5 0.0 inf
91.5 0.0 inf
92.5 0.0 inf
93.5 0.0 inf
94.5 0.0 inf
95.5 0.0 inf
96.5 0.0 inf
97.5 0.0 inf
