0.5 40.0987 0.0015791917027151237
1.5 21.1816 0.0021728043335871253
2.5 21.3995 0.0021617137596485125
3.5 19.598399999999998 0.0022588619575920547
4.5 17.2042 0.0024109197723354717
5.5 15.4535 0.002543821137810069
6.5 13.510100000000001 0.002720637739995776
7.5 12.000399999999999 0.0028867032346284764
8.5 10.7518 0.003049716092271034
9.5 9.3415 0.003271837237736507
10.5 8.3611 0.003458344804129698
11.5 7.325900000000001 0.0036946177035560306
12.5 6.5411 0.00390998062785347
13.5 5.7283 0.00417817977721401
14.5 5.0463000000000005 0.004451572667861132
15.5 4.3886 0.004773500810198008
16.5 3.8392 0.005103635287165913
17.5 3.3319 0.005478403558463563
18.5 2.8728999999999996 0.005899833361560021
19.5 2.4322 0.006412101050481713
20.5 2.0875000000000004 0.0069212854020598265
21.5 1.778 0.007499531293940735
22.5 1.5030000000000001 0.008156813070539939
23.5 1.2682 0.008879860139752274
24.5 1.0495999999999999 0.00976086011803788
25.5 0.8613999999999999 0.010774510935845931
26.5 0.724 0.01175251236805671
27.5 0.5919 0.012997978971392708
28.5 0.5102 0.014000056000336
29.5 0.4074 0.01566713146512808
30.5 0.32920000000000005 0.017428904359393742
31.5 0.2673 0.019341961772855316
32.5 0.1989 0.02242242646654375
33.5 0.162 0.024845199749997663
34.5 0.1273 0.028027592733560525
35.5 0.10439999999999999 0.030949223029508647
36.5 0.0776 0.03589790793088691
37.5 0.0617 0.04025848411142373
38.5 0.055099999999999996 0.042601432284230495
39.5 0.0383 0.0510976130307596
40.5 0.0302 0.0575435337648436
41.5 0.0223 0.06696495301824251
42.5 0.0182 0.07412493166611012
43.5 0.0141 0.0842151921066519
44.5 0.011200000000000002 0.0944911182523068
45.5 0.007599999999999999 0.1147078669352809
46.5 0.0055 0.13483997249264842
47.5 0.0051 0.14002800840280097
48.5 0.0039 0.16012815380508713
49.5 0.0028 0.1889822365046136
50.5 0.0015 0.2581988897471611
51.5 0.0013 0.2773500981126146
52.5 0.0012000000000000001 0.28867513459481287
53.5 0.0007 0.3779644730092272
54.5 0.0001 1.0
55.5 0.0001 1.0
56.5 0.00030000000000000003 0.5773502691896257
57.5 0.0001 1.0
58.5 0.00039999999999999996 0.5000000000000001
59.5 0.0001 1.0
60.5 0.0 inf
61.5 0.0 inf
62.5 0.0 inf
63.5 0.0 inf
64.5 0.0 inf
65.5 0.0 inf
66.5 0.0 inf
67.5 0.0 inf
68.5 0.0 inf
69.5 0.0 inf
70.5 0.0 inf
71.5 0.0 inf
72.5 0.0 inf
73.5 0.0 inf
74.5 0.0 inf
75.5 0.0 inf
76.5 0.0 inf
77.5 0.0 inf
78.5 0.0 inf
79.5 0.0 inf
80.5 0.0 inf
81.5 0.0 inf
82.5 0.0 inf
83.5 0.0 inf
84.5 0.0 inf
85.5 0.0 inf
86.5 0.0 inf
87.5 0.0 inf
88.5 0.0 inf
89.5 0.0 inf
90.5 0.0 inf
91.5 0.0 inf
92.5 0.0 inf
93.5 0.0 inf
94.5 0.0 inf
95.5 0.0 inf
96.5 0.0 inf
97.5 0.0 inf
