0.5 38.449 0.001612714443541605
1.5 20.3097 0.002218953727290163
2.5 20.6163 0.0022023920837593784
3.5 18.8442 0.0023036216291179397
4.5 16.5778 0.002456046313846583
5.5 14.9214 0.002588780410715588
6.5 13.1174 0.002761061746239705
7.5 11.6593 0.002928624973589454
8.5 10.4312 0.003096227501518765
9.5 9.078199999999999 0.0033189455446784454
10.5 8.143 0.0035043524804530967
11.5 7.2027 0.003726081387724698
12.5 6.429 0.00394392172686651
13.5 5.5741 0.004235577397846565
14.5 4.9115 0.004512247633169514
15.5 4.3078 0.004818060332919403
16.5 3.7483 0.005165148694697703
17.5 3.2752999999999997 0.005525536567740055
18.5 2.7864 0.005990709622413245
19.5 2.3926 0.0064649467311595
20.5 2.0359 0.007008446764258705
21.5 1.7406 0.007579673708133754
22.5 1.496 0.008175874252096607
23.5 1.2627000000000002 0.008899178332301277
24.5 1.0481 0.00976784230266285
25.5 0.8511 0.010839511357170368
26.5 0.7139 0.01183535554371126
27.5 0.5665 0.01328617727638744
28.5 0.4769 0.014480592720167369
29.5 0.3958 0.015895057564452583
30.5 0.32089999999999996 0.01765286262171212
31.5 0.2522 0.019912576573338177
32.5 0.2101 0.021816595214404266
33.5 0.16049999999999998 0.024961028814965897
34.5 0.1267 0.02809387802771537
35.5 0.1043 0.030964056111131625
36.5 0.0764 0.03617873026462108
37.5 0.0639 0.03955938860646178
38.5 0.048299999999999996 0.045501575519329006
39.5 0.0374 0.051708768999501914
40.5 0.0297 0.058025885318565944
41.5 0.0221 0.06726727939963124
42.5 0.0172 0.07624928516630233
43.5 0.0127 0.08873565094161139
44.5 0.0096 0.10206207261596577
45.5 0.006699999999999999 0.12216944435630522
46.5 0.006999999999999999 0.11952286093343939
47.5 0.0038 0.16222142113076254
48.5 0.0033 0.17407765595569785
49.5 0.0022 0.21320071635561041
50.5 0.0012000000000000001 0.28867513459481287
51.5 0.001 0.31622776601683794
52.5 0.0003 0.5773502691896258
53.5 0.0005 0.4472135954999579
54.5 0.00030000000000000003 0.5773502691896257
55.5 0.0002 0.7071067811865475
56.5 0.0001 1.0
57.5 0.0001 1.0
58.5 0.0001 1.0
59.5 0.00030000000000000003 0.5773502691896257
60.5 0.0 inf
61.5 0.0001 1.0
62.5 0.0 inf
63.5 0.0 inf
64.5 0.0 inf
65.5 0.0 inf
66.5 0.0 inf
67.5 0.0 inf
68.5 0.0 inf
69.5 0.0 inf
70.5 0.0 inf
71.5 0.0 inf
72.5 0.0 inf
73.5 0.0 inf
74.5 0.0 inf
75.5 0.0 inf
76.5 0.0 inf
77.5 0.0 inf
78.5 0.0 inf
79.5 0.0 inf
80.5 0.0 inf
81.5 0.0 inf
82.5 0.0 inf
83.5 0.0 inf
84.5 0.0 inf
85.5 0.0 inf
86.5 0.0 inf
87.5 0.0 inf
88.5 0.0 inf
89.5 0.0 inf
90.5 0.0 inf
91.5 0.0 inf
92.5 0.0 inf
93.5 0.0 inf
94.5 0.0 inf
95.5 0.0 inf
96.5 0.0 inf
97.5 0.0 inf
