0.5 38.4701 0.0016122721137585008
1.5 20.2734 0.0022209393832916782
2.5 20.5715 0.0022047889314652535
3.5 18.872 0.002301924292244078
4.5 16.683 0.002448290374273112
5.5 14.89 0.002591508580466721
6.5 13.0892 0.0027640344278774065
7.5 11.628 0.0029325639294907786
8.5 10.4185 0.0030981140549239425
9.5 9.0826 0.0033181415276872617
10.5 8.1544 0.0035019020493594834
11.5 7.1736 0.0037336312392094047
12.5 6.3916 0.003955443687423479
13.5 5.5428999999999995 0.004247481326666337
14.5 4.920999999999999 0.00450789007770286
15.5 4.2667 0.004841210271818583
16.5 3.7691999999999997 0.0051508085601284425
17.5 3.2805 0.005521155499999481
18.5 2.8266 0.005947957034302416
19.5 2.4189 0.006429704928000975
20.5 2.0869999999999997 0.006922114447448446
21.5 1.752 0.007554973565193743
22.5 1.4550999999999998 0.008289981848690115
23.5 1.2479 0.008951794578293724
24.5 1.0303 0.009851858149475123
25.5 0.8462000000000001 0.010870849656417046
26.5 0.7302 0.011702511745597511
27.5 0.56 0.013363062095621218
28.5 0.4865 0.01433700965465308
29.5 0.405 0.015713484026367724
30.5 0.3181 0.017730384976049764
31.5 0.2609 0.01957775820486337
32.5 0.20529999999999998 0.02207016221959901
33.5 0.1584 0.025125945381480302
34.5 0.1258 0.028194193721730047
35.5 0.09809999999999999 0.031927542840705044
36.5 0.0784 0.03571428571428571
37.5 0.06620000000000001 0.03886610371682358
38.5 0.0528 0.04351941398892446
39.5 0.0387 0.05083285677753489
40.5 0.0298 0.057928444636349226
41.5 0.0231 0.0657951694959769
42.5 0.0172 0.07624928516630233
43.5 0.0133 0.086710996952412
44.5 0.0085 0.10846522890932808
45.5 0.0071 0.11867816581938533
46.5 0.0060999999999999995 0.12803687993289598
47.5 0.005 0.1414213562373095
48.5 0.0031 0.1796053020267749
49.5 0.0028 0.1889822365046136
50.5 0.0015 0.2581988897471611
51.5 0.0009000000000000001 0.3333333333333333
52.5 0.0007999999999999999 0.3535533905932738
53.5 0.00030000000000000003 0.5773502691896257
54.5 0.0002 0.7071067811865475
55.5 0.00039999999999999996 0.5000000000000001
56.5 0.0 inf
57.5 0.0 inf
58.5 0.0002 0.7071067811865475
59.5 0.0001 1.0
60.5 0.0001 1.0
61.5 0.0 inf
62.5 0.0 inf
63.5 0.0 inf
64.5 0.0 inf
65.5 0.0 inf
66.5 0.0 inf
67.5 0.0 inf
68.5 0.0 inf
69.5 0.0 inf
70.5 0.0 inf
71.5 0.0 inf
72.5 0.0 inf
73.5 0.0 inf
74.5 0.0 inf
75.5 0.0 inf
76.5 0.0 inf
77.5 0.0 inf
78.5 0.0 inf
79.5 0.0 inf
80.5 0.0 inf
81.5 0.0 inf
82.5 0.0 inf
83.5 0.0 inf
84.5 0.0 inf
85.5 0.0 inf
86.5 0.0 inf
87.5 0.0 inf
88.5 0.0 inf
89.5 0.0 inf
90.5 0.0 inf
91.5 0.0 inf
92.5 0.0 inf
93.5 0.0 inf
94.5 0.0 inf
95.5 0.0 inf
96.5 0.0 inf
97.5 0.0 inf
