0.5 39.89 0.0015833173902871024
1.5 21.0718 0.002178457954429367
2.5 21.2667 0.0021684526711846243
3.5 19.5009 0.0022645018111580478
4.5 17.1267 0.002416368439761391
5.5 15.380199999999999 0.0025498756902155454
6.5 13.532 0.002718435327466644
7.5 11.9938 0.0028874973791461465
8.5 10.718599999999999 0.003054435565503521
9.5 9.3479 0.003270717021237182
10.5 8.351600000000001 0.0034603111900893086
11.5 7.3591999999999995 0.0036862492489498308
12.5 6.5397 0.003910399124110737
13.5 5.6862 0.004193618644979984
14.5 5.0096 0.004467848876888464
15.5 4.3169 0.004812979432351493
16.5 3.8706 0.00508289167041439
17.5 3.3334 0.005477170803617481
18.5 2.8451 0.005928587475101592
19.5 2.4375999999999998 0.006404994769042909
20.5 2.1082 0.0068872222127225316
21.5 1.7987 0.007456252947113685
22.5 1.4942000000000002 0.008180797336091979
23.5 1.2578 0.00891649570688445
24.5 1.0562 0.00973031541425936
25.5 0.8655999999999999 0.010748339509808694
26.5 0.7242 0.011750889429104272
27.5 0.5835 0.01309120337581334
28.5 0.49560000000000004 0.014204774743178402
29.5 0.4062 0.015690256395005604
30.5 0.3274 0.017476749542968805
31.5 0.2646 0.019440394783993478
32.5 0.2032 0.022183912735402846
33.5 0.1582 0.025141822757713452
34.5 0.1275 0.0280056016805602
35.5 0.0977 0.031992834407549194
36.5 0.0794 0.0354886720493838
37.5 0.0688 0.038124642583151166
38.5 0.0469 0.04617570965396102
39.5 0.0386 0.050898659855928764
40.5 0.0318 0.056077215409204434
41.5 0.0215 0.06819943394704735
42.5 0.0194 0.07179581586177382
43.5 0.0139 0.08481889296799709
44.5 0.0098 0.10101525445522107
45.5 0.0081 0.1111111111111111
46.5 0.0053 0.13736056394868904
47.5 0.0031000000000000003 0.17960530202677488
48.5 0.0034999999999999996 0.16903085094570333
49.5 0.0031999999999999997 0.1767766952966369
50.5 0.0015999999999999999 0.25000000000000006
51.5 0.0018 0.23570226039551587
52.5 0.0005 0.4472135954999579
53.5 0.00039999999999999996 0.5000000000000001
54.5 0.0004 0.5
55.5 0.0002 0.7071067811865475
56.5 0.0002 0.7071067811865475
57.5 0.0002 0.7071067811865475
58.5 0.0002 0.7071067811865475
59.5 0.00030000000000000003 0.5773502691896257
60.5 0.0 inf
61.5 0.0 inf
62.5 0.0 inf
63.5 0.0 inf
64.5 0.0 inf
65.5 0.0 inf
66.5 0.0 inf
67.5 0.0 inf
68.5 0.0 inf
69.5 0.0 inf
70.5 0.0 inf
71.5 0.0 inf
72.5 0.0 inf
73.5 0.0 inf
74.5 0.0 inf
75.5 0.0 inf
76.5 0.0 inf
77.5 0.0 inf
78.5 0.0 inf
79.5 0.0 inf
80.5 0.0 inf
81.5 0.0 inf
82.5 0.0 inf
83.5 0.0 inf
84.5 0.0 inf
85.5 0.0 inf
86.5 0.0 inf
87.5 0.0 inf
88.5 0.0 inf
89.5 0.0 inf
90.5 0.0 inf
91.5 0.0 inf
92.5 0.0 inf
93.5 0.0 inf
94.5 0.0 inf
95.5 0.0 inf
96.5 0.0 inf
97.5 0.0 inf
