0.5 38.4792 0.001612081458238517
1.5 20.2768 0.0022207531726846177
2.5 20.5785 0.0022044139081347494
3.5 18.8706 0.002302009679943432
4.5 16.689 0.002447850232179799
5.5 14.940100000000001 0.00258715976053573
6.5 13.0931 0.0027636227401518264
7.5 11.6594 0.0029286124144901303
8.5 10.421700000000001 0.0030976383779174367
9.5 9.100200000000001 0.0033149312930427226
10.5 8.126000000000001 0.003508016205949739
11.5 7.1611 0.0037368884232988247
12.5 6.4029 0.003951951812532936
13.5 5.5594 0.004241173494870422
14.5 4.965 0.0044878710886520025
15.5 4.282500000000001 0.004832271357051926
16.5 3.7923 0.005135097062788919
17.5 3.2534 0.005544102728119069
18.5 2.7624 0.0060166772760836176
19.5 2.3985 0.006456990368550497
20.5 2.0474 0.0069887362453397725
21.5 1.764 0.007529232524210427
22.5 1.4812 0.008216618978461461
23.5 1.2553999999999998 0.008925014653770465
24.5 1.0533000000000001 0.00974370121063171
25.5 0.8442000000000001 0.010883719140805654
26.5 0.7061999999999999 0.011899703582075611
27.5 0.5763 0.01317272696627086
28.5 0.4953 0.014209075961972871
29.5 0.4017 0.015777895820254743
30.5 0.31989999999999996 0.017680432313071925
31.5 0.2582 0.019679854401103796
32.5 0.1981 0.02246765581450569
33.5 0.1623 0.02482222683731816
34.5 0.1254 0.02823912473624525
35.5 0.1022 0.031280562354492725
36.5 0.0801 0.03533326266687867
37.5 0.0665 0.038778336716474064
38.5 0.0493 0.0450377349111045
39.5 0.0359 0.05277798139692595
40.5 0.0276 0.0601929265428846
41.5 0.0215 0.06819943394704735
42.5 0.0185 0.07352146220938077
43.5 0.0121 0.09090909090909091
44.5 0.0106 0.09712858623572641
45.5 0.0081 0.1111111111111111
46.5 0.0069 0.1203858530857692
47.5 0.0042 0.1543033499620919
48.5 0.003 0.18257418583505536
49.5 0.0029 0.18569533817705186
50.5 0.0018 0.23570226039551587
51.5 0.0014 0.2672612419124244
52.5 0.0009 0.3333333333333333
53.5 0.001 0.31622776601683794
54.5 0.0003 0.5773502691896258
55.5 0.0003 0.5773502691896258
56.5 0.0001 1.0
57.5 0.00030000000000000003 0.5773502691896257
58.5 0.0 inf
59.5 0.0001 1.0
60.5 0.0 inf
61.5 0.0 inf
62.5 0.0 inf
63.5 0.0 inf
64.5 0.0 inf
65.5 0.0 inf
66.5 0.0 inf
67.5 0.0 inf
68.5 0.0 inf
69.5 0.0 inf
70.5 0.0 inf
71.5 0.0 inf
72.5 0.0 inf
73.5 0.0 inf
74.5 0.0 inf
75.5 0.0 inf
76.5 0.0 inf
77.5 0.0 inf
78.5 0.0 inf
79.5 0.0 inf
80.5 0.0 inf
81.5 0.0 inf
82.5 0.0 inf
83.5 0.0 inf
84.5 0.0 inf
85.5 0.0 inf
86.5 0.0 inf
87.5 0.0 inf
88.5 0.0 inf
89.5 0.0 inf
90.5 0.0 inf
91.5 0.0 inf
92.5 0.0 inf
93.5 0.0 inf
94.5 0.0 inf
95.5 0.0 inf
96.5 0.0 inf
97.5 0.0 inf
