0.5 40.3348 0.0015745630150862313
1.5 21.3098 0.0021662586661994397
2.5 21.5244 0.002155432728128818
3.5 19.7028 0.0022528694485878164
4.5 17.3212 0.0024027634214946214
5.5 15.4818 0.0025414950818299156
6.5 13.5525 0.0027163785477513328
7.5 12.0373 0.0028822752853488584
8.5 10.7431 0.0030509507061403686
9.5 9.3984 0.003261917987122867
10.5 8.4088 0.0034485219009458817
11.5 7.3064 0.0036995446880579664
12.5 6.5367999999999995 0.003911266436862839
13.5 5.7196 0.004181356253859127
14.5 5.0534 0.004448444350750761
15.5 4.3974 0.004768722095047426
16.5 3.8588 0.005090657340989162
17.5 3.3343 0.005476431550039546
18.5 2.8507 0.0059227614655764805
19.5 2.4455999999999998 0.006394510239556629
20.5 2.1065 0.006890000735507619
21.5 1.8032 0.007446943359181241
22.5 1.5041 0.008153829846202769
23.5 1.2494 0.008946419308351895
24.5 1.0626 0.00970096849602985
25.5 0.8683000000000001 0.010731615386912743
26.5 0.7163999999999999 0.011814686750138933
27.5 0.5788 0.013144247824195049
28.5 0.4948 0.014216253350904587
29.5 0.396 0.015891043154093204
30.5 0.326 0.017514236102601468
31.5 0.2666 0.019367337799588276
32.5 0.2004 0.022338352580438516
33.5 0.1727 0.024063224962571107
34.5 0.1275 0.0280056016805602
35.5 0.1021 0.03129587719622029
36.5 0.0733 0.036935842757655886
37.5 0.06470000000000001 0.03931405669853757
38.5 0.0547 0.04275691248090128
39.5 0.038900000000000004 0.05070201265633938
40.5 0.030100000000000002 0.0576390417704235
41.5 0.021400000000000002 0.06835859270246632
42.5 0.016800000000000002 0.07715167498104596
43.5 0.011300000000000001 0.09407208683835973
44.5 0.009600000000000001 0.10206207261596574
45.5 0.0075 0.11547005383792514
46.5 0.0063 0.1259881576697424
47.5 0.0042 0.1543033499620919
48.5 0.0042 0.1543033499620919
49.5 0.0025 0.2
50.5 0.0018999999999999998 0.2294157338705618
51.5 0.0014 0.2672612419124244
52.5 0.00030000000000000003 0.5773502691896257
53.5 0.00039999999999999996 0.5000000000000001
54.5 0.00039999999999999996 0.5000000000000001
55.5 0.00030000000000000003 0.5773502691896257
56.5 0.0001 1.0
57.5 0.0001 1.0
58.5 0.0001 1.0
59.5 0.0 inf
60.5 0.0 inf
61.5 0.0001 1.0
62.5 0.0 inf
63.5 0.0 inf
64.5 0.0 inf
65.5 0.0 inf
66.5 0.0 inf
67.5 0.0 inf
68.5 0.0 inf
69.5 0.0 inf
70.5 0.0 inf
71.5 0.0 inf
72.5 0.0 inf
73.5 0.0 inf
74.5 0.0 inf
75.5 0.0 inf
76.5 0.0 inf
77.5 0.0 inf
78.5 0.0 inf
79.5 0.0 inf
80.5 0.0 inf
81.5 0.0 inf
82.5 0.0 inf
83.5 0.0 inf
84.5 0.0 inf
85.5 0.0 inf
86.5 0.0 inf
87.5 0.0 inf
88.5 0.0 inf
89.5 0.0 inf
90.5 0.0 inf
91.5 0.0 inf
92.5 0.0 inf
93.5 0.0 inf
94.5 0.0 inf
95.5 0.0 inf
96.5 0.0 inf
97.5 0.0 inf
