0.5 38.568799999999996 0.0016102078390748016
1.5 20.3551 0.0022164777695490028
2.5 20.6143 0.0022024989192409284
3.5 19.0413 0.0022916680094412843
4.5 16.7069 0.0024465385507232984
5.5 14.9647 0.002585032410596346
6.5 13.1262 0.0027601360626047693
7.5 11.6784 0.002926229113419265
8.5 10.4483 0.0030936927747658867
9.5 9.1105 0.0033130568927238653
10.5 8.1683 0.003498921186493033
11.5 7.2082999999999995 0.003724633743345088
12.5 6.4188 0.003947054090618323
13.5 5.6291 0.00421483442037375
14.5 4.9418 0.004498393235973424
15.5 4.3022 0.004821195050448764
16.5 3.7666 0.005152585997603383
17.5 3.2838000000000003 0.0055183806061454505
18.5 2.7886 0.005988346041831422
19.5 2.3913 0.006466703785652927
20.5 2.0849 0.006925599694163307
21.5 1.771 0.007514337885441285
22.5 1.4643000000000002 0.008263898393812212
23.5 1.2400000000000002 0.008980265101338744
24.5 1.0468000000000002 0.009773905664828936
25.5 0.8605 0.01078014401290581
26.5 0.7138 0.011836184553311528
27.5 0.5858 0.013065478400923492
28.5 0.4908 0.01427406673849796
29.5 0.39649999999999996 0.015881020420107105
30.5 0.325 0.017541160386140585
31.5 0.2611 0.019570258584513545
32.5 0.2031 0.022189373390928115
33.5 0.1528 0.02558222550483254
34.5 0.1316 0.027565892320998563
35.5 0.10189999999999999 0.03132657448383193
36.5 0.0789 0.03560094272544522
37.5 0.0638 0.03959037912324479
38.5 0.046700000000000005 0.046274481338274755
39.5 0.0412 0.04926646390821466
40.5 0.028499999999999998 0.05923488777590923
41.5 0.0237 0.06495698024616309
42.5 0.0163 0.07832604499879574
43.5 0.0143 0.08362420100070908
44.5 0.009600000000000001 0.10206207261596574
45.5 0.0077 0.11396057645963795
46.5 0.0059 0.13018891098082389
47.5 0.0039 0.16012815380508713
48.5 0.0027 0.19245008972987526
49.5 0.0026 0.19611613513818404
50.5 0.0018 0.23570226039551587
51.5 0.0013 0.2773500981126146
52.5 0.0008 0.35355339059327373
53.5 0.0007 0.3779644730092272
54.5 0.0007 0.3779644730092272
55.5 0.0002 0.7071067811865475
56.5 0.00030000000000000003 0.5773502691896257
57.5 0.0002 0.7071067811865475
58.5 0.00030000000000000003 0.5773502691896257
59.5 0.0001 1.0
60.5 0.0001 1.0
61.5 0.0 inf
62.5 0.0 inf
63.5 0.0 inf
64.5 0.0 inf
65.5 0.0 inf
66.5 0.0 inf
67.5 0.0 inf
68.5 0.0 inf
69.5 0.0 inf
70.5 0.0 inf
71.5 0.0 inf
72.5 0.0 inf
73.5 0.0 inf
74.5 0.0 inf
75.5 0.0 inf
76.5 0.0 inf
77.5 0.0 inf
78.5 0.0 inf
79.5 0.0 inf
80.5 0.0 inf
81.5 0.0 inf
82.5 0.0 inf
83.5 0.0 inf
84.5 0.0 inf
85.5 0.0 inf
86.5 0.0 inf
87.5 0.0 inf
88.5 0.0 inf
89.5 0.0 inf
90.5 0.0 inf
91.5 0.0 inf
92.5 0.0 inf
93.5 0.0 inf
94.5 0.0 inf
95.5 0.0 inf
96.5 0.0 inf
97.5 0.0 inf
