0.5 39.8655 0.0015838038424567506
1.5 21.0638 0.0021788716027074414
2.5 21.3672 0.0021633470337092567
3.5 19.5988 0.0022588389064513398
4.5 17.3333 0.002401924616620318
5.5 15.5638 0.002534791133514444
6.5 13.6484 0.0027068184558276384
7.5 12.0753 0.002877736567286468
8.5 10.846499999999999 0.003036373480754111
9.5 9.5054 0.003243506714825642
10.5 8.5084 0.0034282781484222596
11.5 7.4641 0.00366025443386093
12.5 6.5921 0.003894826413353735
13.5 5.7974 0.004153204987807483
14.5 5.1008 0.004427727168598841
15.5 4.4208 0.004756084546127913
16.5 3.9549000000000003 0.005028428122464412
17.5 3.3984 0.005424537957534327
18.5 2.91 0.0058621038176054924
19.5 2.5090000000000003 0.0063132017661765225
20.5 2.1327 0.006847548477241252
21.5 1.8377 0.007376709692967754
22.5 1.5249000000000001 0.008098028815283395
23.5 1.2942 0.008790211045831497
24.5 1.0888 0.009583539647865968
25.5 0.8767 0.010680079776221846
26.5 0.7284999999999999 0.011716158058130758
27.5 0.6012 0.01289705387556895
28.5 0.5248999999999999 0.013802625785239062
29.5 0.4149 0.015524881094420745
30.5 0.313 0.01787425013507906
31.5 0.2651 0.019422053054479065
32.5 0.2105 0.021795857001338646
33.5 0.1688 0.024339619175561773
34.5 0.1353 0.027186362391351842
35.5 0.1051 0.030845984923781787
36.5 0.0761 0.03624997167972069
37.5 0.0663 0.03883678186903087
38.5 0.0489 0.045221563164613454
39.5 0.0405 0.049690399499995326
40.5 0.0283 0.0594438298277764
41.5 0.0265 0.06142951168339512
42.5 0.0165 0.0778498944161523
43.5 0.0142 0.08391813582966891
44.5 0.0121 0.09090909090909091
45.5 0.0069 0.1203858530857692
46.5 0.0049 0.14285714285714285
47.5 0.004 0.15811388300841897
48.5 0.0039 0.16012815380508713
49.5 0.003 0.18257418583505536
50.5 0.002 0.22360679774997896
51.5 0.0012000000000000001 0.28867513459481287
52.5 0.0013 0.2773500981126146
53.5 0.001 0.31622776601683794
54.5 0.00030000000000000003 0.5773502691896257
55.5 0.0002 0.7071067811865475
56.5 0.0001 1.0
57.5 0.0 inf
58.5 0.0 inf
59.5 0.0002 0.7071067811865475
60.5 0.0001 1.0
61.5 0.0001 1.0
62.5 0.0 inf
63.5 0.0 inf
64.5 0.0 inf
65.5 0.0 inf
66.5 0.0 inf
67.5 0.0 inf
68.5 0.0 inf
69.5 0.0 inf
70.5 0.0 inf
71.5 0.0 inf
72.5 0.0 inf
73.5 0.0 inf
74.5 0.0 inf
75.5 0.0 inf
76.5 0.0 inf
77.5 0.0 inf
78.5 0.0 inf
79.5 0.0 inf
80.5 0.0 inf
81.5 0.0 inf
82.5 0.0 inf
83.5 0.0 inf
84.5 0.0 inf
85.5 0.0 inf
86.5 0.0 inf
87.5 0.0 inf
88.5 0.0 inf
89.5 0.0 inf
90.5 0.0 inf
91.5 0.0 inf
92.5 0.0 inf
93.5 0.0 inf
94.5 0.0 inf
95.5 0.0 inf
96.5 0.0 inf
97.5 0.0 inf
