0.5 39.5963 0.0015891785590712213
1.5 20.9785 0.002183296828612303
2.5 21.301299999999998 0.002166690831422776
3.5 19.5455 0.0022619167030356567
4.5 17.1999 0.00241122112022597
5.5 15.4208 0.002546516811843719
6.5 13.5379 0.002717842897463061
7.5 12.055299999999999 0.0028801226912317313
8.5 10.8404 0.0030372276592601885
9.5 9.3961 0.0032623171927673358
10.5 8.4856 0.003432880787416423
11.5 7.3832 0.003680253068790422
12.5 6.55 0.003907323325822817
13.5 5.7918 0.004155212336879643
14.5 5.0692 0.004441506345369235
15.5 4.4468 0.004742159984321706
16.5 3.8710000000000004 0.005082629049748714
17.5 3.3973 0.00542541608263714
18.5 2.9008000000000003 0.00587139240376276
19.5 2.4954 0.0063303819532188966
20.5 2.1330999999999998 0.0068469064192485385
21.5 1.8191 0.007414326605922838
22.5 1.5167000000000002 0.008119890200339127
23.5 1.2819 0.008832281986338534
24.5 1.1032000000000002 0.009520787531182656
25.5 0.8836999999999999 0.010637695937359757
26.5 0.7318 0.011689711619540431
27.5 0.5954 0.012959718994867604
28.5 0.5095000000000001 0.014009670009611714
29.5 0.4063 0.01568832540534904
30.5 0.33909999999999996 0.017172602018921464
31.5 0.26480000000000004 0.01943305185841179
32.5 0.217 0.021466939537054593
33.5 0.1562 0.025302269968462875
34.5 0.1366 0.027056689037447044
35.5 0.1081 0.030414953233623677
36.5 0.087 0.033903175181040524
37.5 0.0655 0.03907323325822818
38.5 0.049600000000000005 0.04490132550669372
39.5 0.0404 0.04975185951049946
40.5 0.0286 0.05913123959890826
41.5 0.026099999999999998 0.061898446059017294
42.5 0.0201 0.07053456158585983
43.5 0.0113 0.09407208683835974
44.5 0.008400000000000001 0.10910894511799617
45.5 0.005900000000000001 0.13018891098082386
46.5 0.0060999999999999995 0.12803687993289598
47.5 0.004699999999999999 0.14586499149789456
48.5 0.0032 0.17677669529663687
49.5 0.002 0.22360679774997896
50.5 0.0017000000000000001 0.24253562503633297
51.5 0.0021 0.2182178902359924
52.5 0.0010999999999999998 0.3015113445777637
53.5 0.0007999999999999999 0.3535533905932738
54.5 0.0005 0.4472135954999579
55.5 0.0002 0.7071067811865475
56.5 0.0004 0.5
57.5 0.0002 0.7071067811865475
58.5 0.0001 1.0
59.5 0.0002 0.7071067811865475
60.5 0.0001 1.0
61.5 0.0 inf
62.5 0.0 inf
63.5 0.0 inf
64.5 0.0 inf
65.5 0.0 inf
66.5 0.0 inf
67.5 0.0 inf
68.5 0.0 inf
69.5 0.0 inf
70.5 0.0 inf
71.5 0.0 inf
72.5 0.0 inf
73.5 0.0 inf
74.5 0.0 inf
75.5 0.0 inf
76.5 0.0 inf
77.5 0.0 inf
78.5 0.0 inf
79.5 0.0 inf
80.5 0.0 inf
81.5 0.0 inf
82.5 0.0 inf
83.5 0.0 inf
84.5 0.0 inf
85.5 0.0 inf
86.5 0.0 inf
87.5 0.0 inf
88.5 0.0 inf
89.5 0.0 inf
90.5 0.0 inf
91.5 0.0 inf
92.5 0.0 inf
93.5 0.0 inf
94.5 0.0 inf
95.5 0.0 inf
96.5 0.0 inf
97.5 0.0 inf
