0.5 38.458600000000004 0.0016125131488385622
1.5 20.313299999999998 0.0022187570928837433
2.5 20.550800000000002 0.002205899049904616
3.5 18.9025 0.00230006641537663
4.5 16.6066 0.0024539156902351135
5.5 14.9814 0.0025835912209029137
6.5 13.056000000000001 0.0027675465173127973
7.5 11.6676 0.002927583117862858
8.5 10.3979 0.003101181480590668
9.5 9.0877 0.0033172103296569885
10.5 8.1741 0.003497679622035937
11.5 7.1236999999999995 0.0037466850647672194
12.5 6.3799 0.003959068939632108
13.5 5.588100000000001 0.004230268324065476
14.5 4.9725 0.0044844852933087495
15.5 4.2756 0.0048361689656956945
16.5 3.758 0.005158478349512019
17.5 3.2859 0.005516616941484815
18.5 2.7823 0.00599512195528521
19.5 2.37 0.006495698024616309
20.5 2.0811 0.0069319197355442504
21.5 1.7379 0.007585559310450486
22.5 1.4716 0.008243376017461675
23.5 1.246 0.008958617182905826
24.5 1.0520999999999998 0.009749256342902059
25.5 0.8460000000000001 0.010872134550890703
26.5 0.7361 0.01165551831479508
27.5 0.563 0.013327411355100583
28.5 0.5006 0.014133657971481205
29.5 0.3943 0.015925262933238246
30.5 0.32530000000000003 0.017533070066522223
31.5 0.2602 0.01960407493444558
32.5 0.2022 0.022238701440076274
33.5 0.1607 0.024945491291633412
34.5 0.1269 0.028071730702217294
35.5 0.1011 0.031450273186121945
36.5 0.0732 0.03696106354772864
37.5 0.065 0.03922322702763681
38.5 0.052099999999999994 0.04381079543383235
39.5 0.0385 0.050964719143762556
40.5 0.032 0.05590169943749474
41.5 0.019999999999999997 0.07071067811865477
42.5 0.016 0.07905694150420949
43.5 0.013399999999999999 0.08638684255813601
44.5 0.0114 0.0936585811581694
45.5 0.0074 0.11624763874381928
46.5 0.006699999999999999 0.12216944435630522
47.5 0.0046 0.14744195615489714
48.5 0.0031999999999999997 0.1767766952966369
49.5 0.0019 0.22941573387056174
50.5 0.0017000000000000001 0.24253562503633297
51.5 0.0019000000000000002 0.22941573387056174
52.5 0.0005 0.4472135954999579
53.5 0.0008 0.35355339059327373
54.5 0.0001 1.0
55.5 0.0002 0.7071067811865475
56.5 0.0001 1.0
57.5 0.0001 1.0
58.5 0.0002 0.7071067811865475
59.5 0.0001 1.0
60.5 0.00030000000000000003 0.5773502691896257
61.5 0.0 inf
62.5 0.0002 0.7071067811865475
63.5 0.0001 1.0
64.5 0.0 inf
65.5 0.0 inf
66.5 0.0 inf
67.5 0.0 inf
68.5 0.0 inf
69.5 0.0 inf
70.5 0.0 inf
71.5 0.0 inf
72.5 0.0 inf
73.5 0.0 inf
74.5 0.0 inf
75.5 0.0 inf
76.5 0.0 inf
77.5 0.0 inf
78.5 0.0 inf
79.5 0.0 inf
80.5 0.0 inf
81.5 0.0 inf
82.5 0.0 inf
83.5 0.0 inf
84.5 0.0 inf
85.5 0.0 inf
86.5 0.0 inf
87.5 0.0 inf
88.5 0.0 inf
89.5 0.0 inf
90.5 0.0 inf
91.5 0.0 inf
92.5 0.0 inf
93.5 0.0 inf
94.5 0.0 inf
95.5 0.0 inf
96.5 0.0 inf
97.5 0.0 inf
