0.5 52.520700000000005 0.0013798591161251394
1.5 27.7824 0.0018972087548985409
2.5 27.7969 0.0018967138595072264
3.5 25.2046 0.0019918658932356306
4.5 21.9107 0.0021363473865020836
5.5 19.415100000000002 0.0022694999844905207
6.5 16.8051 0.0024393799474396512
7.5 14.8341 0.002596386837677084
8.5 13.1549 0.00275712352893065
9.5 11.338000000000001 0.002969831256012167
10.5 10.1229 0.003143022765277635
11.5 8.761099999999999 0.003378474779805664
12.5 7.799300000000001 0.0035807350478107474
13.5 6.7552 0.003847520072179822
14.5 5.9399 0.004103084237202558
15.5 5.0981000000000005 0.004428899495634717
16.5 4.4582 0.004736093048395621
17.5 3.8569 0.005091911075600722
18.5 3.2653 0.005533991093413746
19.5 2.8113 0.00596412042143518
20.5 2.4192 0.006429306248420496
21.5 2.0535 0.006978348371544895
22.5 1.7132 0.007640045889309445
23.5 1.4408 0.008331019482578379
24.5 1.2028 0.009118077732527565
25.5 0.9728000000000001 0.010138838820672657
26.5 0.7989999999999999 0.01118733415774045
27.5 0.6546000000000001 0.012359815830228405
28.5 0.5544 0.013430382733756338
29.5 0.4536 0.014847846772912466
30.5 0.356 0.016760038078849772
31.5 0.2922 0.018499495895605175
32.5 0.2295 0.020874143036171647
33.5 0.18380000000000002 0.023325300446383042
34.5 0.1464 0.026135418674465834
35.5 0.114 0.029617443887954616
36.5 0.0864 0.034020690871988585
37.5 0.07050000000000001 0.037662178857735464
38.5 0.0529 0.043478260869565216
39.5 0.043399999999999994 0.04800153607373194
40.5 0.0344 0.053916386601719206
41.5 0.0275 0.060302268915552716
42.5 0.0208 0.06933752452815364
43.5 0.013500000000000002 0.08606629658238703
44.5 0.0086 0.10783277320343841
45.5 0.01 0.1
46.5 0.0058 0.13130643285972257
47.5 0.004399999999999999 0.15075567228888184
48.5 0.0034000000000000002 0.17149858514250882
49.5 0.0032 0.17677669529663687
50.5 0.002 0.22360679774997896
51.5 0.001 0.31622776601683794
52.5 0.0006 0.4082482904638631
53.5 0.0005 0.4472135954999579
54.5 0.00030000000000000003 0.5773502691896257
55.5 0.0002 0.7071067811865475
56.5 0.00039999999999999996 0.5000000000000001
57.5 0.0006000000000000001 0.40824829046386296
58.5 0.0002 0.7071067811865475
59.5 0.0 inf
60.5 0.0 inf
61.5 0.0001 1.0
62.5 0.0 inf
63.5 0.0001 1.0
64.5 0.0 inf
65.5 0.0 inf
66.5 0.0 inf
67.5 0.0 inf
68.5 0.0 inf
69.5 0.0 inf
70.5 0.0 inf
71.5 0.0 inf
72.5 0.0 inf
73.5 0.0 inf
74.5 0.0 inf
75.5 0.0 inf
76.5 0.0 inf
77.5 0.0 inf
78.5 0.0 inf
79.5 0.0 inf
80.5 0.0 inf
81.5 0.0 inf
82.5 0.0 inf
83.5 0.0 inf
84.5 0.0 inf
85.5 0.0 inf
86.5 0.0 inf
87.5 0.0 inf
88.5 0.0 inf
89.5 0.0 inf
90.5 0.0 inf
91.5 0.0 inf
92.5 0.0 inf
93.5 0.0 inf
94.5 0.0 inf
95.5 0.0 inf
96.5 0.0 inf
97.5 0.0 inf
