0.5 38.4397 0.0016129095196904266
1.5 20.2598 0.0022216846944089507
2.5 20.625500000000002 0.0022019008407073147
3.5 18.8688 0.002302119478091908
4.5 16.613500000000002 0.002453406051185547
5.5 14.9285 0.00258816472505192
6.5 13.1208 0.002760703985349739
7.5 11.6294 0.0029323874064942734
8.5 10.3574 0.0031072387589496635
9.5 9.1292 0.0033096619664035494
10.5 8.1926 0.003493728273035439
11.5 7.147 0.0037405727779138333
12.5 6.3936 0.003954824982302079
13.5 5.6161 0.004219709794374517
14.5 4.9344 0.004501765037910123
15.5 4.2555 0.0048475768475027894
16.5 3.7639 0.005154433747036017
17.5 3.2765 0.005524524626476259
18.5 2.7823 0.00599512195528521
19.5 2.4059999999999997 0.006446918625765998
20.5 2.0249 0.007027457208867256
21.5 1.7464 0.00756707674607503
22.5 1.4859 0.008203613831580879
23.5 1.2427000000000001 0.00897050413721204
24.5 1.0159 0.009921435648300028
25.5 0.8567 0.010804025897972575
26.5 0.7142 0.011832869559673257
27.5 0.5864 0.013058792441389255
28.5 0.5009 0.01412942485863086
29.5 0.4085 0.015646023188518772
30.5 0.3187 0.017713687074079002
31.5 0.2566 0.019741114796436383
32.5 0.2151 0.021561540911771697
33.5 0.1693 0.02430365104718368
34.5 0.12530000000000002 0.02825039109405883
35.5 0.1026 0.031219527052723135
36.5 0.0795 0.03546634510659543
37.5 0.062299999999999994 0.0400641540107502
38.5 0.0511 0.04423739552038088
39.5 0.0368 0.05212860351426869
40.5 0.0274 0.0604122093330177
41.5 0.0223 0.06696495301824251
42.5 0.0187 0.07312724241271307
43.5 0.01 0.1
44.5 0.0104 0.09805806756909202
45.5 0.007 0.11952286093343936
46.5 0.006 0.12909944487358055
47.5 0.0041 0.15617376188860607
48.5 0.0032 0.17677669529663687
49.5 0.0027 0.19245008972987526
50.5 0.0017000000000000001 0.24253562503633297
51.5 0.0016 0.25
52.5 0.0015 0.2581988897471611
53.5 0.0009 0.3333333333333333
54.5 0.0007999999999999999 0.3535533905932738
55.5 0.0006 0.4082482904638631
56.5 0.0001 1.0
57.5 0.0001 1.0
58.5 0.0001 1.0
59.5 0.0001 1.0
60.5 0.0 inf
61.5 0.0 inf
62.5 0.0001 1.0
63.5 0.0001 1.0
64.5 0.0 inf
65.5 0.0 inf
66.5 0.0 inf
67.5 0.0 inf
68.5 0.0 inf
69.5 0.0 inf
70.5 0.0 inf
71.5 0.0 inf
72.5 0.0 inf
73.5 0.0 inf
74.5 0.0 inf
75.5 0.0 inf
76.5 0.0 inf
77.5 0.0 inf
78.5 0.0 inf
79.5 0.0 inf
80.5 0.0 inf
81.5 0.0 inf
82.5 0.0 inf
83.5 0.0 inf
84.5 0.0 inf
85.5 0.0 inf
86.5 0.0 inf
87.5 0.0 inf
88.5 0.0 inf
89.5 0.0 inf
90.5 0.0 inf
91.5 0.0 inf
92.5 0.0 inf
93.5 0.0 inf
94.5 0.0 inf
95.5 0.0 inf
96.5 0.0 inf
97.5 0.0 inf
