0.5 38.908500000000004 0.0016031632762541301
1.5 20.5617 0.0022053142858279432
2.5 20.896 0.002187602546272841
3.5 19.1581 0.0022846715943791096
4.5 16.8578 0.002435564029841715
5.5 15.144400000000001 0.002569649940389403
6.5 13.239 0.0027483523413474016
7.5 11.8082 0.00291010158730833
8.5 10.5281 0.0030819458176436394
9.5 9.2438 0.0032890822178901907
10.5 8.3234 0.003466168067292221
11.5 7.2635000000000005 0.003710453809759406
12.5 6.5032 0.0039213575642887445
13.5 5.6723 0.004198753742918367
14.5 5.0169999999999995 0.004464552655819351
15.5 4.3339 0.004803530547422513
16.5 3.818 0.005117785010666307
17.5 3.3104 0.005496165014762764
18.5 2.8339999999999996 0.00594018645349865
19.5 2.4238 0.006423202433298642
20.5 2.0786 0.006936087105815444
21.5 1.7982 0.007457289502378047
22.5 1.5279 0.008090074753040584
23.5 1.2532999999999999 0.008932488796516695
24.5 1.0566 0.00972847342362965
25.5 0.8476 0.01086186813259453
26.5 0.7251 0.011743594515149825
27.5 0.5826 0.013101311113808021
28.5 0.5137 0.013952281087941852
29.5 0.4028 0.015756337291581362
30.5 0.32399999999999995 0.017568209223157664
31.5 0.2675 0.019334729780913273
32.5 0.2079 0.021931723165325635
33.5 0.1691 0.024318019154289876
34.5 0.1266 0.028104971365967134
35.5 0.1002 0.031591201180328175
36.5 0.08199999999999999 0.034921514788478915
37.5 0.062200000000000005 0.04009634698823127
38.5 0.0503 0.04458779620677098
39.5 0.038400000000000004 0.05103103630798287
40.5 0.0304 0.057353933467640436
41.5 0.0223 0.06696495301824251
42.5 0.018500000000000003 0.07352146220938077
43.5 0.012 0.09128709291752768
44.5 0.01 0.1
45.5 0.0069 0.1203858530857692
46.5 0.0060999999999999995 0.12803687993289598
47.5 0.0036 0.16666666666666666
48.5 0.0023 0.20851441405707477
49.5 0.003 0.18257418583505536
50.5 0.0018 0.23570226039551587
51.5 0.0018 0.23570226039551587
52.5 0.0007 0.3779644730092272
53.5 0.0003 0.5773502691896258
54.5 0.0005 0.4472135954999579
55.5 0.0004 0.5
56.5 0.0 inf
57.5 0.0003 0.5773502691896258
58.5 0.0002 0.7071067811865475
59.5 0.0 inf
60.5 0.0001 1.0
61.5 0.0001 1.0
62.5 0.0 inf
63.5 0.0 inf
64.5 0.0 inf
65.5 0.0 inf
66.5 0.0 inf
67.5 0.0 inf
68.5 0.0 inf
69.5 0.0 inf
70.5 0.0 inf
71.5 0.0 inf
72.5 0.0 inf
73.5 0.0 inf
74.5 0.0 inf
75.5 0.0 inf
76.5 0.0 inf
77.5 0.0 inf
78.5 0.0 inf
79.5 0.0 inf
80.5 0.0 inf
81.5 0.0 inf
82.5 0.0 inf
83.5 0.0 inf
84.5 0.0 inf
85.5 0.0 inf
86.5 0.0 inf
87.5 0.0 inf
88.5 0.0 inf
89.5 0.0 inf
90.5 0.0 inf
91.5 0.0 inf
92.5 0.0 inf
93.5 0.0 inf
94.5 0.0 inf
95.5 0.0 inf
96.5 0.0 inf
97.5 0.0 inf
