0.5 38.7779 0.0016058606519926061
1.5 20.4063 0.002213695419620461
2.5 20.7598 0.0021947669786514714
3.5 19.0383 0.0022918485595222757
4.5 16.8359 0.0024371475958477216
5.5 15.0765 0.0025754299033004017
6.5 13.2597 0.0027462062477626972
7.5 11.6875 0.002925089696508523
8.5 10.5426 0.0030798256769447242
9.5 9.2388 0.003289972116288488
10.5 8.2044 0.003491214937042566
11.5 7.1731 0.003733761363081176
12.5 6.4297 0.003943707034085094
13.5 5.633 0.0042133751002595655
14.5 4.9751 0.004483313338423113
15.5 4.3285 0.004806525924569169
16.5 3.8236 0.0051140359133001086
17.5 3.3141 0.005493096083580414
18.5 2.8255 0.005949114726050643
19.5 2.422 0.006425588811712815
20.5 2.0972 0.006905260636040454
21.5 1.7925 0.007469136869732711
22.5 1.456 0.008287419301647449
23.5 1.2591999999999999 0.008911537572493989
24.5 1.0667 0.00968230708065231
25.5 0.8532 0.010826163374360516
26.5 0.7219 0.011769593926002261
27.5 0.5813 0.013115952600816716
28.5 0.5002 0.014139308044851598
29.5 0.3941 0.015929303339984276
30.5 0.3257 0.01752230036644799
31.5 0.2604 0.019596545041740514
32.5 0.19879999999999998 0.022428065200812832
33.5 0.1674 0.024441185836892216
34.5 0.13290000000000002 0.02743073910242014
35.5 0.1041 0.030993786368687184
36.5 0.0775 0.03592106040535498
37.5 0.0643 0.03943615033625495
38.5 0.0482 0.04554875186742769
39.5 0.0412 0.04926646390821466
40.5 0.0266 0.06131393394849658
41.5 0.020900000000000002 0.06917144638660747
42.5 0.0191 0.07235746052924216
43.5 0.0136 0.08574929257125441
44.5 0.0104 0.09805806756909202
45.5 0.0077 0.11396057645963795
46.5 0.0058 0.13130643285972257
47.5 0.0043 0.15249857033260467
48.5 0.0043 0.15249857033260467
49.5 0.0021 0.2182178902359924
50.5 0.0017000000000000001 0.24253562503633297
51.5 0.0015999999999999999 0.25000000000000006
52.5 0.001 0.31622776601683794
53.5 0.0008 0.35355339059327373
54.5 0.00039999999999999996 0.5000000000000001
55.5 0.0001 1.0
56.5 0.0001 1.0
57.5 0.0001 1.0
58.5 0.0 inf
59.5 0.0001 1.0
60.5 0.0002 0.7071067811865475
61.5 0.0001 1.0
62.5 0.0 inf
63.5 0.0 inf
64.5 0.0 inf
65.5 0.0 inf
66.5 0.0001 1.0
67.5 0.0 inf
68.5 0.0 inf
69.5 0.0 inf
70.5 0.0 inf
71.5 0.0 inf
72.5 0.0 inf
73.5 0.0 inf
74.5 0.0 inf
75.5 0.0 inf
76.5 0.0 inf
77.5 0.0 inf
78.5 0.0 inf
79.5 0.0 inf
80.5 0.0 inf
81.5 0.0 inf
82.5 0.0 inf
83.5 0.0 inf
84.5 0.0 inf
85.5 0.0 inf
86.5 0.0 inf
87.5 0.0 inf
88.5 0.0 inf
89.5 0.0 inf
90.5 0.0 inf
91.5 0.0 inf
92.5 0.0 inf
93.5 0.0 inf
94.5 0.0 inf
95.5 0.0 inf
96.5 0.0 inf
97.5 0.0 inf
