0.5 38.5282 0.001611056012943169
1.5 20.3274 0.0022179874444788273
2.5 20.535600000000002 0.002206715277903146
3.5 18.9766 0.002295571362891713
4.5 16.641199999999998 0.0024513633003172045
5.5 14.974 0.0025842295344319084
6.5 13.1176 0.00276104069763119
7.5 11.599599999999999 0.002936151721315473
8.5 10.4426 0.0030945369918730075
9.5 9.118 0.003311694036919079
10.5 8.200099999999999 0.0034921301854360693
11.5 7.1471 0.003740546609356921
12.5 6.391 0.003955629355590692
13.5 5.6084 0.004222605506230837
14.5 4.9462 0.004496391968939606
15.5 4.2544 0.004848203491671206
16.5 3.7420999999999998 0.005169425794238864
17.5 3.2615 0.00553721400379361
18.5 2.7975 0.005978812755559511
19.5 2.3931 0.006464271322228275
20.5 2.055 0.0069758010641515576
21.5 1.7779 0.007499742200792694
22.5 1.4773 0.008227457566662785
23.5 1.2566000000000002 0.008920752129614054
24.5 1.0442 0.00978606634079062
25.5 0.8518 0.010835056545328018
26.5 0.7116 0.011854466952761744
27.5 0.59 0.013018891098082387
28.5 0.4991 0.014154880754301795
29.5 0.3938 0.015935369720403485
30.5 0.32030000000000003 0.017669388943903866
31.5 0.26139999999999997 0.019559025296349224
32.5 0.20529999999999998 0.02207016221959901
33.5 0.15760000000000002 0.02518963609299392
34.5 0.1295 0.02778850071883642
35.5 0.1048 0.03089010316076077
36.5 0.08280000000000001 0.034752402342845795
37.5 0.06559999999999999 0.03904344047215152
38.5 0.0476 0.04583492485141056
39.5 0.036 0.05270462766947299
40.5 0.0301 0.0576390417704235
41.5 0.021199999999999997 0.06868028197434452
42.5 0.0194 0.07179581586177382
43.5 0.012400000000000001 0.08980265101338744
44.5 0.0087 0.10721125348377948
45.5 0.0071 0.11867816581938533
46.5 0.0063999999999999994 0.12500000000000003
47.5 0.0046 0.14744195615489714
48.5 0.0033 0.17407765595569785
49.5 0.0019 0.22941573387056174
50.5 0.0016 0.25
51.5 0.0010999999999999998 0.3015113445777637
52.5 0.0009 0.3333333333333333
53.5 0.0009 0.3333333333333333
54.5 0.0001 1.0
55.5 0.00039999999999999996 0.5000000000000001
56.5 0.0001 1.0
57.5 0.0 inf
58.5 0.0001 1.0
59.5 0.0001 1.0
60.5 0.0 inf
61.5 0.0 inf
62.5 0.0001 1.0
63.5 0.0 inf
64.5 0.0 inf
65.5 0.0 inf
66.5 0.0001 1.0
67.5 0.0 inf
68.5 0.0 inf
69.5 0.0 inf
70.5 0.0 inf
71.5 0.0 inf
72.5 0.0 inf
73.5 0.0 inf
74.5 0.0 inf
75.5 0.0 inf
76.5 0.0 inf
77.5 0.0 inf
78.5 0.0 inf
79.5 0.0 inf
80.5 0.0 inf
81.5 0.0 inf
82.5 0.0 inf
83.5 0.0 inf
84.5 0.0 inf
85.5 0.0 inf
86.5 0.0 inf
87.5 0.0 inf
88.5 0.0 inf
89.5 0.0 inf
90.5 0.0 inf
91.5 0.0 inf
92.5 0.0 inf
93.5 0.0 inf
94.5 0.0 inf
95.5 0.0 inf
96.5 0.0 inf
97.5 0.0 inf
