0.5 38.4655 0.0016123685148192889
1.5 20.2651 0.002221394153062861
2.5 20.5513 0.0022058722156840667
3.5 18.9093 0.0022996528131280364
4.5 16.5858 0.0024554539173271914
5.5 14.9829 0.0025834618906720687
6.5 13.0894 0.00276401331121059
7.5 11.644200000000001 0.0029305232538375044
8.5 10.4114 0.003099170246259869
9.5 9.0685 0.0033207201031762628
10.5 8.2059 0.003490895833608203
11.5 7.1219 0.003747158506338014
12.5 6.3759 0.003960310630433899
13.5 5.6064 0.004223358614996787
14.5 4.927300000000001 0.004505007282744347
15.5 4.2866 0.00482995984532975
16.5 3.7682 0.005151491972218664
17.5 3.2592 0.0055391674503665975
18.5 2.7995 0.00597667670234537
19.5 2.4046 0.006448795106829473
20.5 2.0745 0.006942937893945222
21.5 1.7664 0.007524115817860575
22.5 1.4561000000000002 0.00828713472086335
23.5 1.2570999999999999 0.0089189778794862
24.5 1.0438 0.00978794124574906
25.5 0.8653 0.010750202576038455
26.5 0.6995 0.011956557055100169
27.5 0.5784 0.013148792075955425
28.5 0.4981 0.0141690825043918
29.5 0.3952 0.015907119074394443
30.5 0.31720000000000004 0.017755520605710874
31.5 0.259 0.01964943729729648
32.5 0.1935 0.022733144649015782
33.5 0.1624 0.024814583349273254
34.5 0.12240000000000001 0.028583097523751475
35.5 0.09989999999999999 0.03163859985841663
36.5 0.0752 0.03646624787447364
37.5 0.0653 0.03913302400974161
38.5 0.0536 0.04319342127906801
39.5 0.0406 0.04962916669854651
40.5 0.0275 0.060302268915552716
41.5 0.0233 0.06551217820804184
42.5 0.018 0.07453559924999299
43.5 0.0143 0.08362420100070908
44.5 0.0108 0.09622504486493763
45.5 0.0070999999999999995 0.11867816581938533
46.5 0.0057 0.13245323570650439
47.5 0.0046 0.14744195615489714
48.5 0.0036 0.16666666666666666
49.5 0.0016 0.25
50.5 0.0017 0.24253562503633297
51.5 0.0015 0.2581988897471611
52.5 0.0012000000000000001 0.28867513459481287
53.5 0.0007 0.3779644730092272
54.5 0.0006000000000000001 0.40824829046386296
55.5 0.0002 0.7071067811865475
56.5 0.0005 0.4472135954999579
57.5 0.00030000000000000003 0.5773502691896257
58.5 0.0002 0.7071067811865475
59.5 0.0001 1.0
60.5 0.0001 1.0
61.5 0.0 inf
62.5 0.0 inf
63.5 0.0 inf
64.5 0.0 inf
65.5 0.0001 1.0
66.5 0.0 inf
67.5 0.0 inf
68.5 0.0 inf
69.5 0.0 inf
70.5 0.0 inf
71.5 0.0 inf
72.5 0.0 inf
73.5 0.0 inf
74.5 0.0 inf
75.5 0.0 inf
76.5 0.0 inf
77.5 0.0 inf
78.5 0.0 inf
79.5 0.0 inf
80.5 0.0 inf
81.5 0.0 inf
82.5 0.0 inf
83.5 0.0 inf
84.5 0.0 inf
85.5 0.0 inf
86.5 0.0 inf
87.5 0.0 inf
88.5 0.0 inf
89.5 0.0 inf
90.5 0.0 inf
91.5 0.0 inf
92.5 0.0 inf
93.5 0.0 inf
94.5 0.0 inf
95.5 0.0 inf
96.5 0.0 inf
97.5 0.0 inf
