0.5 38.487899999999996 0.0016118992464089171
1.5 20.3181 0.002218494994973063
2.5 20.567700000000002 0.0022049925957299825
3.5 18.9211 0.002298935620805985
4.5 16.6887 0.0024478722336469427
5.5 14.9376 0.002587376248753462
6.5 13.0684 0.0027662332072951514
7.5 11.654399999999999 0.002929240567456325
8.5 10.4646 0.003091282417738665
9.5 9.127 0.003310060827891711
10.5 8.1801 0.0034963966348230723
11.5 7.1533 0.0037389252306686566
12.5 6.3702000000000005 0.0039620820601494215
13.5 5.602600000000001 0.004224790632485539
14.5 4.951700000000001 0.004493894137207585
15.5 4.2943999999999996 0.004825571478013644
16.5 3.7615 0.0051560778608697126
17.5 3.2884 0.005514519543875155
18.5 2.7573 0.006022239035444896
19.5 2.3926 0.0064649467311595
20.5 2.0886 0.0069194625502349665
21.5 1.7724 0.007511369551181503
22.5 1.4668 0.008256852935480055
23.5 1.2507000000000001 0.008941768565220115
24.5 1.0535999999999999 0.009742313910673
25.5 0.8567 0.010804025897972575
26.5 0.7039 0.011919128924676385
27.5 0.5704 0.013240678533309402
28.5 0.49670000000000003 0.014189036961020857
29.5 0.40190000000000003 0.0157739695054446
30.5 0.3217 0.017630899487083906
31.5 0.255 0.019802950859533486
32.5 0.20450000000000002 0.022113289104342324
33.5 0.1585 0.025118017965166415
34.5 0.1304 0.02769243878108557
35.5 0.1031 0.03114373299321498
36.5 0.08499999999999999 0.03429971702850177
37.5 0.0649 0.03925343359894298
38.5 0.0503 0.04458779620677098
39.5 0.034999999999999996 0.053452248382484885
40.5 0.0278 0.05997601439040672
41.5 0.022199999999999998 0.06711560552140243
42.5 0.019799999999999998 0.07106690545187015
43.5 0.0116 0.09284766908852593
44.5 0.0098 0.10101525445522107
45.5 0.008 0.11180339887498948
46.5 0.0051 0.14002800840280097
47.5 0.0042 0.1543033499620919
48.5 0.0029 0.18569533817705186
49.5 0.0021 0.2182178902359924
50.5 0.0014999999999999998 0.25819888974716115
51.5 0.0014 0.2672612419124244
52.5 0.0009 0.3333333333333333
53.5 0.0005 0.4472135954999579
54.5 0.0005 0.4472135954999579
55.5 0.0007 0.3779644730092272
56.5 0.0006000000000000001 0.40824829046386296
57.5 0.0001 1.0
58.5 0.0001 1.0
59.5 0.0 inf
60.5 0.0 inf
61.5 0.0 inf
62.5 0.0 inf
63.5 0.0 inf
64.5 0.0 inf
65.5 0.0 inf
66.5 0.0 inf
67.5 0.0 inf
68.5 0.0 inf
69.5 0.0 inf
70.5 0.0 inf
71.5 0.0 inf
72.5 0.0 inf
73.5 0.0 inf
74.5 0.0 inf
75.5 0.0 inf
76.5 0.0 inf
77.5 0.0 inf
78.5 0.0 inf
79.5 0.0 inf
80.5 0.0 inf
81.5 0.0 inf
82.5 0.0 inf
83.5 0.0 inf
84.5 0.0 inf
85.5 0.0 inf
86.5 0.0 inf
87.5 0.0 inf
88.5 0.0 inf
89.5 0.0 inf
90.5 0.0 inf
91.5 0.0 inf
92.5 0.0 inf
93.5 0.0 inf
94.5 0.0 inf
95.5 0.0 inf
96.5 0.0 inf
97.5 0.0 inf
