0.5 38.4577 0.0016125320170150698
1.5 20.2986 0.002219560345975672
2.5 20.5857 0.002204028369430715
3.5 18.886200000000002 0.0023010587536119098
4.5 16.6203 0.0024529041087438656
5.5 14.956800000000001 0.0025857150118253785
6.5 13.0752 0.0027655137983332166
7.5 11.648399999999999 0.0029299948848193953
8.5 10.3987 0.0031010621871740505
9.5 9.1052 0.003314020992745724
10.5 8.2095 0.0034901303422240396
11.5 7.1491 0.003740023353526736
12.5 6.3835 0.003957952415921856
13.5 5.5685 0.004237706631309111
14.5 4.9518 0.004493848760608917
15.5 4.272 0.004838206248226147
16.5 3.7638 0.005154502220380916
17.5 3.3047 0.005500902909791185
18.5 2.7784 0.005999328112874931
19.5 2.3838999999999997 0.006476732840827634
20.5 2.0578 0.006971053544526331
21.5 1.7572 0.007543786742456421
22.5 1.4986 0.00816877879595329
23.5 1.2471 0.008954665353506877
24.5 1.0473999999999999 0.009771105787283354
25.5 0.8503000000000001 0.010844609305180448
26.5 0.725 0.01174440439029407
27.5 0.5761000000000001 0.01317501330265296
28.5 0.4874 0.01432376666040793
29.5 0.3989 0.015833173902871023
30.5 0.3167 0.017769531118903073
31.5 0.25329999999999997 0.019869292589280097
32.5 0.1996 0.02238307405179226
33.5 0.1612 0.024906774069335894
34.5 0.1173 0.029197858123689188
35.5 0.1042 0.030978910540439487
36.5 0.077 0.036037498507822355
37.5 0.0638 0.03959037912324479
38.5 0.0472 0.04602873089491617
39.5 0.0378 0.05143444998736397
40.5 0.0291 0.05862103817605492
41.5 0.0208 0.06933752452815364
42.5 0.016399999999999998 0.07808688094430304
43.5 0.0154 0.08058229640253803
44.5 0.0093 0.10369516947304253
45.5 0.0071 0.11867816581938533
46.5 0.0057 0.13245323570650439
47.5 0.0033 0.17407765595569785
48.5 0.0021999999999999997 0.21320071635561047
49.5 0.0034999999999999996 0.16903085094570333
50.5 0.0015 0.2581988897471611
51.5 0.0019 0.22941573387056174
52.5 0.0004 0.5
53.5 0.0008 0.35355339059327373
54.5 0.0007 0.3779644730092272
55.5 0.0005 0.4472135954999579
56.5 0.0001 1.0
57.5 0.0001 1.0
58.5 0.0 inf
59.5 0.0 inf
60.5 0.0 inf
61.5 0.0 inf
62.5 0.0 inf
63.5 0.0 inf
64.5 0.0 inf
65.5 0.0 inf
66.5 0.0 inf
67.5 0.0 inf
68.5 0.0 inf
69.5 0.0 inf
70.5 0.0 inf
71.5 0.0 inf
72.5 0.0 inf
73.5 0.0 inf
74.5 0.0 inf
75.5 0.0 inf
76.5 0.0 inf
77.5 0.0 inf
78.5 0.0 inf
79.5 0.0 inf
80.5 0.0 inf
81.5 0.0 inf
82.5 0.0 inf
83.5 0.0 inf
84.5 0.0 inf
85.5 0.0 inf
86.5 0.0 inf
87.5 0.0 inf
88.5 0.0 inf
89.5 0.0 inf
90.5 0.0 inf
91.5 0.0 inf
92.5 0.0 inf
93.5 0.0 inf
94.5 0.0 inf
95.5 0.0 inf
96.5 0.0 inf
97.5 0.0 inf
