0.5 38.8206 0.0016049772406612347
1.5 20.561300000000003 0.002205335736840869
2.5 20.7804 0.0021936788520936874
3.5 19.014 0.002293312589650339
4.5 16.9223 0.0024309179752796018
5.5 15.086500000000001 0.002574576207339762
6.5 13.2558 0.0027466101998711175
7.5 11.7606 0.002915984831179673
8.5 10.5838 0.003073825348840638
9.5 9.1794 0.0033005996744192266
10.5 8.2385 0.0034839821959209557
11.5 7.2755 0.003707392589182095
12.5 6.4201999999999995 0.00394662371640839
13.5 5.647600000000001 0.004207925432721029
14.5 5.0305 0.004458558027872216
15.5 4.3645 0.004786661882134582
16.5 3.7875 0.00513834995538708
17.5 3.2981 0.0055064042308424705
18.5 2.8026 0.0059733703396718935
19.5 2.4385000000000003 0.006403812684302419
20.5 2.0701 0.006950312588650084
21.5 1.8014000000000001 0.007450663008120493
22.5 1.4737 0.008237500581129945
23.5 1.2433 0.008968339353171217
24.5 1.0608 0.009709195467257717
25.5 0.8731 0.010702075387161433
26.5 0.7217 0.011771224628320583
27.5 0.5694 0.013252300302011579
28.5 0.5033 0.01409569632468742
29.5 0.4212 0.015408338784034142
30.5 0.3328 0.01733438113203841
31.5 0.2584 0.019672236884115842
32.5 0.2014 0.02228282589107932
33.5 0.1585 0.025118017965166415
34.5 0.125 0.0282842712474619
35.5 0.1015 0.03138824102871722
36.5 0.0789 0.03560094272544522
37.5 0.0671 0.03860457182410914
38.5 0.052000000000000005 0.043852900965351466
39.5 0.0394 0.05037927218598784
40.5 0.0276 0.0601929265428846
41.5 0.0229 0.06608186004550898
42.5 0.019 0.07254762501100116
43.5 0.0137 0.0854357657716761
44.5 0.0104 0.09805806756909202
45.5 0.0074 0.11624763874381928
46.5 0.007299999999999999 0.11704114719613057
47.5 0.0037 0.1643989873053573
48.5 0.0037999999999999996 0.16222142113076254
49.5 0.0015999999999999999 0.25000000000000006
50.5 0.0017000000000000001 0.24253562503633297
51.5 0.0016 0.25
52.5 0.001 0.31622776601683794
53.5 0.0006000000000000001 0.40824829046386296
54.5 0.00030000000000000003 0.5773502691896257
55.5 0.0005 0.4472135954999579
56.5 0.00030000000000000003 0.5773502691896257
57.5 0.0 inf
58.5 0.0005 0.4472135954999579
59.5 0.0 inf
60.5 0.0 inf
61.5 0.0 inf
62.5 0.0001 1.0
63.5 0.0 inf
64.5 0.0 inf
65.5 0.0 inf
66.5 0.0 inf
67.5 0.0001 1.0
68.5 0.0 inf
69.5 0.0 inf
70.5 0.0 inf
71.5 0.0 inf
72.5 0.0 inf
73.5 0.0 inf
74.5 0.0 inf
75.5 0.0 inf
76.5 0.0 inf
77.5 0.0 inf
78.5 0.0 inf
79.5 0.0 inf
80.5 0.0 inf
81.5 0.0 inf
82.5 0.0 inf
83.5 0.0 inf
84.5 0.0 inf
85.5 0.0 inf
86.5 0.0 inf
87.5 0.0 inf
88.5 0.0 inf
89.5 0.0 inf
90.5 0.0 inf
91.5 0.0 inf
92.5 0.0 inf
93.5 0.0 inf
94.5 0.0 inf
95.5 0.0 inf
96.5 0.0 inf
97.5 0.0 inf
