0.5 38.461 0.001612462836939074
1.5 20.2975 0.002219620488439095
2.5 20.5788 0.0022043978399825083
3.5 18.8508 0.002303218324383543
4.5 16.6368 0.0024516874397389025
5.5 14.891200000000001 0.0025914041606432776
6.5 13.1101 0.002761830350054094
7.5 11.6796 0.002926078784421019
8.5 10.409199999999998 0.0030994977360920364
9.5 9.1079 0.0033135297422973394
10.5 8.097100000000001 0.003514270998844614
11.5 7.1693 0.0037347507493249426
12.5 6.3634 0.003964198457372588
13.5 5.5992 0.00422607314679178
14.5 4.9153 0.004510503095067127
15.5 4.2935 0.0048260772177084466
16.5 3.7720000000000002 0.0051488964523054995
17.5 3.2834000000000003 0.005518716734094972
18.5 2.8058 0.005969963069325685
19.5 2.3877 0.006471576961767011
20.5 2.048 0.006987712429686843
21.5 1.7801 0.007495106356220109
22.5 1.4729 0.008239737360909443
23.5 1.256 0.008922882628103122
24.5 1.0417999999999998 0.009797331961950801
25.5 0.8573999999999999 0.010799614676622386
26.5 0.7258 0.011737930076466722
27.5 0.5771999999999999 0.01316245316231641
28.5 0.482 0.014403780047891935
29.5 0.3923 0.015965805928921335
30.5 0.3149 0.017820244962334964
31.5 0.2658 0.01939646163228027
32.5 0.1955 0.02261656365159503
33.5 0.1621 0.024837535026770382
34.5 0.1221 0.028618190351607124
35.5 0.0982 0.03191128231363014
36.5 0.0809 0.035158127696731496
37.5 0.0626 0.039968038348871575
38.5 0.053099999999999994 0.04339630366027462
39.5 0.037000000000000005 0.05198752449100363
40.5 0.0259 0.062136976600120006
41.5 0.0245 0.06388765649999399
42.5 0.0197 0.07124704998790965
43.5 0.0132 0.08703882797784893
44.5 0.009000000000000001 0.10540925533894598
45.5 0.0078 0.11322770341445956
46.5 0.0063 0.1259881576697424
47.5 0.0043 0.15249857033260467
48.5 0.0038 0.16222142113076254
49.5 0.0035 0.1690308509457033
50.5 0.0012000000000000001 0.28867513459481287
51.5 0.0013 0.2773500981126146
52.5 0.0005 0.4472135954999579
53.5 0.0009 0.3333333333333333
54.5 0.0002 0.7071067811865475
55.5 0.0001 1.0
56.5 0.0001 1.0
57.5 0.00030000000000000003 0.5773502691896257
58.5 0.00030000000000000003 0.5773502691896257
59.5 0.0 inf
60.5 0.0 inf
61.5 0.0 inf
62.5 0.0 inf
63.5 0.0 inf
64.5 0.0 inf
65.5 0.0 inf
66.5 0.0001 1.0
67.5 0.0 inf
68.5 0.0 inf
69.5 0.0 inf
70.5 0.0 inf
71.5 0.0 inf
72.5 0.0 inf
73.5 0.0 inf
74.5 0.0 inf
75.5 0.0 inf
76.5 0.0 inf
77.5 0.0 inf
78.5 0.0 inf
79.5 0.0 inf
80.5 0.0 inf
81.5 0.0 inf
82.5 0.0 inf
83.5 0.0 inf
84.5 0.0 inf
85.5 0.0 inf
86.5 0.0 inf
87.5 0.0 inf
88.5 0.0 inf
89.5 0.0 inf
90.5 0.0 inf
91.5 0.0 inf
92.5 0.0 inf
93.5 0.0 inf
94.5 0.0 inf
95.5 0.0 inf
96.5 0.0 inf
97.5 0.0 inf
