0.5 39.042500000000004 0.001600409757353539
1.5 20.670099999999998 0.002199524030508404
2.5 20.9071 0.0021870217480721914
3.5 19.2456 0.0022794720551728284
4.5 16.9306 0.0024303220397359562
5.5 15.1391 0.0025700997013699683
6.5 13.3464 0.002737271852766541
7.5 11.8574 0.0029040578581443
8.5 10.578 0.003074667934577993
9.5 9.2654 0.003285246137972244
10.5 8.2695 0.003477445835997158
11.5 7.3034 0.00370030443656951
12.5 6.561 0.0039040464940350364
13.5 5.7346 0.004175884083877276
14.5 4.981 0.004480657306872082
15.5 4.3553 0.004791714812827783
16.5 3.8411 0.005102372874512508
17.5 3.3053 0.00550040360692253
18.5 2.8359 0.005938196213132842
19.5 2.4452 0.00639503324370747
20.5 2.081 0.006932086286156005
21.5 1.8186 0.007415345771360293
22.5 1.4929999999999999 0.00818408433709628
23.5 1.2631000000000001 0.008897769119571573
24.5 1.0532 0.009744163775668438
25.5 0.853 0.010827432486770287
26.5 0.7212000000000001 0.011775304351393314
27.5 0.587 0.013052116735521604
28.5 0.504 0.014085904245475275
29.5 0.4072 0.015670978520180567
30.5 0.3189 0.017708131581681406
31.5 0.269 0.019280747181992474
32.5 0.2072 0.02196873875818734
33.5 0.1644 0.0246631811833495
34.5 0.1323 0.02749286996141075
35.5 0.0999 0.03163859985841663
36.5 0.0766 0.036131468676496206
37.5 0.06989999999999999 0.037823473723611695
38.5 0.0503 0.04458779620677098
39.5 0.0397 0.05018856132284956
40.5 0.0295 0.0582222509739582
41.5 0.0256 0.0625
42.5 0.0188 0.07293249574894728
43.5 0.0127 0.08873565094161139
44.5 0.009600000000000001 0.10206207261596574
45.5 0.0074 0.11624763874381928
46.5 0.006500000000000001 0.12403473458920847
47.5 0.0056 0.1336306209562122
48.5 0.0031 0.1796053020267749
49.5 0.0021999999999999997 0.21320071635561047
50.5 0.0015 0.2581988897471611
51.5 0.0024999999999999996 0.2
52.5 0.0003 0.5773502691896258
53.5 0.0002 0.7071067811865475
54.5 0.0005 0.4472135954999579
55.5 0.00030000000000000003 0.5773502691896257
56.5 0.0001 1.0
57.5 0.00030000000000000003 0.5773502691896257
58.5 0.0 inf
59.5 0.0001 1.0
60.5 0.0 inf
61.5 0.0 inf
62.5 0.0 inf
63.5 0.0 inf
64.5 0.0001 1.0
65.5 0.0 inf
66.5 0.0001 1.0
67.5 0.0 inf
68.5 0.0 inf
69.5 0.0 inf
70.5 0.0 inf
71.5 0.0 inf
72.5 0.0 inf
73.5 0.0 inf
74.5 0.0 inf
75.5 0.0 inf
76.5 0.0 inf
77.5 0.0 inf
78.5 0.0 inf
79.5 0.0 inf
80.5 0.0 inf
81.5 0.0 inf
82.5 0.0 inf
83.5 0.0 inf
84.5 0.0 inf
85.5 0.0 inf
86.5 0.0 inf
87.5 0.0 inf
88.5 0.0 inf
89.5 0.0 inf
90.5 0.0 inf
91.5 0.0 inf
92.5 0.0 inf
93.5 0.0 inf
94.5 0.0 inf
95.5 0.0 inf
96.5 0.0 inf
97.5 0.0 inf
