0.5 104.3623 0.0009788771235194266
1.5 43.860600000000005 0.0015099505192792337
2.5 39.0564 0.0016001249426334718
3.5 32.2358 0.0017612896121267767
4.5 26.115099999999998 0.0019568347560007964
5.5 22.0664 0.002128797035664794
6.5 18.426099999999998 0.00232961035528343
7.5 15.741399999999999 0.0025204513705861195
8.5 13.6481 0.0027068482050628573
9.5 11.643699999999999 0.0029305861739529777
10.5 10.253 0.003123018244148113
11.5 8.771899999999999 0.003376394343102089
12.5 7.7316 0.0035963778260697586
13.5 6.7199 0.003857612451632677
14.5 5.8261 0.004142962789755297
15.5 4.9719999999999995 0.004484710774631934
16.5 4.3327 0.004804195702821144
17.5 3.7619 0.005155803732640434
18.5 3.174 0.00561301934232959
19.5 2.6875 0.006099942813304187
20.5 2.3296 0.006551780229511989
21.5 1.9615999999999998 0.007139943474719249
22.5 1.6611 0.007758934951336691
23.5 1.3889 0.008485247433316719
24.5 1.1479 0.009333573935229239
25.5 0.9433 0.010296155258296006
26.5 0.7676000000000001 0.01141385936102632
27.5 0.6333 0.012565947935942488
28.5 0.5457000000000001 0.013537018521138049
29.5 0.4254 0.015332086374349154
30.5 0.3444 0.017039954414774926
31.5 0.2722 0.019167079295731936
32.5 0.2188 0.02137845624045064
33.5 0.1758 0.02385011978752745
34.5 0.1444 0.02631578947368421
35.5 0.11080000000000001 0.030042088406305484
36.5 0.0817 0.03498557142706598
37.5 0.0706 0.03763549647474907
38.5 0.050699999999999995 0.04441155916843276
39.5 0.0403 0.04981354813867179
40.5 0.0332 0.05488212999484517
41.5 0.0233 0.06551217820804184
42.5 0.0166 0.07761505257063328
43.5 0.0128 0.08838834764831843
44.5 0.011300000000000001 0.09407208683835973
45.5 0.0069 0.1203858530857692
46.5 0.0071 0.11867816581938533
47.5 0.005 0.1414213562373095
48.5 0.0034000000000000002 0.17149858514250882
49.5 0.0026 0.19611613513818404
50.5 0.0019 0.22941573387056174
51.5 0.0014 0.2672612419124244
52.5 0.0007 0.3779644730092272
53.5 0.0007 0.3779644730092272
54.5 0.0001 1.0
55.5 0.00030000000000000003 0.5773502691896257
56.5 0.0005 0.4472135954999579
57.5 0.00030000000000000003 0.5773502691896257
58.5 0.0 inf
59.5 0.0002 0.7071067811865475
60.5 0.0001 1.0
61.5 0.0001 1.0
62.5 0.0 inf
63.5 0.0 inf
64.5 0.0 inf
65.5 0.0 inf
66.5 0.0 inf
67.5 0.0001 1.0
68.5 0.0 inf
69.5 0.0 inf
70.5 0.0 inf
71.5 0.0 inf
72.5 0.0 inf
73.5 0.0 inf
74.5 0.0 inf
75.5 0.0 inf
76.5 0.0 inf
77.5 0.0 inf
78.5 0.0 inf
79.5 0.0 inf
80.5 0.0 inf
81.5 0.0 inf
82.5 0.0 inf
83.5 0.0 inf
84.5 0.0 inf
85.5 0.0 inf
86.5 0.0 inf
87.5 0.0 inf
88.5 0.0 inf
89.5 0.0 inf
90.5 0.0 inf
91.5 0.0 inf
92.5 0.0 inf
93.5 0.0 inf
94.5 0.0 inf
95.5 0.0 inf
96.5 0.0 inf
97.5 0.0 inf
