0.5 38.458 0.0016125257275493078
1.5 20.2753 0.0022208353186491826
2.5 20.602 0.0022031562994569653
3.5 18.8151 0.002305402366124236
4.5 16.670299999999997 0.0024492227920468674
5.5 14.942599999999999 0.002586943326650228
6.5 13.0641 0.002766688417534275
7.5 11.6349 0.002931694231770317
8.5 10.4314 0.0030961978195744185
9.5 9.0871 0.003317319841676485
10.5 8.1401 0.0035049766568893857
11.5 7.1922 0.0037288002766328416
12.5 6.3675999999999995 0.003962890870534041
13.5 5.6234 0.00421697000305745
14.5 4.9573 0.004491355162533237
15.5 4.2603 0.004844845240976099
16.5 3.7943 0.005133743513009806
17.5 3.2574 0.0055406976776024835
18.5 2.798 0.005978278527550084
19.5 2.3795 0.006482718229087165
20.5 2.0478 0.006988053651574864
21.5 1.7549000000000001 0.0075487286275213025
22.5 1.4870999999999999 0.008200303252821539
23.5 1.2455 0.008960415199418243
24.5 1.0249000000000001 0.009877777821069272
25.5 0.8707 0.01071681485296012
26.5 0.7133 0.01184033221596584
27.5 0.5786 0.013146519361034644
28.5 0.473 0.01454016817255763
29.5 0.4027 0.015758293507032634
30.5 0.3157 0.017797651932695783
31.5 0.2572 0.019718075168127475
32.5 0.1981 0.02246765581450569
33.5 0.1621 0.024837535026770382
34.5 0.126 0.02817180849095055
35.5 0.1033 0.031113569564352756
36.5 0.0804 0.035267280792929914
37.5 0.0639 0.03955938860646178
38.5 0.055 0.04264014327112208
39.5 0.0359 0.05277798139692595
40.5 0.0292 0.058520573598065284
41.5 0.0214 0.06835859270246633
42.5 0.017599999999999998 0.07537783614444092
43.5 0.0125 0.08944271909999159
44.5 0.009899999999999999 0.10050378152592121
45.5 0.008799999999999999 0.10660035817780524
46.5 0.006699999999999999 0.12216944435630522
47.5 0.0038 0.16222142113076254
48.5 0.0033 0.17407765595569785
49.5 0.0024000000000000002 0.20412414523193148
50.5 0.0019 0.22941573387056174
51.5 0.0013 0.2773500981126146
52.5 0.0006 0.4082482904638631
53.5 0.0005 0.4472135954999579
54.5 0.0004 0.5
55.5 0.0006 0.4082482904638631
56.5 0.0002 0.7071067811865475
57.5 0.0 inf
58.5 0.0 inf
59.5 0.0 inf
60.5 0.0002 0.7071067811865475
61.5 0.0001 1.0
62.5 0.0001 1.0
63.5 0.0 inf
64.5 0.0 inf
65.5 0.0 inf
66.5 0.0001 1.0
67.5 0.0 inf
68.5 0.0 inf
69.5 0.0 inf
70.5 0.0 inf
71.5 0.0 inf
72.5 0.0 inf
73.5 0.0 inf
74.5 0.0 inf
75.5 0.0 inf
76.5 0.0 inf
77.5 0.0 inf
78.5 0.0 inf
79.5 0.0 inf
80.5 0.0 inf
81.5 0.0 inf
82.5 0.0 inf
83.5 0.0 inf
84.5 0.0 inf
85.5 0.0 inf
86.5 0.0 inf
87.5 0.0 inf
88.5 0.0 inf
89.5 0.0 inf
90.5 0.0 inf
91.5 0.0 inf
92.5 0.0 inf
93.5 0.0 inf
94.5 0.0 inf
95.5 0.0 inf
96.5 0.0 inf
97.5 0.0 inf
