0.5 38.466300000000004 0.0016123517481752582
1.5 20.299599999999998 0.0022195056752510847
2.5 20.57 0.002204869318512118
3.5 18.8689 0.002302113377782594
4.5 16.6697 0.002449266869638308
5.5 14.9325 0.002587818053285967
6.5 13.1533 0.002757291215499842
7.5 11.5927 0.0029370253932451047
8.5 10.406099999999999 0.0030999593752985785
9.5 9.1127 0.003312656947310843
10.5 8.2173 0.0034884735036107453
11.5 7.1103000000000005 0.003750213885484909
12.5 6.362 0.003964634607368825
13.5 5.5983 0.004226412831426416
14.5 4.911 0.004512477328383752
15.5 4.2949 0.00482529058020863
16.5 3.762 0.00515573520741455
17.5 3.2713 0.0055289137257534425
18.5 2.7979000000000003 0.005978385361695531
19.5 2.3923 0.006465352078151769
20.5 2.0598 0.006967668387455683
21.5 1.7621 0.007533290661547753
22.5 1.4638 0.008265309650955519
23.5 1.2416 0.008974476982721727
24.5 1.0328 0.009839927200551898
25.5 0.8558 0.010809705419002783
26.5 0.7130000000000001 0.011842822907480814
27.5 0.5797 0.013134040459920514
28.5 0.5035 0.01409289650415634
29.5 0.3993 0.015825241450517984
30.5 0.3217 0.017630899487083906
31.5 0.2629 0.01950314757443023
32.5 0.19240000000000002 0.02279803762937766
33.5 0.16820000000000002 0.024382992454708534
34.5 0.1226 0.02855977389887699
35.5 0.1043 0.030964056111131625
36.5 0.0819 0.03494282789073061
37.5 0.0635 0.03968378950662725
38.5 0.048 0.04564354645876384
39.5 0.0366 0.05227083734893167
40.5 0.0279 0.05986843400892496
41.5 0.0217 0.06788442333021306
42.5 0.0179 0.07474350927519359
43.5 0.0114 0.0936585811581694
44.5 0.0116 0.09284766908852593
45.5 0.0071 0.11867816581938533
46.5 0.0044 0.15075567228888181
47.5 0.004999999999999999 0.14142135623730953
48.5 0.0033 0.17407765595569785
49.5 0.0018 0.23570226039551587
50.5 0.0015 0.2581988897471611
51.5 0.0013 0.2773500981126146
52.5 0.0005 0.4472135954999579
53.5 0.0006000000000000001 0.40824829046386296
54.5 0.0007 0.3779644730092272
55.5 0.0001 1.0
56.5 0.0 inf
57.5 0.00030000000000000003 0.5773502691896257
58.5 0.00039999999999999996 0.5000000000000001
59.5 0.0001 1.0
60.5 0.0 inf
61.5 0.0 inf
62.5 0.0 inf
63.5 0.0001 1.0
64.5 0.0 inf
65.5 0.0 inf
66.5 0.0001 1.0
67.5 0.0 inf
68.5 0.0001 1.0
69.5 0.0 inf
70.5 0.0 inf
71.5 0.0 inf
72.5 0.0 inf
73.5 0.0 inf
74.5 0.0 inf
75.5 0.0 inf
76.5 0.0 inf
77.5 0.0 inf
78.5 0.0 inf
79.5 0.0 inf
80.5 0.0 inf
81.5 0.0 inf
82.5 0.0 inf
83.5 0.0 inf
84.5 0.0 inf
85.5 0.0 inf
86.5 0.0 inf
87.5 0.0 inf
88.5 0.0 inf
89.5 0.0 inf
90.5 0.0 inf
91.5 0.0 inf
92.5 0.0 inf
93.5 0.0 inf
94.5 0.0 inf
95.5 0.0 inf
96.5 0.0 inf
97.5 0.0 inf
