0.5 38.574799999999996 0.001610082606763215
1.5 20.3519 0.002216652014953139
2.5 20.6672 0.002199678342557057
3.5 18.936 0.002298030971415557
4.5 16.7238 0.0024453020807727126
5.5 14.9362 0.002587497505896184
6.5 13.1435 0.002758318963774036
7.5 11.7166 0.0029214549804575823
8.5 10.4758 0.003089629483261721
9.5 9.1408 0.00330756126040555
10.5 8.1851 0.0034953285566213686
11.5 7.2008 0.003726572936420413
12.5 6.3927 0.003955103363675901
13.5 5.6467 0.004208260759726033
14.5 4.9277 0.0045048244348149455
15.5 4.2433 0.004854540530198327
16.5 3.7813 0.0051425607719763995
17.5 3.2973 0.005507072179803938
18.5 2.7859999999999996 0.005991139665098729
19.5 2.4044 0.0064490633093335645
20.5 2.0713 0.00694829897800754
21.5 1.7799 0.007495527441439476
22.5 1.4867 0.008201406333705303
23.5 1.2616999999999998 0.008902704295565075
24.5 1.0777999999999999 0.009632320184260955
25.5 0.8521000000000001 0.010833149020907498
26.5 0.7125 0.011846977555181847
27.5 0.5781000000000001 0.013152203359467467
28.5 0.4842 0.014371020451974229
29.5 0.3942 0.015927282752249885
30.5 0.3328 0.01733438113203841
31.5 0.2595 0.01963049807622355
32.5 0.2021 0.022244202665006454
33.5 0.1616 0.02487592975524973
34.5 0.12140000000000001 0.028700578896514575
35.5 0.1046 0.030919620705155318
36.5 0.0786 0.03566881875032108
37.5 0.06520000000000001 0.03916302249939786
38.5 0.049600000000000005 0.04490132550669372
39.5 0.039900000000000005 0.05006261743217588
40.5 0.028999999999999998 0.058722021951470346
41.5 0.022 0.06741998624632421
42.5 0.018099999999999998 0.07432941462471664
43.5 0.014100000000000001 0.0842151921066519
44.5 0.0104 0.09805806756909202
45.5 0.0071 0.11867816581938533
46.5 0.004699999999999999 0.14586499149789456
47.5 0.0045000000000000005 0.14907119849998599
48.5 0.0031999999999999997 0.1767766952966369
49.5 0.0033 0.17407765595569785
50.5 0.002 0.22360679774997896
51.5 0.0019000000000000002 0.22941573387056174
52.5 0.0009 0.3333333333333333
53.5 0.0006000000000000001 0.40824829046386296
54.5 0.00030000000000000003 0.5773502691896257
55.5 0.0004 0.5
56.5 0.00039999999999999996 0.5000000000000001
57.5 0.0 inf
58.5 0.0001 1.0
59.5 0.0001 1.0
60.5 0.0 inf
61.5 0.0 inf
62.5 0.0 inf
63.5 0.0001 1.0
64.5 0.0 inf
65.5 0.0 inf
66.5 0.0 inf
67.5 0.0 inf
68.5 0.0 inf
69.5 0.0 inf
70.5 0.0 inf
71.5 0.0 inf
72.5 0.0 inf
73.5 0.0 inf
74.5 0.0 inf
75.5 0.0 inf
76.5 0.0 inf
77.5 0.0 inf
78.5 0.0 inf
79.5 0.0 inf
80.5 0.0 inf
81.5 0.0 inf
82.5 0.0 inf
83.5 0.0 inf
84.5 0.0 inf
85.5 0.0 inf
86.5 0.0 inf
87.5 0.0 inf
88.5 0.0 inf
89.5 0.0 inf
90.5 0.0 inf
91.5 0.0 inf
92.5 0.0 inf
93.5 0.0 inf
94.5 0.0 inf
95.5 0.0 inf
96.5 0.0 inf
97.5 0.0 inf
