0.5 38.6691 0.0016081182027817133
1.5 20.3927 0.002214433459209974
2.5 20.6662 0.0021997315611394187
3.5 18.9931 0.002294574022875322
4.5 16.765500000000003 0.0024422591479219685
5.5 15.0234 0.0025799772993956066
6.5 13.1783 0.002754674603206604
7.5 11.7143 0.002921741767404573
8.5 10.4421 0.003094611078980696
9.5 9.122599999999998 0.0033108589836757904
10.5 8.1974 0.003492705244310536
11.5 7.234 0.003718011663123439
12.5 6.427 0.00394453532807238
13.5 5.6206 0.004218020250881942
14.5 4.9178 0.004509356475522382
15.5 4.3467 0.004796452704161973
16.5 3.8114 0.005122214192999674
17.5 3.3067 0.005499239095431613
18.5 2.8174 0.005957660414288707
19.5 2.4246 0.006422142673774303
20.5 2.0602 0.006966991947631997
21.5 1.7442 0.007571847507070912
22.5 1.4832999999999998 0.008210800529263622
23.5 1.2496 0.008945703337056415
24.5 1.0643 0.00969321775037075
25.5 0.855 0.010814761408717502
26.5 0.7159 0.011818811846019014
27.5 0.5747 0.013191051060632654
28.5 0.4937 0.01423208196928594
29.5 0.4065 0.015684465563881998
30.5 0.3123 0.017894270903167298
31.5 0.26339999999999997 0.019484627821346
32.5 0.2041 0.02213494757094859
33.5 0.1716 0.02414022747926338
34.5 0.13319999999999999 0.02739983121755955
35.5 0.1067 0.03061383874613135
36.5 0.0815 0.035028472205202936
37.5 0.0633 0.039746431675858215
38.5 0.0486 0.045360921162651446
39.5 0.04 0.05
40.5 0.0308 0.05698028822981897
41.5 0.024 0.06454972243679027
42.5 0.0175 0.07559289460184544
43.5 0.0116 0.09284766908852593
44.5 0.0077 0.11396057645963795
45.5 0.0066 0.12309149097933272
46.5 0.0059 0.13018891098082389
47.5 0.0045000000000000005 0.14907119849998599
48.5 0.0034000000000000002 0.17149858514250882
49.5 0.0026 0.19611613513818404
50.5 0.0013 0.2773500981126146
51.5 0.0018 0.23570226039551587
52.5 0.0010999999999999998 0.3015113445777637
53.5 0.00030000000000000003 0.5773502691896257
54.5 0.00030000000000000003 0.5773502691896257
55.5 0.00030000000000000003 0.5773502691896257
56.5 0.0 inf
57.5 0.0001 1.0
58.5 0.0 inf
59.5 0.00030000000000000003 0.5773502691896257
60.5 0.0 inf
61.5 0.0 inf
62.5 0.0 inf
63.5 0.0001 1.0
64.5 0.0 inf
65.5 0.0 inf
66.5 0.0 inf
67.5 0.0 inf
68.5 0.0 inf
69.5 0.0 inf
70.5 0.0 inf
71.5 0.0 inf
72.5 0.0 inf
73.5 0.0 inf
74.5 0.0 inf
75.5 0.0 inf
76.5 0.0 inf
77.5 0.0 inf
78.5 0.0 inf
79.5 0.0 inf
80.5 0.0 inf
81.5 0.0 inf
82.5 0.0 inf
83.5 0.0 inf
84.5 0.0 inf
85.5 0.0 inf
86.5 0.0 inf
87.5 0.0 inf
88.5 0.0 inf
89.5 0.0 inf
90.5 0.0 inf
91.5 0.0 inf
92.5 0.0 inf
93.5 0.0 inf
94.5 0.0 inf
95.5 0.0 inf
96.5 0.0 inf
97.5 0.0 inf
