0.5 39.3236 0.0015946793303475925
1.5 20.7559 0.002194973165547033
2.5 21.0857 0.0021777398004776518
3.5 19.4135 0.002269593505111744
4.5 17.0472 0.0024219962802428416
5.5 15.3554 0.0025519339695423806
6.5 13.4388 0.0027278454094812263
7.5 11.958400000000001 0.002891768095604895
8.5 10.7217 0.0030539939641350496
9.5 9.3156 0.0032763823966905125
10.5 8.3691 0.0034566914977263927
11.5 7.3601 0.0036860238630345024
12.5 6.5769 0.0038993245200302238
13.5 5.7413 0.0041734467795459425
14.5 5.0663 0.00444277734449251
15.5 4.3951 0.004769969691947363
16.5 3.8869 0.005072222734062749
17.5 3.3409000000000004 0.005471019487890924
18.5 2.8501 0.005923384859469856
19.5 2.4622 0.006372918088651833
20.5 2.1395 0.006836657991902714
21.5 1.7926 0.007468928534324954
22.5 1.518 0.008116412559294567
23.5 1.2784 0.008844364220965312
24.5 1.0781 0.009630979911044068
25.5 0.8853 0.010628078852390208
26.5 0.7384999999999999 0.011636563671574176
27.5 0.5938 0.01297716729491983
28.5 0.5134 0.013956356928455673
29.5 0.4273 0.015297961147113705
30.5 0.3237 0.017576348305930706
31.5 0.267 0.01935282499290459
32.5 0.209 0.021873931962990357
33.5 0.1648 0.02463323195410733
34.5 0.12969999999999998 0.027767067240353292
35.5 0.1026 0.031219527052723135
36.5 0.0844 0.034421419541075714
37.5 0.0663 0.03883678186903087
38.5 0.051199999999999996 0.04419417382415922
39.5 0.0379 0.051366549693751415
40.5 0.0319 0.05598925109558543
41.5 0.0241 0.06441566264008308
42.5 0.0167 0.07738232325341368
43.5 0.0126 0.0890870806374748
44.5 0.011 0.09534625892455924
45.5 0.0063 0.1259881576697424
46.5 0.0055 0.13483997249264842
47.5 0.0047 0.14586499149789456
48.5 0.0033 0.17407765595569785
49.5 0.0021 0.2182178902359924
50.5 0.0021 0.2182178902359924
51.5 0.0018 0.23570226039551587
52.5 0.0004 0.5
53.5 0.0002 0.7071067811865475
54.5 0.0005 0.4472135954999579
55.5 0.0002 0.7071067811865475
56.5 0.00030000000000000003 0.5773502691896257
57.5 0.0001 1.0
58.5 0.0001 1.0
59.5 0.0001 1.0
60.5 0.0001 1.0
61.5 0.0 inf
62.5 0.0 inf
63.5 0.0001 1.0
64.5 0.0 inf
65.5 0.0 inf
66.5 0.0001 1.0
67.5 0.0 inf
68.5 0.0 inf
69.5 0.0 inf
70.5 0.0 inf
71.5 0.0 inf
72.5 0.0 inf
73.5 0.0 inf
74.5 0.0 inf
75.5 0.0 inf
76.5 0.0 inf
77.5 0.0 inf
78.5 0.0 inf
79.5 0.0 inf
80.5 0.0 inf
81.5 0.0 inf
82.5 0.0 inf
83.5 0.0 inf
84.5 0.0 inf
85.5 0.0 inf
86.5 0.0 inf
87.5 0.0 inf
88.5 0.0 inf
89.5 0.0 inf
90.5 0.0 inf
91.5 0.0 inf
92.5 0.0 inf
93.5 0.0 inf
94.5 0.0 inf
95.5 0.0 inf
96.5 0.0 inf
97.5 0.0 inf
