0.5 1276.0 0.027994625547792716
1.5 614.0 0.04035671561356309
2.5 562.0 0.04218245406095978
3.5 436.0 0.04789131426105757
4.5 352.0 0.053300179088902604
5.5 310.0 0.05679618342470648
6.5 233.0 0.06551217820804184
7.5 205.0 0.06984302957695782
8.5 170.0 0.07669649888473704
9.5 114.0 0.0936585811581694
10.5 113.0 0.09407208683835973
11.5 74.0 0.11624763874381928
12.5 65.0 0.12403473458920847
13.5 33.0 0.17407765595569785
14.5 42.0 0.1543033499620919
15.5 33.0 0.17407765595569785
16.5 31.0 0.1796053020267749
17.5 11.0 0.30151134457776363
18.5 17.0 0.24253562503633297
19.5 8.0 0.35355339059327373
20.5 8.0 0.35355339059327373
21.5 3.0 0.5773502691896258
22.5 5.0 0.4472135954999579
23.5 0.0 inf
24.5 0.0 inf
25.5 0.0 inf
26.5 1.0 1.0
27.5 0.0 inf
28.5 0.0 inf
29.5 0.0 inf
30.5 0.0 inf
31.5 0.0 inf
32.5 0.0 inf
33.5 0.0 inf
34.5 0.0 inf
35.5 0.0 inf
36.5 0.0 inf
37.5 0.0 inf
38.5 0.0 inf
39.5 0.0 inf
40.5 0.0 inf
41.5 0.0 inf
42.5 0.0 inf
43.5 0.0 inf
44.5 0.0 inf
45.5 0.0 inf
46.5 0.0 inf
47.5 0.0 inf
48.5 0.0 inf
49.5 0.0 inf
50.5 0.0 inf
51.5 0.0 inf
52.5 0.0 inf
53.5 0.0 inf
54.5 0.0 inf
55.5 0.0 inf
56.5 0.0 inf
57.5 0.0 inf
58.5 0.0 inf
59.5 0.0 inf
60.5 0.0 inf
61.5 0.0 inf
62.5 0.0 inf
63.5 0.0 inf
64.5 0.0 inf
65.5 0.0 inf
66.5 0.0 inf
67.5 0.0 inf
68.5 0.0 inf
69.5 0.0 inf
70.5 0.0 inf
71.5 0.0 inf
72.5 0.0 inf
73.5 0.0 inf
74.5 0.0 inf
75.5 0.0 inf
76.5 0.0 inf
77.5 0.0 inf
78.5 0.0 inf
79.5 0.0 inf
80.5 0.0 inf
81.5 0.0 inf
82.5 0.0 inf
83.5 0.0 inf
84.5 0.0 inf
85.5 0.0 inf
86.5 0.0 inf
87.5 0.0 inf
88.5 0.0 inf
89.5 0.0 inf
90.5 0.0 inf
91.5 0.0 inf
92.5 0.0 inf
93.5 0.0 inf
94.5 0.0 inf
95.5 0.0 inf
96.5 0.0 inf
97.5 0.0 inf
