0.5 38.543400000000005 0.0016107383130755674
1.5 20.3813 0.002215052679092294
2.5 20.618000000000002 0.00220230128582257
3.5 18.928199999999997 0.0022985044130355977
4.5 16.667 0.0024494652482531677
5.5 14.998999999999999 0.002582074968071748
6.5 13.121400000000001 0.0027606408655101115
7.5 11.6166 0.0029340025187014115
8.5 10.4606 0.003091873394729944
9.5 9.1298 0.0033095532110196976
10.5 8.1909 0.0034940908113354186
11.5 7.1669 0.003735376030236082
12.5 6.387700000000001 0.00395665099807398
13.5 5.6463 0.004208409819684982
14.5 4.9141 0.004511053783221759
15.5 4.298 0.0048235501080102616
16.5 3.7933000000000003 0.005134420154089442
17.5 3.2698 0.0055301817573874795
18.5 2.8028 0.005973157214336363
19.5 2.4123 0.006438494685936682
20.5 2.0645 0.006959732640046252
21.5 1.7725 0.007511157661886796
22.5 1.4771 0.008228014548524891
23.5 1.2652 0.008890381720290145
24.5 1.0615 0.009705993603072902
25.5 0.8520000000000001 0.010833784750435987
26.5 0.6913 0.012027260612050237
27.5 0.5696000000000001 0.013249973500079499
28.5 0.48750000000000004 0.014322297480788657
29.5 0.4024 0.01576416652798579
30.5 0.3206 0.017661119983645744
31.5 0.2611 0.019570258584513545
32.5 0.2067 0.021995293510729184
33.5 0.1671 0.024463116021507716
34.5 0.1254 0.02823912473624525
35.5 0.1047 0.03090485136077065
36.5 0.0856 0.034179296351233165
37.5 0.0685 0.03820803599504351
38.5 0.0535 0.043233770116711694
39.5 0.0413 0.04920678313051229
40.5 0.03 0.05773502691896257
41.5 0.0223 0.06696495301824251
42.5 0.017 0.07669649888473704
43.5 0.010499999999999999 0.09759000729485333
44.5 0.0097 0.10153461651336192
45.5 0.0071 0.11867816581938533
46.5 0.0056 0.1336306209562122
47.5 0.0040999999999999995 0.15617376188860607
48.5 0.004 0.15811388300841897
49.5 0.002 0.22360679774997896
50.5 0.0019000000000000002 0.22941573387056174
51.5 0.001 0.31622776601683794
52.5 0.0005 0.4472135954999579
53.5 0.0001 1.0
54.5 0.0004 0.5
55.5 0.00030000000000000003 0.5773502691896257
56.5 0.0001 1.0
57.5 0.0002 0.7071067811865475
58.5 0.0 inf
59.5 0.0002 0.7071067811865475
60.5 0.0 inf
61.5 0.0 inf
62.5 0.0 inf
63.5 0.0001 1.0
64.5 0.0 inf
65.5 0.0 inf
66.5 0.0 inf
67.5 0.0 inf
68.5 0.0 inf
69.5 0.0 inf
70.5 0.0 inf
71.5 0.0 inf
72.5 0.0 inf
73.5 0.0 inf
74.5 0.0 inf
75.5 0.0 inf
76.5 0.0 inf
77.5 0.0 inf
78.5 0.0 inf
79.5 0.0 inf
80.5 0.0 inf
81.5 0.0 inf
82.5 0.0 inf
83.5 0.0 inf
84.5 0.0 inf
85.5 0.0 inf
86.5 0.0 inf
87.5 0.0 inf
88.5 0.0 inf
89.5 0.0 inf
90.5 0.0 inf
91.5 0.0 inf
92.5 0.0 inf
93.5 0.0 inf
94.5 0.0 inf
95.5 0.0 inf
96.5 0.0 inf
97.5 0.0 inf
