0.5 38.479600000000005 0.0016120730793278855
1.5 20.2562 0.0022218821082765736
2.5 20.6334 0.0022014792746545336
3.5 18.8423 0.002303737771275825
4.5 16.6918 0.0024476449137567423
5.5 14.9745 0.0025841863902349954
6.5 13.0724 0.0027658099575707936
7.5 11.665700000000001 0.002927821516821092
8.5 10.4084 0.003099616849046218
9.5 9.0839 0.0033179040890140787
10.5 8.2057 0.003490938375677285
11.5 7.1815999999999995 0.0037315511057596207
12.5 6.366 0.003963388846267413
13.5 5.5916 0.004228944172055053
14.5 4.9133 0.004511421020733977
15.5 4.2659 0.004841664195569311
16.5 3.7526 0.00516218854632985
17.5 3.2875 0.005515274331397336
18.5 2.8078000000000003 0.005967836483902417
19.5 2.4108 0.006440497390481659
20.5 2.0698 0.006950816264905735
21.5 1.7586 0.0075407833863187805
22.5 1.4870999999999999 0.008200303252821539
23.5 1.2372999999999998 0.008990057998197751
24.5 1.0499999999999998 0.009759000729485332
25.5 0.853 0.010827432486770287
26.5 0.7079 0.011885406608052342
27.5 0.5863 0.013059906055209673
28.5 0.498 0.014170505031628393
29.5 0.3941 0.015929303339984276
30.5 0.3167 0.017769531118903073
31.5 0.2566 0.019741114796436383
32.5 0.20140000000000002 0.022282825891079317
33.5 0.1623 0.02482222683731816
34.5 0.1255 0.028227871846881837
35.5 0.1005 0.031544014893825585
36.5 0.0747 0.036588086663230115
37.5 0.0611 0.04045566970313674
38.5 0.052000000000000005 0.043852900965351466
39.5 0.0389 0.05070201265633939
40.5 0.0285 0.05923488777590923
41.5 0.0212 0.06868028197434452
42.5 0.0184 0.07372097807744857
43.5 0.0144 0.08333333333333333
44.5 0.0095 0.10259783520851541
45.5 0.0071 0.11867816581938533
46.5 0.005 0.1414213562373095
47.5 0.004 0.15811388300841897
48.5 0.0035 0.1690308509457033
49.5 0.002 0.22360679774997896
50.5 0.0015999999999999999 0.25000000000000006
51.5 0.0017000000000000001 0.24253562503633297
52.5 0.0012000000000000001 0.28867513459481287
53.5 0.0006 0.4082482904638631
54.5 0.0001 1.0
55.5 0.0002 0.7071067811865475
56.5 0.0001 1.0
57.5 0.0001 1.0
58.5 0.0 inf
59.5 0.0 inf
60.5 0.0 inf
61.5 0.0 inf
62.5 0.0 inf
63.5 0.0 inf
64.5 0.0 inf
65.5 0.0 inf
66.5 0.0 inf
67.5 0.0001 1.0
68.5 0.0 inf
69.5 0.0 inf
70.5 0.0 inf
71.5 0.0 inf
72.5 0.0 inf
73.5 0.0 inf
74.5 0.0 inf
75.5 0.0 inf
76.5 0.0 inf
77.5 0.0 inf
78.5 0.0 inf
79.5 0.0 inf
80.5 0.0 inf
81.5 0.0 inf
82.5 0.0 inf
83.5 0.0 inf
84.5 0.0 inf
85.5 0.0 inf
86.5 0.0 inf
87.5 0.0 inf
88.5 0.0 inf
89.5 0.0 inf
90.5 0.0 inf
91.5 0.0 inf
92.5 0.0 inf
93.5 0.0 inf
94.5 0.0 inf
95.5 0.0 inf
96.5 0.0 inf
97.5 0.0 inf
