0.5 38.9972 0.0016013390230476018
1.5 20.6718 0.002199433586818677
2.5 20.819200000000002 0.002191633758315278
3.5 19.2202 0.002280977749031448
4.5 16.9009 0.0024324565083628956
5.5 15.1538 0.0025688528315311473
6.5 13.314599999999999 0.0027405386926693913
7.5 11.83 0.002907419023147902
8.5 10.5776 0.003074726069483216
9.5 9.3303 0.0032738003893345736
10.5 8.317 0.0034675014332703415
11.5 7.256 0.0037123709277471074
12.5 6.504099999999999 0.003921086247434401
13.5 5.672599999999999 0.004198642714220997
14.5 4.9836 0.004479488349808884
15.5 4.3712 0.004782992073708631
16.5 3.8403 0.005102904302492026
17.5 3.3472999999999997 0.005465786721543949
18.5 2.8628 0.005910231547312943
19.5 2.4082999999999997 0.0064438393883769415
20.5 2.1268 0.006857039862378839
21.5 1.7906 0.007473098557839113
22.5 1.5086 0.008141659742301079
23.5 1.2598 0.008909415188252601
24.5 1.0691 0.009671433171281708
25.5 0.871 0.010714969088698139
26.5 0.7279 0.011720985813870894
27.5 0.5919 0.012997978971392708
28.5 0.49549999999999994 0.014206208048741124
29.5 0.4094 0.015628816094818164
30.5 0.31779999999999997 0.017738751654443555
31.5 0.2568 0.019733425949096463
32.5 0.20429999999999998 0.022124110386665733
33.5 0.1619 0.024852871573478333
34.5 0.1298 0.027756369082668444
35.5 0.1003 0.03157544889753363
36.5 0.0819 0.03494282789073061
37.5 0.0659 0.03895446935658099
38.5 0.0516 0.04402254531628119
39.5 0.0363 0.0524863881081478
40.5 0.030100000000000002 0.0576390417704235
41.5 0.0236 0.06509445549041194
42.5 0.0171 0.07647191129018725
43.5 0.0126 0.0890870806374748
44.5 0.0094 0.10314212462587934
45.5 0.0081 0.1111111111111111
46.5 0.006699999999999999 0.12216944435630522
47.5 0.0045 0.14907119849998599
48.5 0.003 0.18257418583505536
49.5 0.0017000000000000001 0.24253562503633297
50.5 0.0019 0.22941573387056174
51.5 0.0023 0.20851441405707477
52.5 0.0014 0.2672612419124244
53.5 0.0006000000000000001 0.40824829046386296
54.5 0.0004 0.5
55.5 0.0008 0.35355339059327373
56.5 0.0005 0.4472135954999579
57.5 0.0004 0.5
58.5 0.0001 1.0
59.5 0.0001 1.0
60.5 0.0 inf
61.5 0.0 inf
62.5 0.0 inf
63.5 0.0 inf
64.5 0.0 inf
65.5 0.0 inf
66.5 0.0001 1.0
67.5 0.0 inf
68.5 0.0 inf
69.5 0.0 inf
70.5 0.0 inf
71.5 0.0 inf
72.5 0.0 inf
73.5 0.0 inf
74.5 0.0 inf
75.5 0.0 inf
76.5 0.0 inf
77.5 0.0 inf
78.5 0.0 inf
79.5 0.0 inf
80.5 0.0 inf
81.5 0.0 inf
82.5 0.0 inf
83.5 0.0 inf
84.5 0.0 inf
85.5 0.0 inf
86.5 0.0 inf
87.5 0.0 inf
88.5 0.0 inf
89.5 0.0 inf
90.5 0.0 inf
91.5 0.0 inf
92.5 0.0 inf
93.5 0.0 inf
94.5 0.0 inf
95.5 0.0 inf
96.5 0.0 inf
97.5 0.0 inf
