0.5 38.5022 0.001611599882997595
1.5 20.283099999999997 0.0022204082591469943
2.5 20.575400000000002 0.002204579966285132
3.5 18.9727 0.002295807287886183
4.5 16.6363 0.0024517242819006033
5.5 14.9579 0.00258561993367915
6.5 13.138300000000001 0.0027588647664907096
7.5 11.6812 0.0029258783817918944
8.5 10.4253 0.003097103503092812
9.5 9.1149 0.0033122571467046214
10.5 8.1691 0.0034987498576145503
11.5 7.1968 0.003727608411984708
12.5 6.3826 0.003958231458287795
13.5 5.574400000000001 0.004235463422323107
14.5 4.943099999999999 0.004497801674428336
15.5 4.2654 0.004841947962760907
16.5 3.7734 0.005147941196597881
17.5 3.2957 0.00550840880727541
18.5 2.7923 0.005984377230262095
19.5 2.3935000000000004 0.006463731147469897
20.5 2.0647 0.006959395549854493
21.5 1.7719 0.0075124292667030895
22.5 1.4667 0.008257134407908012
23.5 1.2482 0.008950718749196803
24.5 1.0389 0.00981099663743355
25.5 0.8657 0.010747718702951688
26.5 0.7242999999999999 0.011750078211718397
27.5 0.5788 0.013144247824195049
28.5 0.49429999999999996 0.01422344162731625
29.5 0.4023 0.015766125661346737
30.5 0.31889999999999996 0.017708131581681406
31.5 0.2562 0.01975651949233999
32.5 0.2021 0.022244202665006454
33.5 0.1623 0.02482222683731816
34.5 0.1258 0.028194193721730047
35.5 0.0979 0.03196013860502966
36.5 0.0766 0.036131468676496206
37.5 0.0676 0.038461538461538464
38.5 0.0477 0.04578685464956301
39.5 0.0364 0.052414241836095915
40.5 0.0293 0.0584206237836986
41.5 0.022400000000000003 0.06681531047810609
42.5 0.0178 0.07495316889958614
43.5 0.0114 0.0936585811581694
44.5 0.0104 0.09805806756909202
45.5 0.0086 0.10783277320343841
46.5 0.0053 0.13736056394868904
47.5 0.0037 0.1643989873053573
48.5 0.0031999999999999997 0.1767766952966369
49.5 0.0031999999999999997 0.1767766952966369
50.5 0.0015999999999999999 0.25000000000000006
51.5 0.001 0.31622776601683794
52.5 0.0007 0.3779644730092272
53.5 0.0005 0.4472135954999579
54.5 0.0006000000000000001 0.40824829046386296
55.5 0.0001 1.0
56.5 0.0004 0.5
57.5 0.0001 1.0
58.5 0.0001 1.0
59.5 0.0 inf
60.5 0.0001 1.0
61.5 0.0 inf
62.5 0.0 inf
63.5 0.0 inf
64.5 0.0 inf
65.5 0.0 inf
66.5 0.0 inf
67.5 0.0 inf
68.5 0.0 inf
69.5 0.0 inf
70.5 0.0 inf
71.5 0.0 inf
72.5 0.0 inf
73.5 0.0 inf
74.5 0.0 inf
75.5 0.0 inf
76.5 0.0 inf
77.5 0.0 inf
78.5 0.0 inf
79.5 0.0 inf
80.5 0.0 inf
81.5 0.0 inf
82.5 0.0 inf
83.5 0.0 inf
84.5 0.0 inf
85.5 0.0 inf
86.5 0.0 inf
87.5 0.0 inf
88.5 0.0 inf
89.5 0.0 inf
90.5 0.0 inf
91.5 0.0 inf
92.5 0.0 inf
93.5 0.0 inf
94.5 0.0 inf
95.5 0.0 inf
96.5 0.0 inf
97.5 0.0 inf
