0.5 38.4643 0.001612393665766106
1.5 20.302 0.0022193744819928546
2.5 20.5498 0.002205952721283767
3.5 18.9286 0.002298480126859587
4.5 16.5706 0.0024565798374662244
5.5 14.9849 0.002583289480572662
6.5 13.1181 0.002760988078215886
7.5 11.6894 0.00292485196419214
8.5 10.4056 0.0031000338525545056
9.5 9.0899 0.0033168088783567325
10.5 8.1394 0.0035051273701429
11.5 7.1456 0.003740939195388182
12.5 6.3845 0.003957642438052725
13.5 5.5877 0.004230419734936496
14.5 4.9297 0.004503910529012549
15.5 4.289199999999999 0.00482849572623514
16.5 3.802 0.005128542321559749
17.5 3.2668 0.005532720440214983
18.5 2.7889999999999997 0.005987916600399351
19.5 2.3778 0.006485035213674689
20.5 2.0909 0.006915655782131896
21.5 1.7481 0.0075633964190035645
22.5 1.487 0.008200578981314842
23.5 1.2395 0.008982076186383142
24.5 1.0413999999999999 0.009799213350727039
25.5 0.8532 0.010826163374360516
26.5 0.7073 0.011890446712855053
27.5 0.5691999999999999 0.013254628330189751
28.5 0.4933 0.014237850952891042
29.5 0.3962 0.01588703178380234
30.5 0.33030000000000004 0.01739985836572935
31.5 0.2632 0.019492029389636262
32.5 0.20029999999999998 0.02234392810843759
33.5 0.1605 0.024961028814965893
34.5 0.1248 0.02830692585361489
35.5 0.0973 0.03205852818187507
36.5 0.07680000000000001 0.03608439182435161
37.5 0.0645 0.039374961547907886
38.5 0.045399999999999996 0.04693232544639321
39.5 0.037000000000000005 0.05198752449100363
40.5 0.0264 0.06154574548966636
41.5 0.020999999999999998 0.06900655593423542
42.5 0.016399999999999998 0.07808688094430304
43.5 0.0125 0.08944271909999159
44.5 0.0083 0.10976425998969035
45.5 0.0076 0.11470786693528087
46.5 0.0058 0.13130643285972257
47.5 0.0043 0.15249857033260467
48.5 0.0034000000000000002 0.17149858514250882
49.5 0.0023 0.20851441405707477
50.5 0.0014 0.2672612419124244
51.5 0.0014 0.2672612419124244
52.5 0.001 0.31622776601683794
53.5 0.0005 0.4472135954999579
54.5 0.0007 0.3779644730092272
55.5 0.0002 0.7071067811865475
56.5 0.0006000000000000001 0.40824829046386296
57.5 0.0005 0.4472135954999579
58.5 0.0001 1.0
59.5 0.0001 1.0
60.5 0.0001 1.0
61.5 0.0 inf
62.5 0.0 inf
63.5 0.0 inf
64.5 0.0 inf
65.5 0.0 inf
66.5 0.0 inf
67.5 0.0 inf
68.5 0.0 inf
69.5 0.0 inf
70.5 0.0 inf
71.5 0.0 inf
72.5 0.0 inf
73.5 0.0 inf
74.5 0.0 inf
75.5 0.0 inf
76.5 0.0 inf
77.5 0.0 inf
78.5 0.0 inf
79.5 0.0 inf
80.5 0.0 inf
81.5 0.0 inf
82.5 0.0 inf
83.5 0.0 inf
84.5 0.0 inf
85.5 0.0 inf
86.5 0.0 inf
87.5 0.0 inf
88.5 0.0 inf
89.5 0.0 inf
90.5 0.0 inf
91.5 0.0 inf
92.5 0.0 inf
93.5 0.0 inf
94.5 0.0 inf
95.5 0.0 inf
96.5 0.0 inf
97.5 0.0 inf
