0.5 39.4154 0.001592821212710287
1.5 20.8492 0.0021900564152658444
2.5 21.1595 0.002173938728161278
3.5 19.3994 0.002270418155763079
4.5 17.1209 0.002416777698334283
5.5 15.381499999999999 0.002549767933870573
6.5 13.5017 0.0027214839224617695
7.5 11.9968 0.002887136323124735
8.5 10.7515 0.0030497586402152997
9.5 9.323599999999999 0.0032749764652849397
10.5 8.4357 0.0034430191382592724
11.5 7.3506 0.003688405023745026
12.5 6.5585 0.0039047905045794073
13.5 5.791399999999999 0.00415535583035588
14.5 5.036 0.004456122685519722
15.5 4.4053 0.004764444314945673
16.5 3.8536 0.0050940908180161434
17.5 3.3819 0.005437754783897633
18.5 2.8599 0.005913227338894827
19.5 2.4936 0.006332666327607277
20.5 2.1486 0.00682216492638435
21.5 1.8289 0.0073944354149086
22.5 1.5314 0.008080824570620988
23.5 1.28 0.008838834764831844
24.5 1.0561 0.00973077607542256
25.5 0.8725 0.010705754551443784
26.5 0.7437 0.011595810494742712
27.5 0.5807 0.0131227267869966
28.5 0.5133 0.013957716335942309
29.5 0.4074 0.01566713146512808
30.5 0.3234 0.017584498711333246
31.5 0.2711 0.01920592555801522
32.5 0.19940000000000002 0.022394296451119462
33.5 0.1627 0.024791695181436636
34.5 0.1282 0.027929038673897278
35.5 0.1061 0.03070027799227584
36.5 0.0863 0.03404039587848988
37.5 0.06470000000000001 0.03931405669853757
38.5 0.0497 0.04485613040162566
39.5 0.0392 0.050507627227610534
40.5 0.031299999999999994 0.05652334189442215
41.5 0.0247 0.06362847629757777
42.5 0.0177 0.07516460280028289
43.5 0.0114 0.0936585811581694
44.5 0.01 0.1
45.5 0.0076 0.11470786693528087
46.5 0.0056 0.1336306209562122
47.5 0.0045000000000000005 0.14907119849998599
48.5 0.0029 0.18569533817705186
49.5 0.0024000000000000002 0.20412414523193148
50.5 0.0014999999999999998 0.25819888974716115
51.5 0.0014 0.2672612419124244
52.5 0.0008 0.35355339059327373
53.5 0.00039999999999999996 0.5000000000000001
54.5 0.0007 0.3779644730092272
55.5 0.0004 0.5
56.5 0.0002 0.7071067811865475
57.5 0.00030000000000000003 0.5773502691896257
58.5 0.0 inf
59.5 0.0 inf
60.5 0.0 inf
61.5 0.0 inf
62.5 0.0001 1.0
63.5 0.0001 1.0
64.5 0.0001 1.0
65.5 0.0 inf
66.5 0.0 inf
67.5 0.0 inf
68.5 0.0 inf
69.5 0.0 inf
70.5 0.0 inf
71.5 0.0 inf
72.5 0.0 inf
73.5 0.0 inf
74.5 0.0 inf
75.5 0.0 inf
76.5 0.0 inf
77.5 0.0 inf
78.5 0.0 inf
79.5 0.0 inf
80.5 0.0 inf
81.5 0.0 inf
82.5 0.0 inf
83.5 0.0 inf
84.5 0.0 inf
85.5 0.0 inf
86.5 0.0 inf
87.5 0.0 inf
88.5 0.0 inf
89.5 0.0 inf
90.5 0.0 inf
91.5 0.0 inf
92.5 0.0 inf
93.5 0.0 inf
94.5 0.0 inf
95.5 0.0 inf
96.5 0.0 inf
97.5 0.0 inf
