0.5 38.6374 0.0016087777566756386
1.5 20.3983 0.0022141294711669375
2.5 20.6985 0.002198014550970432
3.5 18.9743 0.002295710489345497
4.5 16.7231 0.0024453532582919706
5.5 14.9747 0.0025841691331612722
6.5 13.199300000000001 0.002752482396271278
7.5 11.7341 0.002919275668100597
8.5 10.5068 0.003085068186467829
9.5 9.1387 0.003307941264107711
10.5 8.2029 0.0034915341280008423
11.5 7.1702 0.0037345163499248263
12.5 6.4353 0.003941990753101804
13.5 5.631399999999999 0.004213973612297851
14.5 4.9529 0.004493349708727146
15.5 4.2986 0.004823213459908233
16.5 3.791 0.0051359774444801045
17.5 3.2681 0.005531619915141587
18.5 2.8228999999999997 0.005951853777795301
19.5 2.4016 0.006452821661495842
20.5 2.1033999999999997 0.006895076122577726
21.5 1.7819 0.007491319780031536
22.5 1.4667 0.008257134407908012
23.5 1.2745 0.008857885866078713
24.5 1.0472 0.009772038812426304
25.5 0.8636999999999999 0.01076015531750688
26.5 0.7059 0.011902231937268718
27.5 0.5738000000000001 0.013201392028167043
28.5 0.4919 0.014258097780117078
29.5 0.4027 0.015758293507032634
30.5 0.3238 0.01757363402156491
31.5 0.2603 0.019600308903302496
32.5 0.2029 0.02220030681036019
33.5 0.1599 0.02500781616401777
34.5 0.1275 0.0280056016805602
35.5 0.1056 0.03077287274483318
36.5 0.0823 0.03485780871878749
37.5 0.061 0.0404888165089458
38.5 0.0506 0.044455422447438706
39.5 0.036500000000000005 0.05234239225902136
40.5 0.0284 0.05933908290969266
41.5 0.0254 0.06274558051381586
42.5 0.0187 0.07312724241271307
43.5 0.0125 0.08944271909999159
44.5 0.0094 0.10314212462587934
45.5 0.0074 0.11624763874381928
46.5 0.0056 0.1336306209562122
47.5 0.0057 0.13245323570650439
48.5 0.0029 0.18569533817705186
49.5 0.0018999999999999998 0.2294157338705618
50.5 0.0013 0.2773500981126146
51.5 0.001 0.31622776601683794
52.5 0.0007 0.3779644730092272
53.5 0.0007 0.3779644730092272
54.5 0.0002 0.7071067811865475
55.5 0.0003 0.5773502691896258
56.5 0.00030000000000000003 0.5773502691896257
57.5 0.0001 1.0
58.5 0.0001 1.0
59.5 0.0 inf
60.5 0.0 inf
61.5 0.0001 1.0
62.5 0.0 inf
63.5 0.0 inf
64.5 0.0 inf
65.5 0.0 inf
66.5 0.0 inf
67.5 0.0 inf
68.5 0.0 inf
69.5 0.0 inf
70.5 0.0 inf
71.5 0.0 inf
72.5 0.0 inf
73.5 0.0 inf
74.5 0.0 inf
75.5 0.0 inf
76.5 0.0 inf
77.5 0.0 inf
78.5 0.0 inf
79.5 0.0 inf
80.5 0.0 inf
81.5 0.0 inf
82.5 0.0 inf
83.5 0.0 inf
84.5 0.0 inf
85.5 0.0 inf
86.5 0.0 inf
87.5 0.0 inf
88.5 0.0 inf
89.5 0.0 inf
90.5 0.0 inf
91.5 0.0 inf
92.5 0.0 inf
93.5 0.0 inf
94.5 0.0 inf
95.5 0.0 inf
96.5 0.0 inf
97.5 0.0 inf
