0.5 38.5626 0.0016103372765007317
1.5 20.3799 0.00221512875945813
2.5 20.6396 0.002201148594876651
3.5 18.8881 0.0023009430161479716
4.5 16.675400000000003 0.0024488482285746466
5.5 15.0068 0.0025814038455649864
6.5 13.1289 0.0027598522326358
7.5 11.726299999999998 0.0029202464161167353
8.5 10.406600000000001 0.003099884903410265
9.5 9.151 0.003305717389177198
10.5 8.1715 0.0034982360219475155
11.5 7.1699 0.00373459447815436
12.5 6.3584 0.003965756797301078
13.5 5.6172 0.004219296607374073
14.5 4.9519 0.004493803385384777
15.5 4.2842 0.004831312522684126
16.5 3.8133999999999997 0.005120870802330868
17.5 3.2958 0.005508325239543881
18.5 2.7901 0.0059867361126762055
19.5 2.3890000000000002 0.006469815933120154
20.5 2.0838 0.006927427401850461
21.5 1.7403 0.007580326987489257
22.5 1.4933 0.00818326221541089
23.5 1.2734 0.008861710890086728
24.5 1.0528 0.009746014694818131
25.5 0.8383 0.010921952084562021
26.5 0.7222 0.01176714914274736
27.5 0.5769 0.013165875092222739
28.5 0.49520000000000003 0.014210510570080112
29.5 0.39080000000000004 0.015996417203774597
30.5 0.3333 0.017321374166049876
31.5 0.25939999999999996 0.019634281539316647
32.5 0.2054 0.02206478908203439
33.5 0.1622 0.024829877392851134
34.5 0.1269 0.028071730702217294
35.5 0.1036 0.031068488300060003
36.5 0.0791 0.035555906726738896
37.5 0.061900000000000004 0.04019339355290704
38.5 0.048 0.04564354645876384
39.5 0.0412 0.04926646390821466
40.5 0.0293 0.0584206237836986
41.5 0.0203 0.07018624063435965
42.5 0.0141 0.0842151921066519
43.5 0.0143 0.08362420100070908
44.5 0.0106 0.09712858623572641
45.5 0.0086 0.10783277320343841
46.5 0.0055 0.13483997249264842
47.5 0.0042 0.1543033499620919
48.5 0.0034000000000000002 0.17149858514250882
49.5 0.0025 0.2
50.5 0.0018 0.23570226039551587
51.5 0.0014999999999999998 0.25819888974716115
52.5 0.0005 0.4472135954999579
53.5 0.0007 0.3779644730092272
54.5 0.00039999999999999996 0.5000000000000001
55.5 0.00030000000000000003 0.5773502691896257
56.5 0.0005 0.4472135954999579
57.5 0.0002 0.7071067811865475
58.5 0.0001 1.0
59.5 0.0 inf
60.5 0.0001 1.0
61.5 0.0 inf
62.5 0.0 inf
63.5 0.0002 0.7071067811865475
64.5 0.0 inf
65.5 0.0 inf
66.5 0.0 inf
67.5 0.0 inf
68.5 0.0 inf
69.5 0.0 inf
70.5 0.0 inf
71.5 0.0 inf
72.5 0.0 inf
73.5 0.0 inf
74.5 0.0 inf
75.5 0.0 inf
76.5 0.0 inf
77.5 0.0 inf
78.5 0.0 inf
79.5 0.0 inf
80.5 0.0 inf
81.5 0.0 inf
82.5 0.0 inf
83.5 0.0 inf
84.5 0.0 inf
85.5 0.0 inf
86.5 0.0 inf
87.5 0.0 inf
88.5 0.0 inf
89.5 0.0 inf
90.5 0.0 inf
91.5 0.0 inf
92.5 0.0 inf
93.5 0.0 inf
94.5 0.0 inf
95.5 0.0 inf
96.5 0.0 inf
97.5 0.0 inf
