0.5 39.7444 0.001586214908749049
1.5 21.0409 0.0021800569747894957
2.5 21.4093 0.0021612189461864178
3.5 19.5911 0.0022592827649098356
4.5 17.2661 0.002406594246329584
5.5 15.5729 0.00253405042465377
6.5 13.5902 0.0027126082356518
7.5 12.110199999999999 0.002873586946746689
8.5 10.8163 0.003040609428393071
9.5 9.4668 0.003250112537094929
10.5 8.5153 0.0034268888894919366
11.5 7.4221 0.0036705961038412996
12.5 6.6353 0.0038821268172331783
13.5 5.8535 0.004133254894084748
14.5 5.110799999999999 0.004423393311709453
15.5 4.4201999999999995 0.0047564073317366284
16.5 3.9523 0.0050300818131854995
17.5 3.4389 0.005392500902216031
18.5 2.928 0.005844057277652305
19.5 2.5027999999999997 0.0063210165416541795
20.5 2.1292 0.006853174200211771
21.5 1.8313000000000001 0.007389588458306569
22.5 1.5232 0.008102546544402053
23.5 1.299 0.008773955440527571
24.5 1.1000999999999999 0.009534192529917126
25.5 0.8683000000000001 0.010731615386912743
26.5 0.7345999999999999 0.011667412108475972
27.5 0.5971 0.012941257073824484
28.5 0.5122 0.01397269608362584
29.5 0.4214 0.015404681886205489
30.5 0.3281 0.01745809630188319
31.5 0.26580000000000004 0.01939646163228027
32.5 0.2137 0.021632053030091192
33.5 0.1653 0.02459594839716409
34.5 0.1341 0.027307730683968016
35.5 0.1074 0.030513909884867668
36.5 0.0807 0.03520166719043815
37.5 0.0663 0.03883678186903087
38.5 0.0548 0.04271788288583805
39.5 0.0413 0.04920678313051229
40.5 0.031 0.05679618342470648
41.5 0.0218 0.06772854614785964
42.5 0.0183 0.07392212709545729
43.5 0.013600000000000001 0.08574929257125441
44.5 0.009899999999999999 0.10050378152592121
45.5 0.0087 0.10721125348377948
46.5 0.0059 0.13018891098082389
47.5 0.0052 0.1386750490563073
48.5 0.0040999999999999995 0.15617376188860607
49.5 0.0019000000000000002 0.22941573387056174
50.5 0.0014 0.2672612419124244
51.5 0.0013 0.2773500981126146
52.5 0.0005 0.4472135954999579
53.5 0.0014 0.2672612419124244
54.5 0.00030000000000000003 0.5773502691896257
55.5 0.0001 1.0
56.5 0.00030000000000000003 0.5773502691896257
57.5 0.0004 0.5
58.5 0.0001 1.0
59.5 0.0 inf
60.5 0.0 inf
61.5 0.0 inf
62.5 0.0001 1.0
63.5 0.0 inf
64.5 0.0 inf
65.5 0.0 inf
66.5 0.0 inf
67.5 0.0 inf
68.5 0.0 inf
69.5 0.0 inf
70.5 0.0 inf
71.5 0.0 inf
72.5 0.0 inf
73.5 0.0 inf
74.5 0.0 inf
75.5 0.0 inf
76.5 0.0 inf
77.5 0.0 inf
78.5 0.0 inf
79.5 0.0 inf
80.5 0.0 inf
81.5 0.0 inf
82.5 0.0 inf
83.5 0.0 inf
84.5 0.0 inf
85.5 0.0 inf
86.5 0.0 inf
87.5 0.0 inf
88.5 0.0 inf
89.5 0.0 inf
90.5 0.0 inf
91.5 0.0 inf
92.5 0.0 inf
93.5 0.0 inf
94.5 0.0 inf
95.5 0.0 inf
96.5 0.0 inf
97.5 0.0 inf
