0.5 38.7111 0.0016072455939657008
1.5 20.4559 0.002211009985784935
2.5 20.6992 0.0021979773847226065
3.5 19.0593 0.0022905856043131515
4.5 16.7535 0.00244313364768965
5.5 15.03 0.0025794107751137894
6.5 13.2099 0.0027513778395098273
7.5 11.7309 0.0029196738065707826
8.5 10.499099999999999 0.0030861992677591286
9.5 9.169 0.003302471007631084
10.5 8.211500000000001 0.003489705286767315
11.5 7.2112 0.0037238847331921565
12.5 6.4185 0.003947146331982438
13.5 5.6548 0.004205245699288486
14.5 4.9548000000000005 0.0044924881014925516
15.5 4.293 0.004826358252922993
16.5 3.8091 0.005123760400079312
17.5 3.2793 0.005522165590659231
18.5 2.8361 0.005937986830498016
19.5 2.4368999999999996 0.006405914620988672
20.5 2.0861 0.006923607480191465
21.5 1.7722 0.007511793383572935
22.5 1.4813999999999998 0.008216064307452732
23.5 1.2530000000000001 0.008933558064776198
24.5 1.0453000000000001 0.009780915902418088
25.5 0.8666 0.010742136277624766
26.5 0.709 0.011876183038093588
27.5 0.5687 0.013260453772535869
28.5 0.49840000000000007 0.014164817491751837
29.5 0.40080000000000005 0.015795600590164084
30.5 0.3194 0.017694265686843822
31.5 0.2625 0.019518001458970664
32.5 0.20379999999999998 0.02215123324886303
33.5 0.1709 0.024189615691742994
34.5 0.13269999999999998 0.02745140256230141
35.5 0.1012 0.03143473067309657
36.5 0.0797 0.03542181734879073
37.5 0.0663 0.03883678186903087
38.5 0.0493 0.0450377349111045
39.5 0.037599999999999995 0.051571062312939675
40.5 0.0318 0.056077215409204434
41.5 0.020499999999999997 0.06984302957695783
42.5 0.0169 0.07692307692307693
43.5 0.0116 0.09284766908852593
44.5 0.01 0.1
45.5 0.0087 0.10721125348377948
46.5 0.0055 0.13483997249264842
47.5 0.0031999999999999997 0.1767766952966369
48.5 0.0031 0.1796053020267749
49.5 0.0027 0.19245008972987526
50.5 0.0011 0.30151134457776363
51.5 0.0015 0.2581988897471611
52.5 0.0003 0.5773502691896258
53.5 0.0009 0.3333333333333333
54.5 0.0007 0.3779644730092272
55.5 0.0006000000000000001 0.40824829046386296
56.5 0.0003 0.5773502691896258
57.5 0.00030000000000000003 0.5773502691896257
58.5 0.0 inf
59.5 0.0002 0.7071067811865475
60.5 0.0001 1.0
61.5 0.0001 1.0
62.5 0.0001 1.0
63.5 0.0 inf
64.5 0.0 inf
65.5 0.0 inf
66.5 0.0 inf
67.5 0.0 inf
68.5 0.0 inf
69.5 0.0 inf
70.5 0.0 inf
71.5 0.0 inf
72.5 0.0 inf
73.5 0.0 inf
74.5 0.0 inf
75.5 0.0 inf
76.5 0.0 inf
77.5 0.0 inf
78.5 0.0 inf
79.5 0.0 inf
80.5 0.0 inf
81.5 0.0 inf
82.5 0.0 inf
83.5 0.0 inf
84.5 0.0 inf
85.5 0.0 inf
86.5 0.0 inf
87.5 0.0 inf
88.5 0.0 inf
89.5 0.0 inf
90.5 0.0 inf
91.5 0.0 inf
92.5 0.0 inf
93.5 0.0 inf
94.5 0.0 inf
95.5 0.0 inf
96.5 0.0 inf
97.5 0.0 inf
