0.5 38.4617 0.001612448163522122
1.5 20.2975 0.002219620488439095
2.5 20.5113 0.0022080220529158557
3.5 18.9234 0.0022987959072079166
4.5 16.622 0.002452778671263134
5.5 14.9597 0.002585464373878865
6.5 13.0424 0.00276898907488655
7.5 11.6558 0.0029290646438841703
8.5 10.442499999999999 0.0030945518088688583
9.5 9.1051 0.003314039191403034
10.5 8.186900000000001 0.003494944288017704
11.5 7.1662 0.0037355584630017922
12.5 6.3671 0.00396304646778685
13.5 5.591100000000001 0.004229133260500526
14.5 4.9346 0.004501673808415268
15.5 4.248900000000001 0.004851340361873017
16.5 3.7826000000000004 0.005141677001090764
17.5 3.2641999999999998 0.005534923462362191
18.5 2.7624 0.0060166772760836176
19.5 2.3623 0.006506275890073602
20.5 2.0869 0.0069222802922787215
21.5 1.7759 0.007503964078069652
22.5 1.4856 0.008204442102957775
23.5 1.2431 0.008969060773705156
24.5 1.0499999999999998 0.009759000729485332
25.5 0.8631 0.01076389472867711
26.5 0.7097 0.01187032466197399
27.5 0.5751 0.013186462868820593
28.5 0.48960000000000004 0.014291548761875737
29.5 0.39749999999999996 0.015861031714362882
30.5 0.32020000000000004 0.01767214784609008
31.5 0.2571 0.019721909504608663
32.5 0.2006 0.022327214034455325
33.5 0.1631 0.024761275912089115
34.5 0.1222 0.028606478384531155
35.5 0.1033 0.031113569564352756
36.5 0.08049999999999999 0.03524536884251207
37.5 0.0644 0.03940552031195503
38.5 0.050199999999999995 0.04463218426774518
39.5 0.0363 0.0524863881081478
40.5 0.0303 0.0574484989621426
41.5 0.0235 0.06523280730534423
42.5 0.0175 0.07559289460184544
43.5 0.0138 0.08512565307587486
44.5 0.01 0.1
45.5 0.0084 0.1091089451179962
46.5 0.0050999999999999995 0.140028008402801
47.5 0.0043 0.15249857033260467
48.5 0.0042 0.1543033499620919
49.5 0.0021999999999999997 0.21320071635561047
50.5 0.0015999999999999999 0.25000000000000006
51.5 0.0007999999999999999 0.3535533905932738
52.5 0.0010999999999999998 0.3015113445777637
53.5 0.0007 0.3779644730092272
54.5 0.0002 0.7071067811865475
55.5 0.0001 1.0
56.5 0.0 inf
57.5 0.0001 1.0
58.5 0.0001 1.0
59.5 0.0001 1.0
60.5 0.0001 1.0
61.5 0.0 inf
62.5 0.0 inf
63.5 0.0 inf
64.5 0.0001 1.0
65.5 0.0 inf
66.5 0.0001 1.0
67.5 0.0 inf
68.5 0.0 inf
69.5 0.0 inf
70.5 0.0 inf
71.5 0.0 inf
72.5 0.0 inf
73.5 0.0 inf
74.5 0.0 inf
75.5 0.0 inf
76.5 0.0 inf
77.5 0.0 inf
78.5 0.0 inf
79.5 0.0 inf
80.5 0.0 inf
81.5 0.0 inf
82.5 0.0 inf
83.5 0.0 inf
84.5 0.0 inf
85.5 0.0 inf
86.5 0.0 inf
87.5 0.0 inf
88.5 0.0 inf
89.5 0.0 inf
90.5 0.0 inf
91.5 0.0 inf
92.5 0.0 inf
93.5 0.0 inf
94.5 0.0 inf
95.5 0.0 inf
96.5 0.0 inf
97.5 0.0 inf
