0.5 38.546 0.0016106839884992544
1.5 20.3653 0.002215922636435745
2.5 20.5678 0.0022049872354209655
3.5 18.9835 0.002295154135247439
4.5 16.6984 0.0024471611532468057
5.5 14.9076 0.0025899783535693745
6.5 13.1793 0.0027545700936021864
7.5 11.6848 0.0029254276263833
8.5 10.4704 0.0030904261027134296
9.5 9.115 0.003312238977389035
10.5 8.1274 0.003507714053096156
11.5 7.1866 0.003730252786534144
12.5 6.3503 0.003968285212749079
13.5 5.6525 0.004206101168675361
14.5 4.9354 0.004501308945891699
15.5 4.2864 0.00483007252504947
16.5 3.7598000000000003 0.005157243393846521
17.5 3.2772 0.00552393458409795
18.5 2.8319 0.00594238852274688
19.5 2.4015 0.0064529560099132474
20.5 2.0604 0.006966653801591192
21.5 1.758 0.007542070099643788
22.5 1.4740000000000002 0.008236662258223169
23.5 1.2533 0.008932488796516695
24.5 1.0424 0.009794511909516669
25.5 0.8789 0.010666704592794864
26.5 0.7071000000000001 0.011892128173191942
27.5 0.5916999999999999 0.013000175503553956
28.5 0.509 0.014016549298025123
29.5 0.39690000000000003 0.015873015873015872
30.5 0.3185 0.01771924779845835
31.5 0.2524 0.019904685716450824
32.5 0.2026 0.022216737285146886
33.5 0.16749999999999998 0.024433888871261047
34.5 0.12040000000000001 0.02881952088521175
35.5 0.1089 0.030303030303030304
36.5 0.07450000000000001 0.03663716527236558
37.5 0.0674 0.03851856078856727
38.5 0.0519 0.04389512813061471
39.5 0.037000000000000005 0.05198752449100363
40.5 0.0254 0.06274558051381586
41.5 0.0223 0.06696495301824251
42.5 0.016300000000000002 0.07832604499879572
43.5 0.0121 0.09090909090909091
44.5 0.0103 0.09853292781642932
45.5 0.0069 0.1203858530857692
46.5 0.004999999999999999 0.14142135623730953
47.5 0.0040999999999999995 0.15617376188860607
48.5 0.0034 0.17149858514250882
49.5 0.0024 0.20412414523193154
50.5 0.0013 0.2773500981126146
51.5 0.0011 0.30151134457776363
52.5 0.001 0.31622776601683794
53.5 0.0006 0.4082482904638631
54.5 0.0006 0.4082482904638631
55.5 0.0002 0.7071067811865475
56.5 0.0003 0.5773502691896258
57.5 0.0002 0.7071067811865475
58.5 0.0002 0.7071067811865475
59.5 0.0 inf
60.5 0.0002 0.7071067811865475
61.5 0.0 inf
62.5 0.0 inf
63.5 0.0 inf
64.5 0.0 inf
65.5 0.0 inf
66.5 0.0 inf
67.5 0.0 inf
68.5 0.0 inf
69.5 0.0 inf
70.5 0.0 inf
71.5 0.0 inf
72.5 0.0 inf
73.5 0.0 inf
74.5 0.0 inf
75.5 0.0 inf
76.5 0.0 inf
77.5 0.0 inf
78.5 0.0 inf
79.5 0.0 inf
80.5 0.0 inf
81.5 0.0 inf
82.5 0.0 inf
83.5 0.0 inf
84.5 0.0 inf
85.5 0.0 inf
86.5 0.0 inf
87.5 0.0 inf
88.5 0.0 inf
89.5 0.0 inf
90.5 0.0 inf
91.5 0.0 inf
92.5 0.0 inf
93.5 0.0 inf
94.5 0.0 inf
95.5 0.0 inf
96.5 0.0 inf
97.5 0.0 inf
