0.5 38.4465 0.0016127668764102515
1.5 20.3025 0.002219347152992158
2.5 20.5208 0.002207510897459631
3.5 18.9464 0.002297400170769621
4.5 16.6152 0.0024532805366874653
5.5 14.9198 0.002588919217456118
6.5 13.0582 0.0027673133741994162
7.5 11.6137 0.0029343688135174436
8.5 10.4235 0.003097370905867958
9.5 9.129100000000001 0.0033096800933432426
10.5 8.172 0.0034981290013426126
11.5 7.137700000000001 0.0037430088569557173
12.5 6.396 0.003954082919253554
13.5 5.5951 0.004227621262718696
14.5 4.8977 0.004518600126785324
15.5 4.275399999999999 0.004836282080548315
16.5 3.7636000000000003 0.005154639175257732
17.5 3.2766 0.005524440323131657
18.5 2.8342 0.005939976860271215
19.5 2.3978 0.006457932808167686
20.5 2.0601 0.006967161039117918
21.5 1.7512 0.007556699035940278
22.5 1.463 0.00826756916703134
23.5 1.2576 0.00891720468758027
24.5 1.0518 0.009750646611193318
25.5 0.8460000000000001 0.010872134550890703
26.5 0.7091000000000001 0.011875345596140842
27.5 0.5842 0.013083357955509321
28.5 0.4823 0.014399299635098211
29.5 0.4095 0.01562690769794985
30.5 0.314 0.017845765256206243
31.5 0.2651 0.019422053054479065
32.5 0.2045 0.022113289104342328
33.5 0.1627 0.024791695181436636
34.5 0.12090000000000001 0.028759865427152538
35.5 0.1085 0.030358837035945812
36.5 0.0795 0.03546634510659543
37.5 0.0617 0.04025848411142373
38.5 0.0499 0.04476614810358452
39.5 0.039400000000000004 0.05037927218598784
40.5 0.0283 0.0594438298277764
41.5 0.021900000000000003 0.06757373783994859
42.5 0.0176 0.07537783614444091
43.5 0.011099999999999999 0.0949157995752499
44.5 0.0109 0.09578262852211514
45.5 0.007 0.11952286093343936
46.5 0.0058 0.13130643285972257
47.5 0.0034999999999999996 0.16903085094570333
48.5 0.0022 0.21320071635561041
49.5 0.003 0.18257418583505536
50.5 0.0012000000000000001 0.28867513459481287
51.5 0.0007 0.3779644730092272
52.5 0.0006000000000000001 0.40824829046386296
53.5 0.0007 0.3779644730092272
54.5 0.0007 0.3779644730092272
55.5 0.0002 0.7071067811865475
56.5 0.00030000000000000003 0.5773502691896257
57.5 0.0004 0.5
58.5 0.0002 0.7071067811865475
59.5 0.0001 1.0
60.5 0.0 inf
61.5 0.0001 1.0
62.5 0.0 inf
63.5 0.0 inf
64.5 0.0 inf
65.5 0.0 inf
66.5 0.0 inf
67.5 0.0 inf
68.5 0.0 inf
69.5 0.0 inf
70.5 0.0 inf
71.5 0.0 inf
72.5 0.0 inf
73.5 0.0 inf
74.5 0.0 inf
75.5 0.0 inf
76.5 0.0 inf
77.5 0.0 inf
78.5 0.0 inf
79.5 0.0 inf
80.5 0.0 inf
81.5 0.0 inf
82.5 0.0 inf
83.5 0.0 inf
84.5 0.0 inf
85.5 0.0 inf
86.5 0.0 inf
87.5 0.0 inf
88.5 0.0 inf
89.5 0.0 inf
90.5 0.0 inf
91.5 0.0 inf
92.5 0.0 inf
93.5 0.0 inf
94.5 0.0 inf
95.5 0.0 inf
96.5 0.0 inf
97.5 0.0 inf
