0.5 38.4839 0.0016119830142891764
1.5 20.343899999999998 0.002217087808314233
2.5 20.6336 0.002201468605238584
3.5 18.8337 0.002304263687151431
4.5 16.6796 0.0024485398935395032
5.5 14.925 0.002588468177163398
6.5 13.1493 0.0027577105658160243
7.5 11.6356 0.0029316060447912113
8.5 10.388200000000001 0.003102629009589155
9.5 9.1292 0.0033096619664035494
10.5 8.2024 0.0034916405444436077
11.5 7.1921 0.0037288261994322695
12.5 6.3877 0.00395665099807398
13.5 5.5877 0.004230419734936496
14.5 4.958600000000001 0.004490766372910194
15.5 4.254 0.0048484314225376345
16.5 3.8166 0.005118723574057912
17.5 3.2701000000000002 0.0055299280812645
18.5 2.8166 0.005958506432528456
19.5 2.3933999999999997 0.006463866178464146
20.5 2.0708 0.006949137769731445
21.5 1.7595 0.007538854550531677
22.5 1.4657 0.008259950716325083
23.5 1.2372999999999998 0.008990057998197751
24.5 1.0255999999999998 0.009874406319167054
25.5 0.8359000000000001 0.010937620164944128
26.5 0.71 0.011867816581938534
27.5 0.5796 0.013135173437318345
28.5 0.4921 0.014255200087214454
29.5 0.3953 0.015905106915879735
30.5 0.3258 0.017519611040921222
31.5 0.2609 0.01957775820486337
32.5 0.1996 0.02238307405179226
33.5 0.1585 0.025118017965166415
34.5 0.1225 0.02857142857142857
35.5 0.1063 0.030671383606587218
36.5 0.0765 0.036155076303109365
37.5 0.0616 0.040291148201269014
38.5 0.052199999999999996 0.04376881095324085
39.5 0.040400000000000005 0.04975185951049945
40.5 0.030100000000000002 0.0576390417704235
41.5 0.0234 0.06537204504606134
42.5 0.018099999999999998 0.07432941462471664
43.5 0.0112 0.0944911182523068
44.5 0.0085 0.10846522890932808
45.5 0.0060999999999999995 0.12803687993289598
46.5 0.0057 0.13245323570650439
47.5 0.0047 0.14586499149789456
48.5 0.0024000000000000002 0.20412414523193148
49.5 0.0029 0.18569533817705186
50.5 0.0023 0.20851441405707477
51.5 0.0007 0.3779644730092272
52.5 0.0008 0.35355339059327373
53.5 0.00030000000000000003 0.5773502691896257
54.5 0.0002 0.7071067811865475
55.5 0.001 0.31622776601683794
56.5 0.0001 1.0
57.5 0.0 inf
58.5 0.0001 1.0
59.5 0.0001 1.0
60.5 0.0 inf
61.5 0.0001 1.0
62.5 0.0001 1.0
63.5 0.0001 1.0
64.5 0.0 inf
65.5 0.0 inf
66.5 0.0 inf
67.5 0.0 inf
68.5 0.0 inf
69.5 0.0 inf
70.5 0.0 inf
71.5 0.0 inf
72.5 0.0 inf
73.5 0.0 inf
74.5 0.0 inf
75.5 0.0 inf
76.5 0.0 inf
77.5 0.0 inf
78.5 0.0 inf
79.5 0.0 inf
80.5 0.0 inf
81.5 0.0 inf
82.5 0.0 inf
83.5 0.0 inf
84.5 0.0 inf
85.5 0.0 inf
86.5 0.0 inf
87.5 0.0 inf
88.5 0.0 inf
89.5 0.0 inf
90.5 0.0 inf
91.5 0.0 inf
92.5 0.0 inf
93.5 0.0 inf
94.5 0.0 inf
95.5 0.0 inf
96.5 0.0 inf
97.5 0.0 inf
