0.5 165.12709999999998 0.0007781992772282864
1.5 37.7969 0.0016265668207942534
2.5 31.449999999999996 0.0017831573790537303
3.5 25.531399999999998 0.0019790769702997145
4.5 20.8171 0.0021917443000052015
5.5 17.910400000000003 0.002362910963676356
6.5 15.204699999999999 0.002564549418020433
7.5 13.2182 0.002750513878377841
8.5 11.6814 0.0029258533343583196
9.5 10.026599999999998 0.003158080202953743
10.5 8.9747 0.0033380284196476502
11.5 7.7742 0.0035865108203769038
12.5 6.851 0.003820524739262436
13.5 5.993 0.004084866438794941
14.5 5.2469 0.004365646900318344
15.5 4.5466 0.004689824879111801
16.5 3.98 0.005012547071170855
17.5 3.4346 0.005395875458329306
18.5 2.9209 0.005851155710075715
19.5 2.5015 0.006322658807128943
20.5 2.1583 0.006806817310310055
21.5 1.8687 0.007315267423358505
22.5 1.5344 0.008072921046507833
23.5 1.2922 0.008797010931621224
24.5 1.086 0.009595886165829117
25.5 0.8775 0.010675210253672476
26.5 0.7378 0.011642082554346659
27.5 0.5964 0.012948849481091767
28.5 0.5166 0.013913064518828037
29.5 0.4264 0.01531409729579222
30.5 0.3312 0.017376201171422898
31.5 0.26439999999999997 0.01944774603961035
32.5 0.2112 0.02175970699446223
33.5 0.1653 0.02459594839716409
34.5 0.1361 0.027106343491104655
35.5 0.1038 0.03103854276221004
36.5 0.0812 0.03509312031717982
37.5 0.0606 0.04062222318511938
38.5 0.0498 0.04481107149482209
39.5 0.0352 0.053300179088902604
40.5 0.0313 0.05652334189442215
41.5 0.0211 0.06884283908215143
42.5 0.017099999999999997 0.07647191129018727
43.5 0.0125 0.08944271909999159
44.5 0.0109 0.09578262852211514
45.5 0.0073 0.11704114719613057
46.5 0.0057 0.13245323570650439
47.5 0.0042 0.1543033499620919
48.5 0.0038 0.16222142113076254
49.5 0.003 0.18257418583505536
50.5 0.0015 0.2581988897471611
51.5 0.0010999999999999998 0.3015113445777637
52.5 0.0013 0.2773500981126146
53.5 0.0007 0.3779644730092272
54.5 0.0006000000000000001 0.40824829046386296
55.5 0.00030000000000000003 0.5773502691896257
56.5 0.0 inf
57.5 0.0002 0.7071067811865475
58.5 0.0 inf
59.5 0.0001 1.0
60.5 0.0 inf
61.5 0.0 inf
62.5 0.0 inf
63.5 0.0 inf
64.5 0.0 inf
65.5 0.0 inf
66.5 0.0 inf
67.5 0.0 inf
68.5 0.0 inf
69.5 0.0 inf
70.5 0.0 inf
71.5 0.0 inf
72.5 0.0 inf
73.5 0.0 inf
74.5 0.0 inf
75.5 0.0 inf
76.5 0.0 inf
77.5 0.0 inf
78.5 0.0 inf
79.5 0.0 inf
80.5 0.0 inf
81.5 0.0 inf
82.5 0.0 inf
83.5 0.0 inf
84.5 0.0 inf
85.5 0.0 inf
86.5 0.0 inf
87.5 0.0 inf
88.5 0.0 inf
89.5 0.0 inf
90.5 0.0 inf
91.5 0.0 inf
92.5 0.0 inf
93.5 0.0 inf
94.5 0.0 inf
95.5 0.0 inf
96.5 0.0 inf
97.5 0.0 inf
