0.5 38.4724 0.0016122239197117866
1.5 20.3218 0.0022182930245486
2.5 20.5442 0.002206253353421464
3.5 18.8619 0.0023025405165861437
4.5 16.6567 0.0024502224688602975
5.5 14.9305 0.0025879913717546696
6.5 13.09 0.00276394996411391
7.5 11.6686 0.002927457668115498
8.5 10.4256 0.0030970589426965265
9.5 9.0892 0.003316936597051126
10.5 8.1421 0.003504546154694472
11.5 7.1701999999999995 0.0037345163499248263
12.5 6.3599 0.003965289102369725
13.5 5.5733 0.004235881377565111
14.5 4.9356 0.004501217744121959
15.5 4.2986 0.004823213459908233
16.5 3.7922000000000002 0.005135164768384749
17.5 3.282 0.005519893665792624
18.5 2.8095999999999997 0.005965924498791846
19.5 2.412 0.006438895077385465
20.5 2.0552 0.00697546163388767
21.5 1.7468 0.0075662103034379565
22.5 1.4857 0.00820416598462418
23.5 1.2517 0.0089381960018248
24.5 1.0459 0.00977810999772662
25.5 0.8522000000000001 0.010832513403280236
26.5 0.7181 0.011800693665161057
27.5 0.5819000000000001 0.013109188894685373
28.5 0.4829 0.014390351338241198
29.5 0.4027 0.015758293507032634
30.5 0.3151 0.017814588639398523
31.5 0.255 0.019802950859533486
32.5 0.2033 0.02217845610938612
33.5 0.1661 0.024536645240595824
34.5 0.1227 0.02854813347699592
35.5 0.1005 0.031544014893825585
36.5 0.08080000000000001 0.03517987723651459
37.5 0.0633 0.039746431675858215
38.5 0.0497 0.04485613040162566
39.5 0.0354 0.05314940034527339
40.5 0.0267 0.06119900613621046
41.5 0.0238 0.06482037235521643
42.5 0.017 0.07669649888473704
43.5 0.013000000000000001 0.08770580193070293
44.5 0.0097 0.10153461651336192
45.5 0.0079 0.11250879009260237
46.5 0.0051 0.14002800840280097
47.5 0.005 0.1414213562373095
48.5 0.0036 0.16666666666666666
49.5 0.0018 0.23570226039551587
50.5 0.0014 0.2672612419124244
51.5 0.0007 0.3779644730092272
52.5 0.001 0.31622776601683794
53.5 0.0007 0.3779644730092272
54.5 0.0009 0.3333333333333333
55.5 0.0006000000000000001 0.40824829046386296
56.5 0.00030000000000000003 0.5773502691896257
57.5 0.0 inf
58.5 0.0002 0.7071067811865475
59.5 0.0001 1.0
60.5 0.0 inf
61.5 0.0001 1.0
62.5 0.0 inf
63.5 0.0 inf
64.5 0.0 inf
65.5 0.0 inf
66.5 0.0 inf
67.5 0.0 inf
68.5 0.0001 1.0
69.5 0.0 inf
70.5 0.0 inf
71.5 0.0 inf
72.5 0.0 inf
73.5 0.0 inf
74.5 0.0 inf
75.5 0.0 inf
76.5 0.0 inf
77.5 0.0 inf
78.5 0.0 inf
79.5 0.0 inf
80.5 0.0 inf
81.5 0.0 inf
82.5 0.0 inf
83.5 0.0 inf
84.5 0.0 inf
85.5 0.0 inf
86.5 0.0 inf
87.5 0.0 inf
88.5 0.0 inf
89.5 0.0 inf
90.5 0.0 inf
91.5 0.0 inf
92.5 0.0 inf
93.5 0.0 inf
94.5 0.0 inf
95.5 0.0 inf
96.5 0.0 inf
97.5 0.0 inf
