0.5 41.1861 0.0015582052568841515
1.5 21.731299999999997 0.0021451474348020087
2.5 21.9402 0.0021349106756581786
3.5 20.0536 0.002233077655616366
4.5 17.6307 0.0023815802612374647
5.5 15.7515 0.002519643173243201
6.5 13.7493 0.002696868098278279
7.5 12.2045 0.002862463806833907
8.5 10.851400000000002 0.003035687859082324
9.5 9.4811 0.0032476605986460237
10.5 8.572600000000001 0.003415416876473478
11.5 7.4545 0.003662610536678709
12.5 6.6135 0.003888519857061699
13.5 5.824199999999999 0.004143638503795384
14.5 5.0542 0.0044480922775922555
15.5 4.425800000000001 0.004753397219210012
16.5 3.8876999999999997 0.005071700833329889
17.5 3.3843 0.005435826331036597
18.5 2.8784 0.0058941940134653965
19.5 2.4435000000000002 0.006397257443886079
20.5 2.1017 0.00689786416560262
21.5 1.8232 0.007405985269687692
22.5 1.5204 0.00811000402094099
23.5 1.2717 0.008867632049640245
24.5 1.0916000000000001 0.009571240664425778
25.5 0.8776999999999999 0.010673993913412883
26.5 0.7336 0.01167536156235761
27.5 0.6057 0.012849055741528328
28.5 0.5122 0.01397269608362584
29.5 0.405 0.015713484026367724
30.5 0.3227 0.017603560504150954
31.5 0.26080000000000003 0.01958151124969893
32.5 0.20490000000000003 0.022091694090300193
33.5 0.1636 0.024723408821707437
34.5 0.1247 0.02831827358942995
35.5 0.1051 0.030845984923781787
36.5 0.0797 0.03542181734879073
37.5 0.0669 0.038662233651352955
38.5 0.052500000000000005 0.04364357804719848
39.5 0.0382 0.05116445100966508
40.5 0.029899999999999996 0.05783149319662402
41.5 0.022699999999999998 0.0663723311599972
42.5 0.0173 0.07602859212697055
43.5 0.0132 0.08703882797784893
44.5 0.0115 0.09325048082403138
45.5 0.0084 0.1091089451179962
46.5 0.0060999999999999995 0.12803687993289598
47.5 0.0043 0.15249857033260467
48.5 0.0027 0.19245008972987526
49.5 0.0025 0.2
50.5 0.0018999999999999998 0.2294157338705618
51.5 0.0016 0.25
52.5 0.0007 0.3779644730092272
53.5 0.0009 0.3333333333333333
54.5 0.0005 0.4472135954999579
55.5 0.0002 0.7071067811865475
56.5 0.00030000000000000003 0.5773502691896257
57.5 0.0004 0.5
58.5 0.0001 1.0
59.5 0.0 inf
60.5 0.0 inf
61.5 0.0 inf
62.5 0.0001 1.0
63.5 0.0001 1.0
64.5 0.0 inf
65.5 0.0 inf
66.5 0.0 inf
67.5 0.0 inf
68.5 0.0 inf
69.5 0.0 inf
70.5 0.0 inf
71.5 0.0 inf
72.5 0.0 inf
73.5 0.0 inf
74.5 0.0 inf
75.5 0.0 inf
76.5 0.0 inf
77.5 0.0 inf
78.5 0.0 inf
79.5 0.0 inf
80.5 0.0 inf
81.5 0.0 inf
82.5 0.0 inf
83.5 0.0 inf
84.5 0.0 inf
85.5 0.0 inf
86.5 0.0 inf
87.5 0.0 inf
88.5 0.0 inf
89.5 0.0 inf
90.5 0.0 inf
91.5 0.0 inf
92.5 0.0 inf
93.5 0.0 inf
94.5 0.0 inf
95.5 0.0 inf
96.5 0.0 inf
97.5 0.0 inf
