0.5 161.8087 0.0007861384998316236
1.5 37.6489 0.001629760749044596
2.5 31.2958 0.0017875449486621656
3.5 25.529400000000003 0.0019791544902653647
4.5 20.834200000000003 0.0021908446609256306
5.5 17.927500000000002 0.002361783773123927
6.5 15.2519 0.0025605780922038613
7.5 13.2538 0.002746817423957171
8.5 11.6026 0.0029357721070642643
9.5 10.076699999999999 0.0031502196449086435
10.5 8.934899999999999 0.003345454687014284
11.5 7.7275 0.0035973317693737015
12.5 6.8936 0.0038087017023265717
13.5 5.997999999999999 0.0040831634886067895
14.5 5.2085 0.004381710353236527
15.5 4.5325 0.004697113923010208
16.5 3.9728 0.005017087194241238
17.5 3.4463 0.005386708320208175
18.5 2.9299 0.0058421620748190664
19.5 2.5263 0.006291548357178294
20.5 2.1685 0.006790789785918289
21.5 1.8428 0.007366494996593582
22.5 1.5249000000000001 0.008098028815283395
23.5 1.2918 0.008798372803435501
24.5 1.0828000000000002 0.009610055071539388
25.5 0.8853 0.010628078852390208
26.5 0.7346 0.011667412108475972
27.5 0.5967 0.012945593956343622
28.5 0.5129 0.013963157940958374
29.5 0.4153 0.01551740282756371
30.5 0.3241 0.017565498707177146
31.5 0.2661 0.01938552480500403
32.5 0.1999 0.02236627204212922
33.5 0.16160000000000002 0.024875929755249725
34.5 0.1323 0.02749286996141075
35.5 0.11130000000000001 0.029974532466509034
36.5 0.08 0.035355339059327376
37.5 0.07 0.03779644730092272
38.5 0.0499 0.04476614810358452
39.5 0.0392 0.050507627227610534
40.5 0.0286 0.05913123959890826
41.5 0.0223 0.06696495301824251
42.5 0.0174 0.07580980435789034
43.5 0.011300000000000001 0.09407208683835973
44.5 0.0106 0.09712858623572641
45.5 0.008 0.11180339887498948
46.5 0.0065 0.12403473458920847
47.5 0.0055 0.13483997249264842
48.5 0.0035 0.1690308509457033
49.5 0.0038 0.16222142113076254
50.5 0.0021999999999999997 0.21320071635561047
51.5 0.0015 0.2581988897471611
52.5 0.0007999999999999999 0.3535533905932738
53.5 0.0006000000000000001 0.40824829046386296
54.5 0.0006000000000000001 0.40824829046386296
55.5 0.0002 0.7071067811865475
56.5 0.0001 1.0
57.5 0.0001 1.0
58.5 0.0 inf
59.5 0.0001 1.0
60.5 0.0001 1.0
61.5 0.0 inf
62.5 0.0 inf
63.5 0.0 inf
64.5 0.0 inf
65.5 0.0 inf
66.5 0.0 inf
67.5 0.0 inf
68.5 0.0 inf
69.5 0.0 inf
70.5 0.0 inf
71.5 0.0 inf
72.5 0.0 inf
73.5 0.0 inf
74.5 0.0 inf
75.5 0.0 inf
76.5 0.0 inf
77.5 0.0 inf
78.5 0.0 inf
79.5 0.0 inf
80.5 0.0 inf
81.5 0.0 inf
82.5 0.0 inf
83.5 0.0 inf
84.5 0.0 inf
85.5 0.0 inf
86.5 0.0 inf
87.5 0.0 inf
88.5 0.0 inf
89.5 0.0 inf
90.5 0.0 inf
91.5 0.0 inf
92.5 0.0 inf
93.5 0.0 inf
94.5 0.0 inf
95.5 0.0 inf
96.5 0.0 inf
97.5 0.0 inf
