0.5 56.720600000000005 0.0013277906064690127
1.5 26.7833 0.001932270649118159
2.5 25.7499 0.0019706623828612004
3.5 22.5509 0.002105804553425319
4.5 19.3508 0.0022732674727780236
5.5 16.959699999999998 0.0024282361321331693
6.5 14.6387 0.0026136579135777075
7.5 12.835799999999999 0.002791184400388185
8.5 11.372399999999999 0.002965336181575688
9.5 9.9062 0.0031772139013736974
10.5 8.782399999999999 0.003374375376569768
11.5 7.6666 0.003611591295178061
12.5 6.819100000000001 0.0038294505900326446
13.5 5.9138 0.004112128557280525
14.5 5.1993 0.004385585290095174
15.5 4.5219000000000005 0.004702616064068825
16.5 3.9419000000000004 0.005036712929115363
17.5 3.4114 0.005414192307014917
18.5 2.9194 0.005852658691248899
19.5 2.4775 0.00635320937989796
20.5 2.1411 0.006834103067539414
21.5 1.8239 0.00740456395075624
22.5 1.5386 0.008061894971187146
23.5 1.302 0.008763841367493648
24.5 1.0708 0.009663752947535695
25.5 0.8856999999999999 0.010625678653883452
26.5 0.7461 0.011577145194119799
27.5 0.5889 0.013031044349091303
28.5 0.49970000000000003 0.014146380174561475
29.5 0.40590000000000004 0.0156960536449337
30.5 0.3294 0.01742361244964389
31.5 0.264 0.019462473604038074
32.5 0.20129999999999998 0.02228835993459966
33.5 0.1703 0.02423219058363282
34.5 0.1281 0.02793993781135563
35.5 0.10550000000000001 0.030787453590353963
36.5 0.07769999999999999 0.03587480016670876
37.5 0.06670000000000001 0.038720154633118314
38.5 0.0513 0.044151078568834795
39.5 0.0383 0.0510976130307596
40.5 0.0329 0.055131784641997125
41.5 0.0242 0.0642824346533225
42.5 0.018000000000000002 0.07453559924999299
43.5 0.0137 0.0854357657716761
44.5 0.0102 0.09901475429766741
45.5 0.0077 0.11396057645963795
46.5 0.005900000000000001 0.13018891098082386
47.5 0.0051 0.14002800840280097
48.5 0.0033 0.17407765595569785
49.5 0.003 0.18257418583505536
50.5 0.0018999999999999998 0.2294157338705618
51.5 0.0015 0.2581988897471611
52.5 0.0005 0.4472135954999579
53.5 0.0003 0.5773502691896258
54.5 0.0008 0.35355339059327373
55.5 0.00039999999999999996 0.5000000000000001
56.5 0.0001 1.0
57.5 0.0001 1.0
58.5 0.0002 0.7071067811865475
59.5 0.0002 0.7071067811865475
60.5 0.0001 1.0
61.5 0.0001 1.0
62.5 0.0 inf
63.5 0.0001 1.0
64.5 0.0001 1.0
65.5 0.0 inf
66.5 0.0 inf
67.5 0.0 inf
68.5 0.0 inf
69.5 0.0 inf
70.5 0.0 inf
71.5 0.0 inf
72.5 0.0 inf
73.5 0.0 inf
74.5 0.0 inf
75.5 0.0 inf
76.5 0.0 inf
77.5 0.0 inf
78.5 0.0 inf
79.5 0.0 inf
80.5 0.0 inf
81.5 0.0 inf
82.5 0.0 inf
83.5 0.0 inf
84.5 0.0 inf
85.5 0.0 inf
86.5 0.0 inf
87.5 0.0 inf
88.5 0.0 inf
89.5 0.0 inf
90.5 0.0 inf
91.5 0.0 inf
92.5 0.0 inf
93.5 0.0 inf
94.5 0.0 inf
95.5 0.0 inf
96.5 0.0 inf
97.5 0.0 inf
