0.5 84.5758 0.0010873689882545648
1.5 31.5715 0.0017797229133731495
2.5 28.3947 0.001876641679943312
3.5 24.1269 0.002035866226990023
4.5 20.1096 0.002229966218051652
5.5 17.5248 0.0023887652071367307
6.5 15.019400000000001 0.0025803208291698913
7.5 13.0908 0.002763865508093109
8.5 11.5783 0.0029388512236247326
9.5 9.928 0.0031737237056096664
10.5 8.8537 0.0033607607687650884
11.5 7.7013 0.0036034456766475087
12.5 6.827999999999999 0.0038269540153672097
13.5 6.0082 0.0040796960641735006
14.5 5.233499999999999 0.004371232289663829
15.5 4.5186 0.004704332945478347
16.5 3.9775 0.005014122105639002
17.5 3.4595000000000002 0.00537642178952251
18.5 2.9181999999999997 0.005853861910454605
19.5 2.5113000000000003 0.006310310098466207
20.5 2.1711 0.00678672241393843
21.5 1.8065 0.007440138447384356
22.5 1.5266000000000002 0.008093518634585293
23.5 1.2929 0.008794629176891873
24.5 1.0893000000000002 0.009581339923355648
25.5 0.8849 0.010630480678150225
26.5 0.7234 0.011757385222540735
27.5 0.6082000000000001 0.012822620590822256
28.5 0.5168 0.013910372101866431
29.5 0.40390000000000004 0.015734866893226687
30.5 0.316 0.0177892016741205
31.5 0.2669 0.019356450135765438
32.5 0.2103 0.02180621871193172
33.5 0.16820000000000002 0.024382992454708534
34.5 0.131 0.02762894819977688
35.5 0.1091 0.03027524209883363
36.5 0.0811 0.03511474936103118
37.5 0.0683 0.03826393658966905
38.5 0.0465 0.04637388957601683
39.5 0.0387 0.05083285677753489
40.5 0.030100000000000002 0.0576390417704235
41.5 0.024 0.06454972243679027
42.5 0.0186 0.07332355751067665
43.5 0.0123 0.09016696346674323
44.5 0.008799999999999999 0.10660035817780524
45.5 0.01 0.1
46.5 0.0042 0.1543033499620919
47.5 0.0037999999999999996 0.16222142113076254
48.5 0.0034000000000000002 0.17149858514250882
49.5 0.0031999999999999997 0.1767766952966369
50.5 0.0009 0.3333333333333333
51.5 0.0015 0.2581988897471611
52.5 0.0006000000000000001 0.40824829046386296
53.5 0.0004 0.5
54.5 0.0003 0.5773502691896258
55.5 0.00039999999999999996 0.5000000000000001
56.5 0.0001 1.0
57.5 0.0002 0.7071067811865475
58.5 0.0002 0.7071067811865475
59.5 0.0 inf
60.5 0.0 inf
61.5 0.0 inf
62.5 0.0 inf
63.5 0.0 inf
64.5 0.0 inf
65.5 0.0 inf
66.5 0.0 inf
67.5 0.0001 1.0
68.5 0.0 inf
69.5 0.0 inf
70.5 0.0 inf
71.5 0.0 inf
72.5 0.0 inf
73.5 0.0 inf
74.5 0.0 inf
75.5 0.0 inf
76.5 0.0 inf
77.5 0.0 inf
78.5 0.0 inf
79.5 0.0 inf
80.5 0.0 inf
81.5 0.0 inf
82.5 0.0 inf
83.5 0.0 inf
84.5 0.0 inf
85.5 0.0 inf
86.5 0.0 inf
87.5 0.0 inf
88.5 0.0 inf
89.5 0.0 inf
90.5 0.0 inf
91.5 0.0 inf
92.5 0.0 inf
93.5 0.0 inf
94.5 0.0 inf
95.5 0.0 inf
96.5 0.0 inf
97.5 0.0 inf
