0.5 39.2473 0.0015962286720121214
1.5 20.758 0.0021948621346135834
2.5 20.9998 0.0021821892937622547
3.5 19.300600000000003 0.002276221886617553
4.5 17.0485 0.002421903936189432
5.5 15.2473 0.002560964317010026
6.5 13.3931 0.002732495429742974
7.5 11.8547 0.0029043885501824013
8.5 10.615300000000001 0.0030692613028117962
9.5 9.278400000000001 0.003282943846093451
10.5 8.3521 0.0034602076124567475
11.5 7.2826 0.0037055849307815678
12.5 6.5381 0.003910877570132147
13.5 5.706799999999999 0.004186042889310046
14.5 4.9994 0.004472404307308829
15.5 4.3141 0.004814541073999451
16.5 3.8086 0.005124096717377463
17.5 3.3334 0.005477170803617481
18.5 2.8609999999999998 0.005912090467973488
19.5 2.4587000000000003 0.006377452452542389
20.5 2.0833 0.006928258656566468
21.5 1.7691 0.007518371973572835
22.5 1.4911 0.008189296868084308
23.5 1.2502 0.008943556454099923
24.5 1.0715 0.009660595816299236
25.5 0.8755 0.010687396570715307
26.5 0.7123 0.011848640639004905
27.5 0.5975 0.012936924547063017
28.5 0.5065999999999999 0.01404971152725957
29.5 0.4048 0.015717365336548286
30.5 0.3211 0.017647364143889368
31.5 0.2474 0.020104818294981227
32.5 0.2049 0.022091694090300196
33.5 0.16210000000000002 0.024837535026770382
34.5 0.126 0.02817180849095055
35.5 0.1037 0.031053504702226845
36.5 0.0791 0.035555906726738896
37.5 0.0681 0.03832008326196737
38.5 0.0492 0.045083481733371615
39.5 0.0392 0.050507627227610534
40.5 0.031100000000000003 0.05670479771237427
41.5 0.0218 0.06772854614785964
42.5 0.0176 0.07537783614444091
43.5 0.0121 0.09090909090909091
44.5 0.0087 0.10721125348377948
45.5 0.0069 0.1203858530857692
46.5 0.0069 0.1203858530857692
47.5 0.0035 0.1690308509457033
48.5 0.0029 0.18569533817705186
49.5 0.0031999999999999997 0.1767766952966369
50.5 0.0017 0.24253562503633297
51.5 0.0011 0.30151134457776363
52.5 0.001 0.31622776601683794
53.5 0.00039999999999999996 0.5000000000000001
54.5 0.0004 0.5
55.5 0.0002 0.7071067811865475
56.5 0.00030000000000000003 0.5773502691896257
57.5 0.0002 0.7071067811865475
58.5 0.0002 0.7071067811865475
59.5 0.0 inf
60.5 0.0001 1.0
61.5 0.0 inf
62.5 0.0001 1.0
63.5 0.0 inf
64.5 0.0 inf
65.5 0.0 inf
66.5 0.0 inf
67.5 0.0 inf
68.5 0.0 inf
69.5 0.0 inf
70.5 0.0 inf
71.5 0.0 inf
72.5 0.0 inf
73.5 0.0 inf
74.5 0.0 inf
75.5 0.0 inf
76.5 0.0 inf
77.5 0.0 inf
78.5 0.0 inf
79.5 0.0 inf
80.5 0.0 inf
81.5 0.0 inf
82.5 0.0 inf
83.5 0.0 inf
84.5 0.0 inf
85.5 0.0 inf
86.5 0.0 inf
87.5 0.0 inf
88.5 0.0 inf
89.5 0.0 inf
90.5 0.0 inf
91.5 0.0 inf
92.5 0.0 inf
93.5 0.0 inf
94.5 0.0 inf
95.5 0.0 inf
96.5 0.0 inf
97.5 0.0 inf
