0.5 79.5226 0.0011213849276904143
1.5 30.9372 0.0017978750168928899
2.5 28.1203 0.0018857756567801326
3.5 23.8202 0.0020489308343827188
4.5 20.137999999999998 0.0022283932370007983
5.5 17.4429 0.0023943666484127217
6.5 14.9212 0.0025887977603371724
7.5 13.1146 0.002761356477313775
8.5 11.486699999999999 0.0029505458018745582
9.5 9.998999999999999 0.003162435785910918
10.5 8.845500000000001 0.0033623181626076222
11.5 7.7261 0.003597657680011022
12.5 6.8459 0.0038219475652341477
13.5 5.891500000000001 0.004119903644820319
14.5 5.2831 0.004350664402624041
15.5 4.4909 0.0047188188726778645
16.5 3.9795999999999996 0.005012798976946383
17.5 3.4607 0.005375489569808616
18.5 2.925 0.005847053462046861
19.5 2.4945 0.006331523831342585
20.5 2.1496000000000004 0.006820577896580294
21.5 1.8205 0.007411475176746072
22.5 1.508 0.008143279274805704
23.5 1.2995999999999999 0.008771929824561405
24.5 1.0834000000000001 0.00960739362074156
25.5 0.8939999999999999 0.01057623861617254
26.5 0.7439 0.011594251603763732
27.5 0.5845 0.01307999994768
28.5 0.5064 0.014052485682983567
29.5 0.41600000000000004 0.015504341823651058
30.5 0.3296 0.017418325357290442
31.5 0.2621 0.0195328893341018
32.5 0.2148 0.021576592600105155
33.5 0.1649 0.024625761678892605
34.5 0.1343 0.027287389727190907
35.5 0.10389999999999999 0.03102360242788488
36.5 0.0812 0.03509312031717982
37.5 0.06920000000000001 0.03801429606348527
38.5 0.045700000000000005 0.04677802697249879
39.5 0.039599999999999996 0.050251890762960605
40.5 0.027299999999999998 0.060522753266880246
41.5 0.023100000000000002 0.0657951694959769
42.5 0.0184 0.07372097807744857
43.5 0.011699999999999999 0.09245003270420486
44.5 0.0103 0.09853292781642932
45.5 0.0063 0.1259881576697424
46.5 0.0051 0.14002800840280097
47.5 0.004 0.15811388300841897
48.5 0.0031999999999999997 0.1767766952966369
49.5 0.0027 0.19245008972987526
50.5 0.0018 0.23570226039551587
51.5 0.0017 0.24253562503633297
52.5 0.0011 0.30151134457776363
53.5 0.0006000000000000001 0.40824829046386296
54.5 0.0005 0.4472135954999579
55.5 0.0001 1.0
56.5 0.0001 1.0
57.5 0.00030000000000000003 0.5773502691896257
58.5 0.0002 0.7071067811865475
59.5 0.0 inf
60.5 0.0 inf
61.5 0.0001 1.0
62.5 0.0001 1.0
63.5 0.0 inf
64.5 0.0001 1.0
65.5 0.0 inf
66.5 0.0 inf
67.5 0.0 inf
68.5 0.0 inf
69.5 0.0 inf
70.5 0.0 inf
71.5 0.0 inf
72.5 0.0 inf
73.5 0.0 inf
74.5 0.0 inf
75.5 0.0 inf
76.5 0.0 inf
77.5 0.0 inf
78.5 0.0 inf
79.5 0.0 inf
80.5 0.0 inf
81.5 0.0 inf
82.5 0.0 inf
83.5 0.0 inf
84.5 0.0 inf
85.5 0.0 inf
86.5 0.0 inf
87.5 0.0 inf
88.5 0.0 inf
89.5 0.0 inf
90.5 0.0 inf
91.5 0.0 inf
92.5 0.0 inf
93.5 0.0 inf
94.5 0.0 inf
95.5 0.0 inf
96.5 0.0 inf
97.5 0.0 inf
