0.5 39.7111 0.0015868798347743037
1.5 21.04 0.0021801036009847364
2.5 21.261499999999998 0.0021687178280297317
3.5 19.435699999999997 0.002268296938180312
4.5 17.191000000000003 0.002411845199429533
5.5 15.3576 0.0025517511787479185
6.5 13.5031 0.0027213428372200965
7.5 12.0251 0.0028837370130767996
8.5 10.681899999999999 0.003059678156531209
9.5 9.3375 0.0032725379578254395
10.5 8.424199999999999 0.0034453683949525445
11.5 7.3544 0.0036874520058198215
12.5 6.5062999999999995 0.003920423265471829
13.5 5.727 0.004178653963132206
14.5 5.036300000000001 0.004455989963410805
15.5 4.395300000000001 0.004769861166386983
16.5 3.8759 0.005079415246676986
17.5 3.3254 0.005483755131057825
18.5 2.8483 0.005925256222877149
19.5 2.4534000000000002 0.006384337237567431
20.5 2.0978000000000003 0.00690427306509134
21.5 1.7776999999999998 0.007500164067883497
22.5 1.5114 0.008134114679689297
23.5 1.2748 0.008856843537039501
24.5 1.0816 0.009615384615384616
25.5 0.8616 0.010773260339714291
26.5 0.7269000000000001 0.011729045352617276
27.5 0.5899 0.013019994534207442
28.5 0.49119999999999997 0.01426825363838374
29.5 0.4141 0.015539870121416248
30.5 0.324 0.017568209223157664
31.5 0.259 0.01964943729729648
32.5 0.2108 0.021780342093451605
33.5 0.1714 0.024154307519818494
34.5 0.13240000000000002 0.027482485496465633
35.5 0.099 0.03178208630818641
36.5 0.08199999999999999 0.034921514788478915
37.5 0.0629 0.039872611141445
38.5 0.0514 0.04410810913912309
39.5 0.036699999999999997 0.052199575097188054
40.5 0.0271 0.0607456739230787
41.5 0.022600000000000002 0.06651901052377392
42.5 0.0185 0.07352146220938077
43.5 0.0122 0.09053574604251853
44.5 0.008199999999999999 0.11043152607484656
45.5 0.0089 0.105999788000636
46.5 0.0068 0.12126781251816648
47.5 0.0049 0.14285714285714285
48.5 0.0035 0.1690308509457033
49.5 0.0018 0.23570226039551587
50.5 0.0017 0.24253562503633297
51.5 0.0014 0.2672612419124244
52.5 0.0011 0.30151134457776363
53.5 0.0005 0.4472135954999579
54.5 0.0001 1.0
55.5 0.0004 0.5
56.5 0.0002 0.7071067811865475
57.5 0.00039999999999999996 0.5000000000000001
58.5 0.0002 0.7071067811865475
59.5 0.0002 0.7071067811865475
60.5 0.0 inf
61.5 0.0 inf
62.5 0.0 inf
63.5 0.0 inf
64.5 0.0 inf
65.5 0.0 inf
66.5 0.0 inf
67.5 0.0 inf
68.5 0.0 inf
69.5 0.0 inf
70.5 0.0 inf
71.5 0.0 inf
72.5 0.0 inf
73.5 0.0 inf
74.5 0.0 inf
75.5 0.0 inf
76.5 0.0 inf
77.5 0.0 inf
78.5 0.0 inf
79.5 0.0 inf
80.5 0.0 inf
81.5 0.0 inf
82.5 0.0 inf
83.5 0.0 inf
84.5 0.0 inf
85.5 0.0 inf
86.5 0.0 inf
87.5 0.0 inf
88.5 0.0 inf
89.5 0.0 inf
90.5 0.0 inf
91.5 0.0 inf
92.5 0.0 inf
93.5 0.0 inf
94.5 0.0 inf
95.5 0.0 inf
96.5 0.0 inf
97.5 0.0 inf
