0.5 39.528400000000005 0.0015905428809929996
1.5 20.930300000000003 0.002185809319855155
2.5 21.1473 0.0021745657166752984
3.5 19.451 0.0022674046506244838
4.5 17.0723 0.0024202151942882637
5.5 15.3861 0.002549386751853038
6.5 13.4663 0.002725058671996409
7.5 11.9339 0.0028947349376750096
8.5 10.6668 0.0030618430420197617
9.5 9.283100000000001 0.003282112669568973
10.5 8.3704 0.0034564230593340356
11.5 7.322800000000001 0.0036953996519220452
12.5 6.5256 0.003914621484971687
13.5 5.7009 0.004188208447932457
14.5 5.0469 0.004451308047699338
15.5 4.4066 0.004763741478917154
16.5 3.8451 0.005099718222854179
17.5 3.323 0.005485735064374617
18.5 2.8669000000000002 0.005906003876454164
19.5 2.4424 0.0063986978695009175
20.5 2.0984 0.0069032859177399234
21.5 1.7904 0.0074735159444493885
22.5 1.5044 0.008153016807477778
23.5 1.2536 0.0089314199121113
24.5 1.0583 0.009720656617536974
25.5 0.8546 0.010817292065452438
26.5 0.7309 0.011696906518807771
27.5 0.5894999999999999 0.01302441108607606
28.5 0.49219999999999997 0.014253751903120991
29.5 0.41459999999999997 0.015530496895325855
30.5 0.3323 0.017347417443674195
31.5 0.2526 0.019896804232983473
32.5 0.2092 0.021863473472331304
33.5 0.16499999999999998 0.02461829819586655
34.5 0.1261 0.02816063585180762
35.5 0.1026 0.031219527052723135
36.5 0.0848 0.03434014098717226
37.5 0.0664 0.03880752628531664
38.5 0.0499 0.04476614810358452
39.5 0.0388 0.05076730825668096
40.5 0.026799999999999997 0.06108472217815261
41.5 0.0241 0.06441566264008308
42.5 0.0167 0.07738232325341368
43.5 0.0123 0.09016696346674323
44.5 0.0115 0.09325048082403138
45.5 0.007300000000000001 0.11704114719613055
46.5 0.006 0.12909944487358055
47.5 0.0046 0.14744195615489714
48.5 0.0028 0.1889822365046136
49.5 0.0025 0.2
50.5 0.0018 0.23570226039551587
51.5 0.0017000000000000001 0.24253562503633297
52.5 0.0010999999999999998 0.3015113445777637
53.5 0.0007 0.3779644730092272
54.5 0.0003 0.5773502691896258
55.5 0.0002 0.7071067811865475
56.5 0.0002 0.7071067811865475
57.5 0.0003 0.5773502691896258
58.5 0.0001 1.0
59.5 0.0 inf
60.5 0.0001 1.0
61.5 0.0 inf
62.5 0.0 inf
63.5 0.0002 0.7071067811865475
64.5 0.0 inf
65.5 0.0 inf
66.5 0.0001 1.0
67.5 0.0 inf
68.5 0.0 inf
69.5 0.0 inf
70.5 0.0 inf
71.5 0.0 inf
72.5 0.0 inf
73.5 0.0 inf
74.5 0.0 inf
75.5 0.0 inf
76.5 0.0 inf
77.5 0.0 inf
78.5 0.0 inf
79.5 0.0 inf
80.5 0.0 inf
81.5 0.0 inf
82.5 0.0 inf
83.5 0.0 inf
84.5 0.0 inf
85.5 0.0 inf
86.5 0.0 inf
87.5 0.0 inf
88.5 0.0 inf
89.5 0.0 inf
90.5 0.0 inf
91.5 0.0 inf
92.5 0.0 inf
93.5 0.0 inf
94.5 0.0 inf
95.5 0.0 inf
96.5 0.0 inf
97.5 0.0 inf
