0.5 106.83699999999999 0.0009674736774249714
1.5 33.9411 0.0017164732646397067
2.5 29.6677 0.001835938210159952
3.5 24.7849 0.0020086599227223706
4.5 20.4039 0.002213825608280112
5.5 17.717599999999997 0.0023757325810007343
6.5 15.0795 0.002575173705348681
7.5 13.1258 0.002760178118937101
8.5 11.5811 0.002938495934366321
9.5 10.0104 0.0031606345572943173
10.5 8.9337 0.0033456793649653104
11.5 7.7165 0.0035998948846040317
12.5 6.8601 0.003817989913792652
13.5 5.9628 0.004095197756345945
14.5 5.2292000000000005 0.0043730291645546725
15.5 4.5198 0.004703708407414463
16.5 3.9920999999999998 0.005004944825729799
17.5 3.4532999999999996 0.005381245996333448
18.5 2.9123 0.005859788551001263
19.5 2.5288 0.006288437640583429
20.5 2.1561000000000003 0.006810289129811683
21.5 1.8409 0.007370295510183875
22.5 1.5464 0.008041537277139065
23.5 1.3026 0.008761822746859363
24.5 1.0911 0.00957343343878258
25.5 0.8758999999999999 0.010684955968589236
26.5 0.745 0.011585688927269844
27.5 0.6002000000000001 0.012907793367708472
28.5 0.5076 0.014035865351108647
29.5 0.3974 0.015863027189204314
30.5 0.32799999999999996 0.017460757394239457
31.5 0.26890000000000003 0.01928433196350193
32.5 0.2037 0.02215666980146639
33.5 0.16410000000000002 0.024685714930565622
34.5 0.1252 0.028261670947211076
35.5 0.1078 0.03045724519365863
36.5 0.08299999999999999 0.03471050672503117
37.5 0.0637 0.03962144258751636
38.5 0.0513 0.044151078568834795
39.5 0.036199999999999996 0.052558833122763673
40.5 0.0315 0.0563436169819011
41.5 0.024 0.06454972243679027
42.5 0.0187 0.07312724241271307
43.5 0.0119 0.09166984970282112
44.5 0.009500000000000001 0.1025978352085154
45.5 0.008199999999999999 0.11043152607484656
46.5 0.0059 0.13018891098082389
47.5 0.0049 0.14285714285714285
48.5 0.0031999999999999997 0.1767766952966369
49.5 0.0025 0.2
50.5 0.0015 0.2581988897471611
51.5 0.001 0.31622776601683794
52.5 0.0009 0.3333333333333333
53.5 0.0006 0.4082482904638631
54.5 0.0009 0.3333333333333333
55.5 0.0002 0.7071067811865475
56.5 0.0001 1.0
57.5 0.00039999999999999996 0.5000000000000001
58.5 0.0001 1.0
59.5 0.0 inf
60.5 0.0 inf
61.5 0.0002 0.7071067811865475
62.5 0.0 inf
63.5 0.0 inf
64.5 0.0 inf
65.5 0.0 inf
66.5 0.0 inf
67.5 0.0 inf
68.5 0.0 inf
69.5 0.0 inf
70.5 0.0 inf
71.5 0.0 inf
72.5 0.0 inf
73.5 0.0 inf
74.5 0.0 inf
75.5 0.0 inf
76.5 0.0 inf
77.5 0.0 inf
78.5 0.0 inf
79.5 0.0 inf
80.5 0.0 inf
81.5 0.0 inf
82.5 0.0 inf
83.5 0.0 inf
84.5 0.0 inf
85.5 0.0 inf
86.5 0.0 inf
87.5 0.0 inf
88.5 0.0 inf
89.5 0.0 inf
90.5 0.0 inf
91.5 0.0 inf
92.5 0.0 inf
93.5 0.0 inf
94.5 0.0 inf
95.5 0.0 inf
96.5 0.0 inf
97.5 0.0 inf
