0.5 39.6717 0.001587667645095997
1.5 21.009500000000003 0.0021816854816791445
2.5 21.350299999999997 0.0021642030716286335
3.5 19.561300000000003 0.0022610030238979896
4.5 17.2085 0.002410618537401671
5.5 15.5565 0.002535385798284888
6.5 13.5791 0.0027137166964744932
7.5 12.101199999999999 0.0028746553315218684
8.5 10.7912 0.003044143556622765
9.5 9.395900000000001 0.003262351913228735
10.5 8.4342 0.0034433252905382906
11.5 7.5059000000000005 0.003650048313271732
12.5 6.6453 0.0038792047607454816
13.5 5.8355 0.004139624639995133
14.5 5.1258 0.004416916321513472
15.5 4.4351 0.004748410883753511
16.5 3.9479999999999995 0.005032820347323118
17.5 3.3794 0.005439765773080327
18.5 2.9194 0.005852658691248899
19.5 2.4873000000000003 0.006340681156361302
20.5 2.1353 0.0068433783257662835
21.5 1.8331 0.0073859594893198235
22.5 1.5225 0.008104408984731078
23.5 1.3041999999999998 0.00875644657040788
24.5 1.0867 0.009592795063235822
25.5 0.8928 0.010583343916682543
26.5 0.7395 0.011628693150774139
27.5 0.5952 0.012961896184130316
28.5 0.5137 0.013952281087941852
29.5 0.4125 0.015569978883230457
30.5 0.34040000000000004 0.017139779254776524
31.5 0.26 0.019611613513818404
32.5 0.21300000000000002 0.021667569500871973
33.5 0.1725 0.02407717061715384
34.5 0.13140000000000002 0.027586862953412266
35.5 0.1124 0.02982749931359468
36.5 0.0819 0.03494282789073061
37.5 0.0653 0.03913302400974161
38.5 0.0506 0.044455422447438706
39.5 0.0434 0.04800153607373193
40.5 0.0275 0.060302268915552716
41.5 0.025599999999999998 0.06250000000000001
42.5 0.0159 0.07930515857181442
43.5 0.0132 0.08703882797784893
44.5 0.009399999999999999 0.10314212462587935
45.5 0.0077 0.11396057645963795
46.5 0.0048 0.14433756729740646
47.5 0.0051 0.14002800840280097
48.5 0.0037 0.1643989873053573
49.5 0.0026 0.19611613513818404
50.5 0.0019000000000000002 0.22941573387056174
51.5 0.0018 0.23570226039551587
52.5 0.001 0.31622776601683794
53.5 0.00039999999999999996 0.5000000000000001
54.5 0.0005 0.4472135954999579
55.5 0.0004 0.5
56.5 0.0002 0.7071067811865475
57.5 0.0001 1.0
58.5 0.0001 1.0
59.5 0.0 inf
60.5 0.0 inf
61.5 0.0 inf
62.5 0.0001 1.0
63.5 0.0 inf
64.5 0.0 inf
65.5 0.0 inf
66.5 0.0 inf
67.5 0.0 inf
68.5 0.0001 1.0
69.5 0.0 inf
70.5 0.0 inf
71.5 0.0 inf
72.5 0.0 inf
73.5 0.0 inf
74.5 0.0 inf
75.5 0.0 inf
76.5 0.0 inf
77.5 0.0 inf
78.5 0.0 inf
79.5 0.0 inf
80.5 0.0 inf
81.5 0.0 inf
82.5 0.0 inf
83.5 0.0 inf
84.5 0.0 inf
85.5 0.0 inf
86.5 0.0 inf
87.5 0.0 inf
88.5 0.0 inf
89.5 0.0 inf
90.5 0.0 inf
91.5 0.0 inf
92.5 0.0 inf
93.5 0.0 inf
94.5 0.0 inf
95.5 0.0 inf
96.5 0.0 inf
97.5 0.0 inf
