0.5 643803.0 0.0012463026026482981
1.5 287788.0 0.001864076191152889
2.5 253126.0 0.001987612053856424
3.5 201898.0 0.0022255327603342805
4.5 153543.0 0.0025520253796715246
5.5 121111.0 0.002873480173773928
6.5 93616.0 0.0032683229204004674
7.5 73916.0 0.003678161308300859
8.5 59268.0 0.0041076162557598505
9.5 46895.0 0.004617817124255748
10.5 37904.0 0.005136383927242701
11.5 30258.0 0.005748835619402825
12.5 24388.0 0.006403418801472846
13.5 19806.0 0.0071056140185512566
14.5 16193.0 0.007858440007741802
15.5 12842.0 0.00882436914082421
16.5 10567.0 0.009728013089400626
17.5 8428.0 0.010892755023757477
18.5 6743.0 0.01217792850838968
19.5 5416.0 0.0135881606299661
20.5 4329.0 0.015198691752918441
21.5 3544.0 0.016797828517084896
22.5 2721.0 0.01917060103747883
23.5 2168.0 0.021476838979377886
24.5 1794.0 0.02360960823249428
25.5 1353.0 0.027186362391351842
26.5 1116.0 0.02993421700446248
27.5 878.0 0.03374836535314135
28.5 700.0 0.03779644730092272
29.5 502.0 0.04463218426774518
30.5 406.0 0.04962916669854651
31.5 328.0 0.05521576303742327
32.5 241.0 0.06441566264008308
33.5 169.0 0.07692307692307693
34.5 147.0 0.08247860988423225
35.5 100.0 0.1
36.5 84.0 0.1091089451179962
37.5 63.0 0.1259881576697424
38.5 52.0 0.1386750490563073
39.5 25.0 0.2
40.5 21.0 0.2182178902359924
41.5 12.0 0.2886751345948129
42.5 17.0 0.24253562503633297
43.5 4.0 0.5
44.5 7.0 0.3779644730092272
45.5 6.0 0.4082482904638631
46.5 2.0 0.7071067811865475
47.5 1.0 1.0
48.5 1.0 1.0
49.5 1.0 1.0
50.5 1.0 1.0
51.5 0.0 inf
52.5 1.0 1.0
53.5 0.0 inf
54.5 0.0 inf
55.5 0.0 inf
56.5 0.0 inf
57.5 0.0 inf
58.5 0.0 inf
59.5 0.0 inf
60.5 0.0 inf
61.5 0.0 inf
62.5 0.0 inf
63.5 0.0 inf
64.5 0.0 inf
65.5 0.0 inf
66.5 0.0 inf
67.5 0.0 inf
68.5 0.0 inf
69.5 0.0 inf
70.5 0.0 inf
71.5 0.0 inf
72.5 0.0 inf
73.5 0.0 inf
74.5 0.0 inf
75.5 0.0 inf
76.5 0.0 inf
77.5 0.0 inf
78.5 0.0 inf
79.5 0.0 inf
80.5 0.0 inf
81.5 0.0 inf
82.5 0.0 inf
83.5 0.0 inf
84.5 0.0 inf
85.5 0.0 inf
86.5 0.0 inf
87.5 0.0 inf
88.5 0.0 inf
89.5 0.0 inf
90.5 0.0 inf
91.5 0.0 inf
92.5 0.0 inf
93.5 0.0 inf
94.5 0.0 inf
95.5 0.0 inf
96.5 0.0 inf
97.5 0.0 inf
