0.5 54.2331 0.0013578999900820954
1.5 29.4096 0.0018439767510516558
2.5 29.9298 0.0018278817325371977
3.5 27.547800000000002 0.0019052700445347864
4.5 24.3558 0.002026276932758615
5.5 21.9621 0.002133845973166226
6.5 19.2628 0.002278454143048208
7.5 17.124499999999998 0.0024165236512957507
8.5 15.3275 0.0025542555023132865
9.5 13.5038 0.002721272302827058
10.5 12.0488 0.002880899460425904
11.5 10.5786 0.003074580738402697
12.5 9.508199999999999 0.0032430291014230255
13.5 8.292300000000001 0.0034726618592998094
14.5 7.345 0.003689810819024548
15.5 6.3689 0.003962486403432286
16.5 5.6211 0.004217832649075628
17.5 4.889 0.004522618775563282
18.5 4.1648 0.004900077225825624
19.5 3.5467 0.00530991748797477
20.5 3.0984 0.005681084618044959
21.5 2.6277999999999997 0.006168844824789669
22.5 2.1982 0.006744758408598172
23.5 1.8496 0.007352941176470588
24.5 1.5655000000000001 0.007992331041534954
25.5 1.2607 0.008906234453242002
26.5 1.0612 0.009707365442650518
27.5 0.8549 0.01081539390638794
28.5 0.73 0.011704114719613056
29.5 0.5949 0.012965164026406899
30.5 0.46540000000000004 0.014658408165715977
31.5 0.38649999999999995 0.016085155024444558
32.5 0.30379999999999996 0.018142875285741503
33.5 0.2479 0.020084532931834775
34.5 0.1842 0.02329996062309982
35.5 0.157 0.025237723256253435
36.5 0.119 0.028988551782622423
37.5 0.0958 0.03230853348756192
38.5 0.075 0.03651483716701107
39.5 0.0576 0.041666666666666664
40.5 0.0407 0.04956815970966096
41.5 0.0353 0.05322462954123495
42.5 0.028200000000000003 0.05954913341754137
43.5 0.0178 0.07495316889958614
44.5 0.0143 0.08362420100070908
45.5 0.0117 0.09245003270420485
46.5 0.007699999999999999 0.11396057645963795
47.5 0.006 0.12909944487358055
48.5 0.0048 0.14433756729740646
49.5 0.0035 0.1690308509457033
50.5 0.0027 0.19245008972987526
51.5 0.0018 0.23570226039551587
52.5 0.0017000000000000001 0.24253562503633297
53.5 0.0013 0.2773500981126146
54.5 0.0008 0.35355339059327373
55.5 0.0007 0.3779644730092272
56.5 0.0004 0.5
57.5 0.0002 0.7071067811865475
58.5 0.0001 1.0
59.5 0.0 inf
60.5 0.0002 0.7071067811865475
61.5 0.0002 0.7071067811865475
62.5 0.0002 0.7071067811865475
63.5 0.0001 1.0
64.5 0.0 inf
65.5 0.0 inf
66.5 0.0 inf
67.5 0.0 inf
68.5 0.0 inf
69.5 0.0 inf
70.5 0.0 inf
71.5 0.0 inf
72.5 0.0 inf
73.5 0.0 inf
74.5 0.0 inf
75.5 0.0 inf
76.5 0.0 inf
77.5 0.0 inf
78.5 0.0 inf
79.5 0.0 inf
80.5 0.0 inf
81.5 0.0 inf
82.5 0.0 inf
83.5 0.0 inf
84.5 0.0 inf
85.5 0.0 inf
86.5 0.0 inf
87.5 0.0 inf
88.5 0.0 inf
89.5 0.0 inf
90.5 0.0 inf
91.5 0.0 inf
92.5 0.0 inf
93.5 0.0 inf
94.5 0.0 inf
95.5 0.0 inf
96.5 0.0 inf
97.5 0.0 inf
