0.5 39.485 0.0015914167647838678
1.5 20.9223 0.0021862271707442787
2.5 21.1325 0.0021753270544179596
3.5 19.459000000000003 0.0022669385140824507
4.5 17.1729 0.002413115890500466
5.5 15.4599 0.002543294545123408
6.5 13.538599999999999 0.002717772634857605
7.5 12.0732 0.0028779868316747463
8.5 10.7279 0.0030531113357025875
9.5 9.436 0.003255412553647663
10.5 8.4078 0.0034487269735788938
11.5 7.412599999999999 0.0036729474716181805
12.5 6.548 0.003907920000381663
13.5 5.7329 0.0041765031838743635
14.5 5.1030999999999995 0.004426729253584499
15.5 4.4764 0.004726455316494077
16.5 3.8838 0.0050742466222746295
17.5 3.3906 0.005430773887740173
18.5 2.9194 0.005852658691248899
19.5 2.4688999999999997 0.006364264931585219
20.5 2.1494 0.00682089521393591
21.5 1.8182 0.007416161406381332
22.5 1.5303 0.008083728351002408
23.5 1.2742 0.008858928563208074
24.5 1.0951 0.009555933317324575
25.5 0.8845000000000001 0.010632884133003036
26.5 0.7222999999999999 0.011766334553487256
27.5 0.5972999999999999 0.012939090266429839
28.5 0.5071 0.0140427833195661
29.5 0.4083 0.01564985471133573
30.5 0.32689999999999997 0.01749010995279634
31.5 0.26670000000000005 0.019363706537195886
32.5 0.2062 0.022021944790965527
33.5 0.1683 0.024375747470904357
34.5 0.12619999999999998 0.028149476494978783
35.5 0.11199999999999999 0.029880715233359847
36.5 0.0811 0.03511474936103118
37.5 0.06889999999999999 0.03809696588797297
38.5 0.0532 0.043355498476206
39.5 0.039099999999999996 0.05057217374241737
40.5 0.0308 0.05698028822981897
41.5 0.0242 0.0642824346533225
42.5 0.0159 0.07930515857181442
43.5 0.012 0.09128709291752768
44.5 0.010700000000000001 0.09667364890456635
45.5 0.0087 0.10721125348377948
46.5 0.0055 0.13483997249264842
47.5 0.0045000000000000005 0.14907119849998599
48.5 0.0028 0.1889822365046136
49.5 0.0025 0.2
50.5 0.0012 0.2886751345948129
51.5 0.0017000000000000001 0.24253562503633297
52.5 0.0006 0.4082482904638631
53.5 0.00030000000000000003 0.5773502691896257
54.5 0.00039999999999999996 0.5000000000000001
55.5 0.00030000000000000003 0.5773502691896257
56.5 0.0001 1.0
57.5 0.0001 1.0
58.5 0.0 inf
59.5 0.0001 1.0
60.5 0.0002 0.7071067811865475
61.5 0.0 inf
62.5 0.0 inf
63.5 0.0 inf
64.5 0.0 inf
65.5 0.0 inf
66.5 0.0 inf
67.5 0.0 inf
68.5 0.0 inf
69.5 0.0 inf
70.5 0.0 inf
71.5 0.0 inf
72.5 0.0 inf
73.5 0.0 inf
74.5 0.0 inf
75.5 0.0 inf
76.5 0.0 inf
77.5 0.0 inf
78.5 0.0 inf
79.5 0.0 inf
80.5 0.0 inf
81.5 0.0 inf
82.5 0.0 inf
83.5 0.0 inf
84.5 0.0 inf
85.5 0.0 inf
86.5 0.0 inf
87.5 0.0 inf
88.5 0.0 inf
89.5 0.0 inf
90.5 0.0 inf
91.5 0.0 inf
92.5 0.0 inf
93.5 0.0 inf
94.5 0.0 inf
95.5 0.0 inf
96.5 0.0 inf
97.5 0.0 inf
