0.5 38.8377 0.0016046238709655671
1.5 20.542499999999997 0.002206344641071651
2.5 20.722099999999998 0.0021967625562124256
3.5 19.1355 0.002286020353009871
4.5 16.7494 0.002443432650490863
5.5 15.1377 0.0025702185455930963
6.5 13.3094 0.002741074006414641
7.5 11.6709 0.0029271691948873314
8.5 10.5459 0.0030793437730798332
9.5 9.199 0.003297081561063747
10.5 8.2602 0.0034794028799295385
11.5 7.2555 0.003712498841294488
12.5 6.4479 0.00393813729909966
13.5 5.6616 0.004202719535103986
14.5 4.9670000000000005 0.004486967460113969
15.5 4.311999999999999 0.004815713303308873
16.5 3.8362 0.005105630479499195
17.5 3.3106 0.005495998995067668
18.5 2.8447 0.0059290042768087355
19.5 2.4451 0.006395164014797789
20.5 2.0798 0.006934085830340514
21.5 1.7816999999999998 0.007491740227332555
22.5 1.4933999999999998 0.008182988229900967
23.5 1.2481 0.008951077315796816
24.5 1.0517 0.009751110166144314
25.5 0.8579 0.010796467110271652
26.5 0.7256 0.011739547651073238
27.5 0.5884 0.01303657981697152
28.5 0.5012 0.014125195547029415
29.5 0.41159999999999997 0.01558699215971374
30.5 0.3211 0.017647364143889368
31.5 0.2529 0.01988499954239645
32.5 0.2092 0.021863473472331304
33.5 0.1656 0.024573659359149524
34.5 0.12259999999999999 0.028559773898876997
35.5 0.1071 0.030556616567607043
36.5 0.0799 0.03537745688386125
37.5 0.0621 0.040128617695256406
38.5 0.0493 0.0450377349111045
39.5 0.0376 0.05157106231293967
40.5 0.027 0.06085806194501846
41.5 0.024 0.06454972243679027
42.5 0.0188 0.07293249574894728
43.5 0.0127 0.08873565094161139
44.5 0.009899999999999999 0.10050378152592121
45.5 0.0062 0.1270001270001905
46.5 0.0047 0.14586499149789456
47.5 0.004 0.15811388300841897
48.5 0.0039 0.16012815380508713
49.5 0.0022 0.21320071635561041
50.5 0.0015 0.2581988897471611
51.5 0.0013 0.2773500981126146
52.5 0.0007999999999999999 0.3535533905932738
53.5 0.0008 0.35355339059327373
54.5 0.0006000000000000001 0.40824829046386296
55.5 0.00039999999999999996 0.5000000000000001
56.5 0.0003 0.5773502691896258
57.5 0.0005 0.4472135954999579
58.5 0.00030000000000000003 0.5773502691896257
59.5 0.0002 0.7071067811865475
60.5 0.0 inf
61.5 0.0 inf
62.5 0.0 inf
63.5 0.0 inf
64.5 0.0001 1.0
65.5 0.0 inf
66.5 0.0 inf
67.5 0.0 inf
68.5 0.0 inf
69.5 0.0 inf
70.5 0.0 inf
71.5 0.0 inf
72.5 0.0 inf
73.5 0.0 inf
74.5 0.0 inf
75.5 0.0 inf
76.5 0.0 inf
77.5 0.0 inf
78.5 0.0 inf
79.5 0.0 inf
80.5 0.0 inf
81.5 0.0 inf
82.5 0.0 inf
83.5 0.0 inf
84.5 0.0 inf
85.5 0.0 inf
86.5 0.0 inf
87.5 0.0 inf
88.5 0.0 inf
89.5 0.0 inf
90.5 0.0 inf
91.5 0.0 inf
92.5 0.0 inf
93.5 0.0 inf
94.5 0.0 inf
95.5 0.0 inf
96.5 0.0 inf
97.5 0.0 inf
