0.5 9284571.0 0.0003281852658687344
1.5 2520570.0 0.0006298695571289078
2.5 1738305.0 0.0007584675596003558
3.5 1106667.0 0.0009505862326261504
4.5 709839.0 0.0011869162387211638
5.5 482382.0 0.0014398075716344108
6.5 332145.0 0.0017351464676177823
7.5 238180.0 0.0020490254591150818
8.5 175713.0 0.0023856023458979155
9.5 128652.0 0.0027879933206897307
10.5 97583.0 0.003201200803566295
11.5 73767.0 0.003681874144448326
12.5 56787.0 0.004196387039311795
13.5 44108.0 0.004761472901861076
14.5 34767.0 0.005363106129350361
15.5 26454.0 0.006148289737553675
16.5 21194.0 0.006869000294563346
17.5 16387.0 0.007811784842473137
18.5 12657.0 0.008888625526108248
19.5 10166.0 0.009918019259899645
20.5 7779.0 0.011338043379006107
21.5 6129.0 0.012773361087322455
22.5 4885.0 0.014307630505634845
23.5 3809.0 0.016202965738208952
24.5 2912.0 0.01853123291652753
25.5 2257.0 0.02104913339870572
26.5 1820.0 0.02344036154692477
27.5 1328.0 0.027441064997422587
28.5 1078.0 0.03045724519365863
29.5 905.0 0.03324112476572668
30.5 637.0 0.03962144258751637
31.5 462.0 0.046524210519923545
32.5 387.0 0.05083285677753489
33.5 267.0 0.06119900613621046
34.5 205.0 0.06984302957695782
35.5 147.0 0.08247860988423225
36.5 99.0 0.10050378152592121
37.5 85.0 0.10846522890932808
38.5 68.0 0.12126781251816648
39.5 45.0 0.14907119849998599
40.5 34.0 0.17149858514250882
41.5 35.0 0.1690308509457033
42.5 19.0 0.22941573387056174
43.5 13.0 0.2773500981126146
44.5 7.0 0.3779644730092272
45.5 6.0 0.4082482904638631
46.5 4.0 0.5
47.5 2.0 0.7071067811865475
48.5 4.0 0.5
49.5 1.0 1.0
50.5 1.0 1.0
51.5 3.0 0.5773502691896258
52.5 1.0 1.0
53.5 0.0 inf
54.5 1.0 1.0
55.5 0.0 inf
56.5 0.0 inf
57.5 0.0 inf
58.5 0.0 inf
59.5 0.0 inf
60.5 0.0 inf
61.5 0.0 inf
62.5 0.0 inf
63.5 0.0 inf
64.5 0.0 inf
65.5 0.0 inf
66.5 0.0 inf
67.5 0.0 inf
68.5 0.0 inf
69.5 0.0 inf
70.5 0.0 inf
71.5 0.0 inf
72.5 0.0 inf
73.5 0.0 inf
74.5 0.0 inf
75.5 0.0 inf
76.5 0.0 inf
77.5 0.0 inf
78.5 0.0 inf
79.5 0.0 inf
80.5 0.0 inf
81.5 0.0 inf
82.5 0.0 inf
83.5 0.0 inf
84.5 0.0 inf
85.5 0.0 inf
86.5 0.0 inf
87.5 0.0 inf
88.5 0.0 inf
89.5 0.0 inf
90.5 0.0 inf
91.5 0.0 inf
92.5 0.0 inf
93.5 0.0 inf
94.5 0.0 inf
95.5 0.0 inf
96.5 0.0 inf
97.5 0.0 inf
