0.5 7695553.0 0.00036047909430242197
1.5 2207095.0 0.0006731153376755014
2.5 1556463.0 0.0008015499648751364
3.5 1008560.0 0.0009957472830499894
4.5 656990.0 0.0012337314061596372
5.5 451322.0 0.0014885271075650275
6.5 312176.0 0.0017897824458362834
7.5 225342.0 0.00210658471031881
8.5 166571.0 0.0024501930491272247
9.5 123182.0 0.0028492225603525337
10.5 93671.0 0.0032673632629019985
11.5 70422.0 0.003768303055862174
12.5 55408.0 0.004248286162230579
13.5 42617.0 0.004844049391845762
14.5 33798.0 0.005439443864876768
15.5 25934.0 0.006209623182313256
16.5 20296.0 0.0070193156556989066
17.5 16158.0 0.00786694652515556
18.5 12411.0 0.008976284567380779
19.5 9592.0 0.010210462507669136
20.5 7733.0 0.011371715736405084
21.5 5912.0 0.013005671709567717
22.5 4584.0 0.01476990478168478
23.5 3657.0 0.016536268671305282
24.5 2880.0 0.018633899812498248
25.5 2207.0 0.021286234067143354
26.5 1673.0 0.024448489343954046
27.5 1354.0 0.0271763212599322
28.5 1102.0 0.0301237616564389
29.5 829.0 0.034731435582359395
30.5 598.0 0.040893041005476534
31.5 483.0 0.045501575519329006
32.5 345.0 0.05383819020581655
33.5 249.0 0.06337242505244779
34.5 176.0 0.07537783614444091
35.5 147.0 0.08247860988423225
36.5 131.0 0.0873704056661038
37.5 88.0 0.10660035817780521
38.5 61.0 0.12803687993289598
39.5 54.0 0.13608276348795434
40.5 24.0 0.20412414523193154
41.5 33.0 0.17407765595569785
42.5 14.0 0.2672612419124244
43.5 12.0 0.2886751345948129
44.5 10.0 0.31622776601683794
45.5 12.0 0.2886751345948129
46.5 8.0 0.35355339059327373
47.5 4.0 0.5
48.5 3.0 0.5773502691896258
49.5 5.0 0.4472135954999579
50.5 2.0 0.7071067811865475
51.5 3.0 0.5773502691896258
52.5 1.0 1.0
53.5 0.0 inf
54.5 1.0 1.0
55.5 0.0 inf
56.5 0.0 inf
57.5 0.0 inf
58.5 1.0 1.0
59.5 0.0 inf
60.5 0.0 inf
61.5 0.0 inf
62.5 0.0 inf
63.5 0.0 inf
64.5 0.0 inf
65.5 0.0 inf
66.5 0.0 inf
67.5 0.0 inf
68.5 0.0 inf
69.5 0.0 inf
70.5 0.0 inf
71.5 0.0 inf
72.5 0.0 inf
73.5 0.0 inf
74.5 0.0 inf
75.5 0.0 inf
76.5 0.0 inf
77.5 0.0 inf
78.5 0.0 inf
79.5 0.0 inf
80.5 0.0 inf
81.5 0.0 inf
82.5 0.0 inf
83.5 0.0 inf
84.5 0.0 inf
85.5 0.0 inf
86.5 0.0 inf
87.5 0.0 inf
88.5 0.0 inf
89.5 0.0 inf
90.5 0.0 inf
91.5 0.0 inf
92.5 0.0 inf
93.5 0.0 inf
94.5 0.0 inf
95.5 0.0 inf
96.5 0.0 inf
97.5 0.0 inf
