0.5 2127.0 0.02168284449008031
1.5 1265.0 0.028116077855776665
2.5 1230.0 0.028513297425610054
3.5 1096.0 0.03020610466650885
4.5 1015.0 0.03138824102871723
5.5 938.0 0.032651157422416956
6.5 783.0 0.03573708449459316
7.5 648.0 0.039283710065919304
8.5 631.0 0.03980937143290165
9.5 520.0 0.043852900965351466
10.5 473.0 0.045980048987170286
11.5 393.0 0.050443327230531826
12.5 352.0 0.053300179088902604
13.5 330.0 0.055048188256318034
14.5 256.0 0.0625
15.5 248.0 0.06350006350009525
16.5 195.0 0.0716114874039433
17.5 183.0 0.07392212709545729
18.5 129.0 0.08804509063256238
19.5 109.0 0.09578262852211514
20.5 105.0 0.09759000729485333
21.5 84.0 0.1091089451179962
22.5 68.0 0.12126781251816648
23.5 67.0 0.12216944435630522
24.5 48.0 0.14433756729740646
25.5 49.0 0.14285714285714285
26.5 39.0 0.16012815380508713
27.5 21.0 0.2182178902359924
28.5 9.0 0.3333333333333333
29.5 14.0 0.2672612419124244
30.5 8.0 0.35355339059327373
31.5 10.0 0.31622776601683794
32.5 9.0 0.3333333333333333
33.5 5.0 0.4472135954999579
34.5 1.0 1.0
35.5 4.0 0.5
36.5 0.0 inf
37.5 1.0 1.0
38.5 0.0 inf
39.5 1.0 1.0
40.5 1.0 1.0
41.5 0.0 inf
42.5 0.0 inf
43.5 0.0 inf
44.5 0.0 inf
45.5 0.0 inf
46.5 0.0 inf
47.5 0.0 inf
48.5 0.0 inf
49.5 0.0 inf
50.5 0.0 inf
51.5 0.0 inf
52.5 0.0 inf
53.5 0.0 inf
54.5 0.0 inf
55.5 0.0 inf
56.5 0.0 inf
57.5 0.0 inf
58.5 0.0 inf
59.5 0.0 inf
60.5 0.0 inf
61.5 0.0 inf
62.5 0.0 inf
63.5 0.0 inf
64.5 0.0 inf
65.5 0.0 inf
66.5 0.0 inf
67.5 0.0 inf
68.5 0.0 inf
69.5 0.0 inf
70.5 0.0 inf
71.5 0.0 inf
72.5 0.0 inf
73.5 0.0 inf
74.5 0.0 inf
75.5 0.0 inf
76.5 0.0 inf
77.5 0.0 inf
78.5 0.0 inf
79.5 0.0 inf
80.5 0.0 inf
81.5 0.0 inf
82.5 0.0 inf
83.5 0.0 inf
84.5 0.0 inf
85.5 0.0 inf
86.5 0.0 inf
87.5 0.0 inf
88.5 0.0 inf
89.5 0.0 inf
90.5 0.0 inf
91.5 0.0 inf
92.5 0.0 inf
93.5 0.0 inf
94.5 0.0 inf
95.5 0.0 inf
96.5 0.0 inf
97.5 0.0 inf
