0.5 41.771 0.0015472573833891462
1.5 22.2413 0.0021204103526806474
2.5 22.5444 0.0021061081042656193
3.5 20.7536 0.002195094790190861
4.5 18.3689 0.002333234691440681
5.5 16.4242 0.0024675041261484278
6.5 14.3981 0.00263540525275009
7.5 12.8325 0.0027915432671884624
8.5 11.486699999999999 0.0029505458018745582
9.5 10.0576 0.003153209456397518
10.5 9.1208 0.0033111856684056857
11.5 7.8985 0.0035581781525838617
12.5 7.0677 0.0037614989641148303
13.5 6.1865000000000006 0.00402047616112717
14.5 5.456099999999999 0.004281134174729175
15.5 4.731 0.004597518928742758
16.5 4.1836 0.00488905499886331
17.5 3.6204 0.00525559295604532
18.5 3.0907 0.005688156986744175
19.5 2.6595000000000004 0.006131969734879586
20.5 2.2972 0.006597822022562213
21.5 1.9431 0.007173852188043195
22.5 1.6059 0.007891158215445584
23.5 1.3897 0.008482804756782963
24.5 1.1484 0.009331541849264238
25.5 0.9406000000000001 0.010310922267662625
26.5 0.7836 0.011296730973114205
27.5 0.6265 0.012633958975454041
28.5 0.5476 0.013513513513513514
29.5 0.4464 0.01496710850223124
30.5 0.3619 0.016622858516380252
31.5 0.2834 0.018784518919133613
32.5 0.2298 0.020860513166591616
33.5 0.1851 0.023243246638896764
34.5 0.13740000000000002 0.02697780639425129
35.5 0.11149999999999999 0.029947637411773996
36.5 0.0917 0.033022909334191324
37.5 0.0696 0.03790490217894517
38.5 0.054400000000000004 0.042874646285627205
39.5 0.0442 0.047565149415449405
40.5 0.0317 0.05616559563017304
41.5 0.024599999999999997 0.06375767130633384
42.5 0.0184 0.07372097807744857
43.5 0.0127 0.08873565094161139
44.5 0.0121 0.09090909090909091
45.5 0.0086 0.10783277320343841
46.5 0.007299999999999999 0.11704114719613057
47.5 0.004399999999999999 0.15075567228888184
48.5 0.0026 0.19611613513818404
49.5 0.0024000000000000002 0.20412414523193148
50.5 0.0010999999999999998 0.3015113445777637
51.5 0.0012000000000000001 0.28867513459481287
52.5 0.0013 0.2773500981126146
53.5 0.0007 0.3779644730092272
54.5 0.001 0.31622776601683794
55.5 0.0005 0.4472135954999579
56.5 0.0001 1.0
57.5 0.0002 0.7071067811865475
58.5 0.00030000000000000003 0.5773502691896257
59.5 0.0 inf
60.5 0.0 inf
61.5 0.0 inf
62.5 0.0 inf
63.5 0.0 inf
64.5 0.0001 1.0
65.5 0.0001 1.0
66.5 0.0 inf
67.5 0.0 inf
68.5 0.0 inf
69.5 0.0 inf
70.5 0.0 inf
71.5 0.0 inf
72.5 0.0 inf
73.5 0.0 inf
74.5 0.0 inf
75.5 0.0 inf
76.5 0.0 inf
77.5 0.0 inf
78.5 0.0 inf
79.5 0.0 inf
80.5 0.0 inf
81.5 0.0 inf
82.5 0.0 inf
83.5 0.0 inf
84.5 0.0 inf
85.5 0.0 inf
86.5 0.0 inf
87.5 0.0 inf
88.5 0.0 inf
89.5 0.0 inf
90.5 0.0 inf
91.5 0.0 inf
92.5 0.0 inf
93.5 0.0 inf
94.5 0.0 inf
95.5 0.0 inf
96.5 0.0 inf
97.5 0.0 inf
