0.5 74590648.0 0.00011578646899697123
1.5 7964140.0 0.0003543484660750264
2.5 4316975.0 0.00048129376235588473
3.5 2275806.0 0.0006628761307586107
4.5 1286200.0 0.0008817505665304319
5.5 799166.0 0.001118617220020117
6.5 516468.0 0.0013914842370685032
7.5 352783.0 0.0016836281383454516
8.5 248864.0 0.0020045595448262487
9.5 177249.0 0.0023752433078913777
10.5 130799.0 0.002765016887703278
11.5 96783.0 0.0032144040016094033
12.5 73072.0 0.003699342167478203
13.5 55599.0 0.004240982786905757
14.5 42893.0 0.004828439440549022
15.5 32707.0 0.005529420833728805
16.5 25538.0 0.006257582134394225
17.5 19780.0 0.0071102825042463754
18.5 15113.0 0.008134383785099513
19.5 11835.0 0.009192123885662228
20.5 9194.0 0.010429122058184137
21.5 6956.0 0.011990028442779207
22.5 5480.0 0.01350858067395748
23.5 4424.0 0.015034619483106592
24.5 3367.0 0.01723369655646452
25.5 2540.0 0.019841894753313626
26.5 1995.0 0.022388683141982252
27.5 1483.0 0.02596745720022887
28.5 1216.0 0.028676966733820218
29.5 935.0 0.03270349700838643
30.5 682.0 0.03829197905337418
31.5 506.0 0.044455422447438706
32.5 365.0 0.052342392259021375
33.5 292.0 0.058520573598065284
34.5 230.0 0.0659380473395787
35.5 172.0 0.07624928516630233
36.5 154.0 0.08058229640253803
37.5 93.0 0.10369516947304253
38.5 74.0 0.11624763874381928
39.5 62.0 0.1270001270001905
40.5 42.0 0.1543033499620919
41.5 31.0 0.1796053020267749
42.5 31.0 0.1796053020267749
43.5 13.0 0.2773500981126146
44.5 15.0 0.2581988897471611
45.5 6.0 0.4082482904638631
46.5 10.0 0.31622776601683794
47.5 6.0 0.4082482904638631
48.5 0.0 inf
49.5 3.0 0.5773502691896258
50.5 2.0 0.7071067811865475
51.5 2.0 0.7071067811865475
52.5 1.0 1.0
53.5 0.0 inf
54.5 0.0 inf
55.5 0.0 inf
56.5 0.0 inf
57.5 0.0 inf
58.5 0.0 inf
59.5 0.0 inf
60.5 0.0 inf
61.5 0.0 inf
62.5 0.0 inf
63.5 0.0 inf
64.5 0.0 inf
65.5 0.0 inf
66.5 0.0 inf
67.5 0.0 inf
68.5 0.0 inf
69.5 0.0 inf
70.5 0.0 inf
71.5 0.0 inf
72.5 0.0 inf
73.5 0.0 inf
74.5 0.0 inf
75.5 0.0 inf
76.5 0.0 inf
77.5 0.0 inf
78.5 0.0 inf
79.5 0.0 inf
80.5 0.0 inf
81.5 0.0 inf
82.5 0.0 inf
83.5 0.0 inf
84.5 0.0 inf
85.5 0.0 inf
86.5 0.0 inf
87.5 0.0 inf
88.5 0.0 inf
89.5 0.0 inf
90.5 0.0 inf
91.5 0.0 inf
92.5 0.0 inf
93.5 0.0 inf
94.5 0.0 inf
95.5 0.0 inf
96.5 0.0 inf
97.5 0.0 inf
