0.5 45.3936 0.0014842350623631834
1.5 24.3804 0.0020252544107175257
2.5 24.746299999999998 0.0020102258954439525
3.5 22.8334 0.002092737264156801
4.5 20.1096 0.002229966218051652
5.5 18.0796 0.002351828186901415
6.5 15.8795 0.0025094675731847775
7.5 14.1191 0.002661316293734285
8.5 12.6077 0.00281632043817054
9.5 11.0526 0.003007930334637596
10.5 9.924700000000001 0.0031742512992785584
11.5 8.708300000000001 0.003388701453908658
12.5 7.7785 0.0035855193613257203
13.5 6.8136 0.003830995861959717
14.5 6.037699999999999 0.004069717231015891
15.5 5.2241 0.004375163217141017
16.5 4.5789 0.004673254367529041
17.5 4.0133 0.004991708172026057
18.5 3.4358000000000004 0.0053949330844973485
19.5 2.9241 0.005847953216374269
20.5 2.5460000000000003 0.006267160259792048
21.5 2.1464999999999996 0.006825501298155013
22.5 1.7793999999999999 0.007496580465066346
23.5 1.529 0.008087164130621128
24.5 1.2783 0.008844710156632078
25.5 1.0481 0.00976784230266285
26.5 0.8735999999999999 0.010699012312772822
27.5 0.7096 0.01187116104208156
28.5 0.6122000000000001 0.012780661641305816
29.5 0.4861 0.014342907231889208
30.5 0.3903 0.01600666015622575
31.5 0.3124 0.01789140667411283
32.5 0.2463 0.02014966332712555
33.5 0.19840000000000002 0.02245066275334686
34.5 0.1547 0.025424641809046068
35.5 0.1271 0.02804963567266072
36.5 0.0961 0.03225806451612903
37.5 0.0773 0.035967500063280325
38.5 0.065 0.03922322702763681
39.5 0.044899999999999995 0.04719291781830088
40.5 0.035199999999999995 0.05330017908890262
41.5 0.0279 0.05986843400892496
42.5 0.0221 0.06726727939963124
43.5 0.015300000000000001 0.08084520834544433
44.5 0.012 0.09128709291752768
45.5 0.0093 0.10369516947304253
46.5 0.0073 0.11704114719613057
47.5 0.0042 0.1543033499620919
48.5 0.004399999999999999 0.15075567228888184
49.5 0.0033 0.17407765595569785
50.5 0.0019000000000000002 0.22941573387056174
51.5 0.0018 0.23570226039551587
52.5 0.0007 0.3779644730092272
53.5 0.0007999999999999999 0.3535533905932738
54.5 0.0006000000000000001 0.40824829046386296
55.5 0.0005 0.4472135954999579
56.5 0.0002 0.7071067811865475
57.5 0.0004 0.5
58.5 0.00030000000000000003 0.5773502691896257
59.5 0.0 inf
60.5 0.0002 0.7071067811865475
61.5 0.0001 1.0
62.5 0.0 inf
63.5 0.0 inf
64.5 0.0 inf
65.5 0.0 inf
66.5 0.0 inf
67.5 0.0 inf
68.5 0.0 inf
69.5 0.0 inf
70.5 0.0 inf
71.5 0.0 inf
72.5 0.0 inf
73.5 0.0 inf
74.5 0.0 inf
75.5 0.0 inf
76.5 0.0 inf
77.5 0.0 inf
78.5 0.0 inf
79.5 0.0 inf
80.5 0.0 inf
81.5 0.0 inf
82.5 0.0 inf
83.5 0.0 inf
84.5 0.0 inf
85.5 0.0 inf
86.5 0.0 inf
87.5 0.0 inf
88.5 0.0 inf
89.5 0.0 inf
90.5 0.0 inf
91.5 0.0 inf
92.5 0.0 inf
93.5 0.0 inf
94.5 0.0 inf
95.5 0.0 inf
96.5 0.0 inf
97.5 0.0 inf
