0.5 56820376.0 0.0001326624300866157
1.5 7110392.0 0.0003750189623756898
2.5 3964265.0 0.0005022485145164405
3.5 2135191.0 0.0006843552998364186
4.5 1221803.0 0.0009046892012380579
5.5 767231.0 0.0011416603780777114
6.5 497219.0 0.0014181629729135812
7.5 339286.0 0.0017167894276993501
8.5 241896.0 0.002033226008942315
9.5 173401.0 0.0024014536075436426
10.5 128154.0 0.0027934050692690724
11.5 94633.0 0.0032507135083352677
12.5 71457.0 0.0037409130191403445
13.5 54622.0 0.0042787429941056115
14.5 42177.0 0.004869250944538455
15.5 31752.0 0.005611958580845616
16.5 25315.0 0.006285083243729106
17.5 19480.0 0.00716482395169113
18.5 14950.0 0.008178608201095307
19.5 11667.0 0.009258068740545336
20.5 9213.0 0.01041836250170707
21.5 7080.0 0.011884567213538208
22.5 5515.0 0.013465647505336954
23.5 4198.0 0.01543401019811821
24.5 3394.0 0.01716501079979907
25.5 2610.0 0.01957400731715678
26.5 2040.0 0.02214037213850238
27.5 1528.0 0.02558222550483254
28.5 1184.0 0.02906190968595482
29.5 920.0 0.03296902366978935
30.5 702.0 0.03774256780481986
31.5 553.0 0.04252432555625623
32.5 397.0 0.05018856132284956
33.5 289.0 0.058823529411764705
34.5 217.0 0.06788442333021306
35.5 169.0 0.07692307692307693
36.5 140.0 0.08451542547285165
37.5 89.0 0.105999788000636
38.5 48.0 0.14433756729740646
39.5 42.0 0.1543033499620919
40.5 44.0 0.15075567228888181
41.5 24.0 0.20412414523193154
42.5 21.0 0.2182178902359924
43.5 21.0 0.2182178902359924
44.5 15.0 0.2581988897471611
45.5 9.0 0.3333333333333333
46.5 9.0 0.3333333333333333
47.5 6.0 0.4082482904638631
48.5 1.0 1.0
49.5 3.0 0.5773502691896258
50.5 1.0 1.0
51.5 0.0 inf
52.5 0.0 inf
53.5 0.0 inf
54.5 0.0 inf
55.5 0.0 inf
56.5 0.0 inf
57.5 0.0 inf
58.5 0.0 inf
59.5 0.0 inf
60.5 0.0 inf
61.5 0.0 inf
62.5 0.0 inf
63.5 0.0 inf
64.5 0.0 inf
65.5 0.0 inf
66.5 0.0 inf
67.5 0.0 inf
68.5 0.0 inf
69.5 0.0 inf
70.5 0.0 inf
71.5 0.0 inf
72.5 0.0 inf
73.5 0.0 inf
74.5 0.0 inf
75.5 0.0 inf
76.5 0.0 inf
77.5 0.0 inf
78.5 0.0 inf
79.5 0.0 inf
80.5 0.0 inf
81.5 0.0 inf
82.5 0.0 inf
83.5 0.0 inf
84.5 0.0 inf
85.5 0.0 inf
86.5 0.0 inf
87.5 0.0 inf
88.5 0.0 inf
89.5 0.0 inf
90.5 0.0 inf
91.5 0.0 inf
92.5 0.0 inf
93.5 0.0 inf
94.5 0.0 inf
95.5 0.0 inf
96.5 0.0 inf
97.5 0.0 inf
