0.5 6718.0 0.012200566607470181
1.5 3673.0 0.016500212441602786
2.5 3692.0 0.01645770046691583
3.5 3468.0 0.01698089027028311
4.5 2938.0 0.018449054095122742
5.5 2604.0 0.019596545041740514
6.5 2194.0 0.021349204063136496
7.5 2070.0 0.0219793491131929
8.5 1733.0 0.024021532944603168
9.5 1511.0 0.02572573358779194
10.5 1245.0 0.028341010063256785
11.5 1143.0 0.029578550313870463
12.5 1008.0 0.0314970394174356
13.5 842.0 0.03446227583977888
14.5 672.0 0.03857583749052298
15.5 673.0 0.03854716722458499
16.5 544.0 0.042874646285627205
17.5 491.0 0.04512936824065242
18.5 386.0 0.050898659855928764
19.5 353.0 0.05322462954123495
20.5 276.0 0.0601929265428846
21.5 214.0 0.06835859270246633
22.5 172.0 0.07624928516630233
23.5 153.0 0.08084520834544433
24.5 113.0 0.09407208683835973
25.5 87.0 0.10721125348377948
26.5 70.0 0.11952286093343936
27.5 69.0 0.1203858530857692
28.5 46.0 0.14744195615489714
29.5 35.0 0.1690308509457033
30.5 29.0 0.18569533817705186
31.5 28.0 0.1889822365046136
32.5 19.0 0.22941573387056174
33.5 19.0 0.22941573387056174
34.5 8.0 0.35355339059327373
35.5 10.0 0.31622776601683794
36.5 4.0 0.5
37.5 5.0 0.4472135954999579
38.5 2.0 0.7071067811865475
39.5 3.0 0.5773502691896258
40.5 4.0 0.5
41.5 2.0 0.7071067811865475
42.5 1.0 1.0
43.5 1.0 1.0
44.5 0.0 inf
45.5 0.0 inf
46.5 0.0 inf
47.5 0.0 inf
48.5 0.0 inf
49.5 0.0 inf
50.5 0.0 inf
51.5 0.0 inf
52.5 0.0 inf
53.5 0.0 inf
54.5 0.0 inf
55.5 0.0 inf
56.5 0.0 inf
57.5 0.0 inf
58.5 0.0 inf
59.5 0.0 inf
60.5 0.0 inf
61.5 0.0 inf
62.5 0.0 inf
63.5 0.0 inf
64.5 0.0 inf
65.5 0.0 inf
66.5 0.0 inf
67.5 0.0 inf
68.5 0.0 inf
69.5 0.0 inf
70.5 0.0 inf
71.5 0.0 inf
72.5 0.0 inf
73.5 0.0 inf
74.5 0.0 inf
75.5 0.0 inf
76.5 0.0 inf
77.5 0.0 inf
78.5 0.0 inf
79.5 0.0 inf
80.5 0.0 inf
81.5 0.0 inf
82.5 0.0 inf
83.5 0.0 inf
84.5 0.0 inf
85.5 0.0 inf
86.5 0.0 inf
87.5 0.0 inf
88.5 0.0 inf
89.5 0.0 inf
90.5 0.0 inf
91.5 0.0 inf
92.5 0.0 inf
93.5 0.0 inf
94.5 0.0 inf
95.5 0.0 inf
96.5 0.0 inf
97.5 0.0 inf
