0.5 42.717200000000005 0.0015300252955053025
1.5 22.6099 0.002103055235062052
2.5 22.8418 0.0020923524300046985
3.5 20.8955 0.002187628719246207
4.5 18.2635 0.0023399576401302575
5.5 16.3143 0.002475801250197602
6.5 14.2513 0.002648943887866265
7.5 12.668 0.0028096095644487007
8.5 11.2426 0.002982405011223394
9.5 9.8488 0.0031864590443259166
10.5 8.8721 0.003357273990372389
11.5 7.6409 0.0036176599506719037
12.5 6.8045 0.003833556697762051
13.5 5.9313 0.004106057762644869
14.5 5.2780000000000005 0.004352765864448558
15.5 4.5633 0.004681235496146873
16.5 4.0315 0.0049804280214351074
17.5 3.4484 0.005385067876785088
18.5 2.9577999999999998 0.005814543148796035
19.5 2.52 0.00629940788348712
20.5 2.1859 0.00676370807497367
21.5 1.8531 0.007345994045354332
22.5 1.5539 0.008022107300911184
23.5 1.3108 0.0087343739892351
24.5 1.1092 0.009495002196669012
25.5 0.903 0.01052340112354782
26.5 0.7354 0.011661064223289826
27.5 0.5962 0.012951021195904704
28.5 0.5075000000000001 0.014037248126871928
29.5 0.41200000000000003 0.015579423821243894
30.5 0.3308 0.017386703560518024
31.5 0.26349999999999996 0.01948093019766315
32.5 0.21339999999999998 0.021647252975540952
33.5 0.1624 0.024814583349273254
34.5 0.132 0.027524094128159017
35.5 0.10719999999999999 0.030542361089076306
36.5 0.0834 0.03462716805322218
37.5 0.0688 0.038124642583151166
38.5 0.0516 0.04402254531628119
39.5 0.0401 0.04993761694389224
40.5 0.0305 0.057259833431386825
41.5 0.022600000000000002 0.06651901052377392
42.5 0.0189 0.07273929674533079
43.5 0.0121 0.09090909090909091
44.5 0.011 0.09534625892455924
45.5 0.0075 0.11547005383792514
46.5 0.0065 0.12403473458920847
47.5 0.0048000000000000004 0.14433756729740643
48.5 0.0033 0.17407765595569785
49.5 0.0033 0.17407765595569785
50.5 0.0015 0.2581988897471611
51.5 0.0017000000000000001 0.24253562503633297
52.5 0.0009 0.3333333333333333
53.5 0.0007999999999999999 0.3535533905932738
54.5 0.00030000000000000003 0.5773502691896257
55.5 0.00030000000000000003 0.5773502691896257
56.5 0.0002 0.7071067811865475
57.5 0.0002 0.7071067811865475
58.5 0.0 inf
59.5 0.0 inf
60.5 0.0 inf
61.5 0.0 inf
62.5 0.00030000000000000003 0.5773502691896257
63.5 0.0002 0.7071067811865475
64.5 0.0 inf
65.5 0.0 inf
66.5 0.0 inf
67.5 0.0 inf
68.5 0.0 inf
69.5 0.0 inf
70.5 0.0 inf
71.5 0.0 inf
72.5 0.0 inf
73.5 0.0 inf
74.5 0.0 inf
75.5 0.0 inf
76.5 0.0 inf
77.5 0.0 inf
78.5 0.0 inf
79.5 0.0 inf
80.5 0.0 inf
81.5 0.0 inf
82.5 0.0 inf
83.5 0.0 inf
84.5 0.0 inf
85.5 0.0 inf
86.5 0.0 inf
87.5 0.0 inf
88.5 0.0 inf
89.5 0.0 inf
90.5 0.0 inf
91.5 0.0 inf
92.5 0.0 inf
93.5 0.0 inf
94.5 0.0 inf
95.5 0.0 inf
96.5 0.0 inf
97.5 0.0 inf
