0.5 38.4666 0.001612345460818596
1.5 20.279 0.0022206327084237027
2.5 20.5586 0.002205480547552723
3.5 18.9162 0.0022992333564806123
4.5 16.657600000000002 0.002450156275951079
5.5 14.9405 0.0025871251274635146
6.5 13.1213 0.0027606513851827262
7.5 11.633199999999999 0.00293190843328535
8.5 10.407599999999999 0.0030997359757339014
9.5 9.104700000000001 0.0033141119890304784
10.5 8.1952 0.00349317402090646
11.5 7.1545000000000005 0.0037386116589006955
12.5 6.363099999999999 0.003964291905968405
13.5 5.5735 0.00423580537649974
14.5 4.9401 0.00449916716875969
15.5 4.2989999999999995 0.0048229890669955105
16.5 3.7701000000000002 0.0051501937217424704
17.5 3.2661 0.005533313302775433
18.5 2.8043 0.005971559501134015
19.5 2.3899 0.006468597601256735
20.5 2.0738000000000003 0.006944109570691653
21.5 1.737 0.007587524226766424
22.5 1.4795 0.008221338222144426
23.5 1.2697 0.008874613338746807
24.5 1.045 0.00978231976089037
25.5 0.8503000000000001 0.010844609305180448
26.5 0.7159 0.011818811846019014
27.5 0.5898 0.013021098250950339
28.5 0.4949 0.014214817002999845
29.5 0.3943 0.015925262933238246
30.5 0.314 0.017845765256206243
31.5 0.25179999999999997 0.01992838648180203
32.5 0.20350000000000001 0.022167554926073633
33.5 0.1608 0.024937733402690822
34.5 0.1328 0.027441064997422587
35.5 0.1 0.03162277660168379
36.5 0.0721 0.03724194613619294
37.5 0.0643 0.03943615033625495
38.5 0.0466 0.04632410546120795
39.5 0.0374 0.051708768999501914
40.5 0.030699999999999998 0.05707301455353496
41.5 0.022199999999999998 0.06711560552140243
42.5 0.019799999999999998 0.07106690545187015
43.5 0.0114 0.0936585811581694
44.5 0.009899999999999999 0.10050378152592121
45.5 0.0073999999999999995 0.11624763874381928
46.5 0.0051 0.14002800840280097
47.5 0.0054 0.13608276348795434
48.5 0.0023 0.20851441405707477
49.5 0.0024000000000000002 0.20412414523193148
50.5 0.0011 0.30151134457776363
51.5 0.0015 0.2581988897471611
52.5 0.0011 0.30151134457776363
53.5 0.0012000000000000001 0.28867513459481287
54.5 0.00030000000000000003 0.5773502691896257
55.5 0.00030000000000000003 0.5773502691896257
56.5 0.0002 0.7071067811865475
57.5 0.0002 0.7071067811865475
58.5 0.0 inf
59.5 0.0 inf
60.5 0.0 inf
61.5 0.0001 1.0
62.5 0.0 inf
63.5 0.0 inf
64.5 0.0 inf
65.5 0.0 inf
66.5 0.0 inf
67.5 0.0 inf
68.5 0.0 inf
69.5 0.0 inf
70.5 0.0 inf
71.5 0.0 inf
72.5 0.0 inf
73.5 0.0 inf
74.5 0.0 inf
75.5 0.0 inf
76.5 0.0 inf
77.5 0.0 inf
78.5 0.0 inf
79.5 0.0 inf
80.5 0.0 inf
81.5 0.0 inf
82.5 0.0 inf
83.5 0.0 inf
84.5 0.0 inf
85.5 0.0 inf
86.5 0.0 inf
87.5 0.0 inf
88.5 0.0 inf
89.5 0.0 inf
90.5 0.0 inf
91.5 0.0 inf
92.5 0.0 inf
93.5 0.0 inf
94.5 0.0 inf
95.5 0.0 inf
96.5 0.0 inf
97.5 0.0 inf
