0.5 56.4589 0.001330864356281226
1.5 28.3804 0.0018771144110609386
2.5 27.6409 0.001902058675576813
3.5 24.508499999999998 0.0020199547191825846
4.5 20.9179 0.002186457090902457
5.5 18.3322 0.0023355690239155566
6.5 15.8718 0.002510076217362425
7.5 13.821200000000001 0.0026898441909840995
8.5 12.1613 0.0028675433959647893
9.5 10.5356 0.0030808486466825206
10.5 9.364799999999999 0.00326776447137112
11.5 8.0768 0.003518684561872348
12.5 7.180899999999999 0.003731732978652995
13.5 6.2684 0.003994124968890884
14.5 5.4769 0.004272997062740693
15.5 4.7246 0.004600631802141584
16.5 4.1384 0.004915681853837777
17.5 3.5763 0.005287897504956835
18.5 3.0522 0.005723919350910842
19.5 2.5844 0.006220426083921555
20.5 2.2404 0.00668093456242373
21.5 1.8827 0.007288018035359875
22.5 1.5983 0.007909897400199753
23.5 1.344 0.008625819491779428
24.5 1.1179999999999999 0.00945755984821918
25.5 0.9009 0.010535659020683567
26.5 0.7627999999999999 0.011449714504928186
27.5 0.6156999999999999 0.01274428347965383
28.5 0.5354 0.013666610481827953
29.5 0.4309 0.015233922889093811
30.5 0.35109999999999997 0.016876585550584505
31.5 0.2701 0.019241446072101123
32.5 0.2031 0.022189373390928115
33.5 0.173 0.024042351841717255
34.5 0.1358 0.027136267706462856
35.5 0.1085 0.030358837035945812
36.5 0.0839 0.034523833987986266
37.5 0.06470000000000001 0.03931405669853757
38.5 0.0521 0.04381079543383235
39.5 0.04 0.05
40.5 0.0302 0.0575435337648436
41.5 0.020700000000000003 0.06950480468569159
42.5 0.0179 0.07474350927519359
43.5 0.011300000000000001 0.09407208683835973
44.5 0.009000000000000001 0.10540925533894598
45.5 0.0088 0.10660035817780521
46.5 0.006500000000000001 0.12403473458920847
47.5 0.0040999999999999995 0.15617376188860607
48.5 0.0033 0.17407765595569785
49.5 0.0021000000000000003 0.21821789023599233
50.5 0.0012000000000000001 0.28867513459481287
51.5 0.0014 0.2672612419124244
52.5 0.0001 1.0
53.5 0.0008 0.35355339059327373
54.5 0.00039999999999999996 0.5000000000000001
55.5 0.0002 0.7071067811865475
56.5 0.0002 0.7071067811865475
57.5 0.00030000000000000003 0.5773502691896257
58.5 0.0001 1.0
59.5 0.0 inf
60.5 0.0001 1.0
61.5 0.0 inf
62.5 0.0 inf
63.5 0.0 inf
64.5 0.0 inf
65.5 0.0 inf
66.5 0.0001 1.0
67.5 0.0 inf
68.5 0.0 inf
69.5 0.0 inf
70.5 0.0 inf
71.5 0.0 inf
72.5 0.0 inf
73.5 0.0 inf
74.5 0.0 inf
75.5 0.0 inf
76.5 0.0 inf
77.5 0.0 inf
78.5 0.0 inf
79.5 0.0 inf
80.5 0.0 inf
81.5 0.0 inf
82.5 0.0 inf
83.5 0.0 inf
84.5 0.0 inf
85.5 0.0 inf
86.5 0.0 inf
87.5 0.0 inf
88.5 0.0 inf
89.5 0.0 inf
90.5 0.0 inf
91.5 0.0 inf
92.5 0.0 inf
93.5 0.0 inf
94.5 0.0 inf
95.5 0.0 inf
96.5 0.0 inf
97.5 0.0 inf
