0.5 42.0489 0.0015421360173091655
1.5 22.292 0.0021179976934170477
2.5 22.5046 0.0021079696364506694
3.5 20.590600000000002 0.002203766104572057
4.5 18.082 0.0023516721041961274
5.5 16.1247 0.002490314391281778
6.5 14.1381 0.002659527439170635
7.5 12.5327 0.0028247347848606667
8.5 11.1813 0.002990569157527115
9.5 9.7764 0.003198236083542009
10.5 8.796800000000001 0.0033716123884897464
11.5 7.617100000000001 0.0036233073201132325
12.5 6.7829999999999995 0.003839627482053895
13.5 5.9068000000000005 0.004114564425846021
14.5 5.226 0.00437436781283415
15.5 4.5179 0.004704697374252413
16.5 3.9931 0.005004318087329239
17.5 3.4423000000000004 0.005389837126164326
18.5 2.957 0.005815329641853709
19.5 2.5435 0.006270239491668395
20.5 2.1708 0.006787191353128068
21.5 1.8341 0.0073839457042156435
22.5 1.5379 0.008063729513245526
23.5 1.2784 0.008844364220965312
24.5 1.1124 0.009481335399809571
25.5 0.8799 0.010660641553259477
26.5 0.7605999999999999 0.01146626143066797
27.5 0.604 0.012867125316374468
28.5 0.5244 0.013809204416652687
29.5 0.4124 0.01557186649660749
30.5 0.33740000000000003 0.01721580999580036
31.5 0.2637 0.019473541261232866
32.5 0.2099 0.021826986543983434
33.5 0.1719 0.024119153509747387
34.5 0.1293 0.02780998390775747
35.5 0.1011 0.031450273186121945
36.5 0.0781 0.03578281334822566
37.5 0.0646 0.039344473768231684
38.5 0.053500000000000006 0.04323377011671169
39.5 0.0399 0.05006261743217589
40.5 0.03 0.05773502691896257
41.5 0.022600000000000002 0.06651901052377392
42.5 0.0187 0.07312724241271307
43.5 0.0157 0.07980868844676221
44.5 0.0101 0.09950371902099892
45.5 0.0093 0.10369516947304253
46.5 0.0058 0.13130643285972257
47.5 0.0034999999999999996 0.16903085094570333
48.5 0.0036 0.16666666666666666
49.5 0.0033 0.17407765595569785
50.5 0.0021999999999999997 0.21320071635561047
51.5 0.0011 0.30151134457776363
52.5 0.0011 0.30151134457776363
53.5 0.0006 0.4082482904638631
54.5 0.0006000000000000001 0.40824829046386296
55.5 0.00030000000000000003 0.5773502691896257
56.5 0.00030000000000000003 0.5773502691896257
57.5 0.0 inf
58.5 0.0002 0.7071067811865475
59.5 0.00030000000000000003 0.5773502691896257
60.5 0.0 inf
61.5 0.0001 1.0
62.5 0.0001 1.0
63.5 0.0 inf
64.5 0.0 inf
65.5 0.0 inf
66.5 0.0 inf
67.5 0.0 inf
68.5 0.0 inf
69.5 0.0 inf
70.5 0.0 inf
71.5 0.0 inf
72.5 0.0 inf
73.5 0.0 inf
74.5 0.0001 1.0
75.5 0.0 inf
76.5 0.0 inf
77.5 0.0 inf
78.5 0.0 inf
79.5 0.0 inf
80.5 0.0 inf
81.5 0.0 inf
82.5 0.0 inf
83.5 0.0 inf
84.5 0.0 inf
85.5 0.0 inf
86.5 0.0 inf
87.5 0.0 inf
88.5 0.0 inf
89.5 0.0 inf
90.5 0.0 inf
91.5 0.0 inf
92.5 0.0 inf
93.5 0.0 inf
94.5 0.0 inf
95.5 0.0 inf
96.5 0.0 inf
97.5 0.0 inf
