0.5 38.4886 0.0016118845883724747
1.5 20.3025 0.002219347152992158
2.5 20.5715 0.0022047889314652535
3.5 18.8607 0.0023026137642564843
4.5 16.5964 0.0024546696517998823
5.5 14.9912 0.002582746614293242
6.5 13.1307 0.002759663061293877
7.5 11.631 0.002932185704954545
8.5 10.3533 0.00310785394531075
9.5 9.142399999999999 0.003307271821659828
10.5 8.177800000000001 0.003496888279697502
11.5 7.154400000000001 0.0037386377868680646
12.5 6.3698 0.003962206460283211
13.5 5.5625 0.00423999152002544
14.5 4.934 0.004501947513540523
15.5 4.2854 0.004830636041965398
16.5 3.7727 0.005148418757986129
17.5 3.2603999999999997 0.00553814800295751
18.5 2.7862999999999998 0.005990817124402836
19.5 2.4024 0.0064517471761563645
20.5 2.064 0.0069605755798713064
21.5 1.7515999999999998 0.007555836152804613
22.5 1.4968 0.008173689065834914
23.5 1.2362 0.0089940568919429
24.5 1.0447 0.009783724224025202
25.5 0.8475 0.010862508931871368
26.5 0.7242999999999999 0.011750078211718397
27.5 0.5865 0.013057679112392698
28.5 0.5006999999999999 0.014132246511151978
29.5 0.391 0.015992325525180033
30.5 0.31510000000000005 0.017814588639398523
31.5 0.2612 0.019566512004870806
32.5 0.20129999999999998 0.02228835993459966
33.5 0.15810000000000002 0.025149772741392844
34.5 0.123 0.028513297425610054
35.5 0.10600000000000001 0.03071475584169756
36.5 0.0758 0.0363216356146074
37.5 0.0708 0.037582301400141446
38.5 0.0504 0.0445435403187374
39.5 0.0328 0.05521576303742327
40.5 0.028499999999999998 0.05923488777590923
41.5 0.023 0.0659380473395787
42.5 0.0189 0.07273929674533079
43.5 0.0118 0.09205746178983235
44.5 0.0087 0.10721125348377948
45.5 0.008400000000000001 0.10910894511799617
46.5 0.0058 0.13130643285972257
47.5 0.0039 0.16012815380508713
48.5 0.0031999999999999997 0.1767766952966369
49.5 0.0021999999999999997 0.21320071635561047
50.5 0.0023 0.20851441405707477
51.5 0.0015999999999999999 0.25000000000000006
52.5 0.0007999999999999999 0.3535533905932738
53.5 0.0007 0.3779644730092272
54.5 0.0007 0.3779644730092272
55.5 0.0002 0.7071067811865475
56.5 0.0002 0.7071067811865475
57.5 0.0001 1.0
58.5 0.00039999999999999996 0.5000000000000001
59.5 0.0 inf
60.5 0.0 inf
61.5 0.0001 1.0
62.5 0.0 inf
63.5 0.0 inf
64.5 0.0 inf
65.5 0.0 inf
66.5 0.0 inf
67.5 0.0 inf
68.5 0.0 inf
69.5 0.0 inf
70.5 0.0 inf
71.5 0.0 inf
72.5 0.0 inf
73.5 0.0 inf
74.5 0.0 inf
75.5 0.0 inf
76.5 0.0 inf
77.5 0.0 inf
78.5 0.0 inf
79.5 0.0 inf
80.5 0.0 inf
81.5 0.0 inf
82.5 0.0 inf
83.5 0.0 inf
84.5 0.0 inf
85.5 0.0 inf
86.5 0.0 inf
87.5 0.0 inf
88.5 0.0 inf
89.5 0.0 inf
90.5 0.0 inf
91.5 0.0 inf
92.5 0.0 inf
93.5 0.0 inf
94.5 0.0 inf
95.5 0.0 inf
96.5 0.0 inf
97.5 0.0 inf
