0.5 38.6319 0.0016088922729530308
1.5 20.400100000000002 0.00221403178730839
2.5 20.618299999999998 0.0022022852638229617
3.5 18.9822 0.0022952327259611795
4.5 16.7297 0.0024448708550333193
5.5 15.0305 0.002579367871813385
6.5 13.197 0.002752722239936627
7.5 11.7169 0.0029214175796901318
8.5 10.4214 0.003097682963329455
9.5 9.1272 0.003310024561797388
10.5 8.1849 0.0034953712609574576
11.5 7.2309 0.003718808562616851
12.5 6.4166 0.003947730677503712
13.5 5.6036 0.004224413644555025
14.5 4.9391 0.004499622609979719
15.5 4.2804 0.004833456588047846
16.5 3.8136 0.005120736521390452
17.5 3.2628 0.005536110795604065
18.5 2.8174 0.005957660414288707
19.5 2.4325 0.006411705636375014
20.5 2.0746 0.006942770559963685
21.5 1.7502 0.007558857537808385
22.5 1.4768 0.008228850233457916
23.5 1.2570999999999999 0.0089189778794862
24.5 1.0661 0.009685031293718359
25.5 0.872 0.010708823421952984
26.5 0.7302 0.011702511745597511
27.5 0.5737 0.0132025425264069
28.5 0.4942 0.01422488059151916
29.5 0.40349999999999997 0.015742664151828744
30.5 0.3218 0.017628159855416825
31.5 0.2593 0.01963806719085849
32.5 0.201 0.022304986837273527
33.5 0.1614 0.024891337579430815
34.5 0.12290000000000001 0.028524895269256473
35.5 0.108 0.03042903097250923
36.5 0.0775 0.03592106040535498
37.5 0.0682 0.03829197905337418
38.5 0.049699999999999994 0.044856130401625664
39.5 0.0387 0.05083285677753489
40.5 0.0291 0.05862103817605492
41.5 0.022699999999999998 0.0663723311599972
42.5 0.015600000000000001 0.08006407690254357
43.5 0.014 0.08451542547285165
44.5 0.0088 0.10660035817780521
45.5 0.0077 0.11396057645963795
46.5 0.0063999999999999994 0.12500000000000003
47.5 0.0051 0.14002800840280097
48.5 0.003 0.18257418583505536
49.5 0.002 0.22360679774997896
50.5 0.0015999999999999999 0.25000000000000006
51.5 0.0015 0.2581988897471611
52.5 0.0007999999999999999 0.3535533905932738
53.5 0.00030000000000000003 0.5773502691896257
54.5 0.0009 0.3333333333333333
55.5 0.0001 1.0
56.5 0.00039999999999999996 0.5000000000000001
57.5 0.00030000000000000003 0.5773502691896257
58.5 0.0002 0.7071067811865475
59.5 0.0 inf
60.5 0.0 inf
61.5 0.0 inf
62.5 0.0 inf
63.5 0.0 inf
64.5 0.0 inf
65.5 0.0 inf
66.5 0.0 inf
67.5 0.0 inf
68.5 0.0 inf
69.5 0.0 inf
70.5 0.0 inf
71.5 0.0 inf
72.5 0.0 inf
73.5 0.0 inf
74.5 0.0 inf
75.5 0.0 inf
76.5 0.0 inf
77.5 0.0 inf
78.5 0.0 inf
79.5 0.0 inf
80.5 0.0 inf
81.5 0.0 inf
82.5 0.0 inf
83.5 0.0 inf
84.5 0.0 inf
85.5 0.0 inf
86.5 0.0 inf
87.5 0.0 inf
88.5 0.0 inf
89.5 0.0 inf
90.5 0.0 inf
91.5 0.0 inf
92.5 0.0 inf
93.5 0.0 inf
94.5 0.0 inf
95.5 0.0 inf
96.5 0.0 inf
97.5 0.0 inf
