0.5 38.4451 0.0016127962410506338
1.5 20.3238 0.0022181838743108983
2.5 20.5126 0.00220795208435631
3.5 18.8596 0.002302680914095527
4.5 16.668799999999997 0.0024493329904877004
5.5 14.8951 0.002591064883368855
6.5 13.1312 0.0027596105206020155
7.5 11.5974 0.002936430198710246
8.5 10.4239 0.0030973114770434184
9.5 9.1438 0.003307018625078827
10.5 8.1678 0.0034990282798241824
11.5 7.1331 0.003744215559916036
12.5 6.3645 0.003963855869051838
13.5 5.5816 0.004232730767047357
14.5 4.906000000000001 0.004514776211475656
15.5 4.2861 0.0048302415594167055
16.5 3.782 0.005142084838723526
17.5 3.2744 0.0055262958887209975
18.5 2.8288 0.005945643676931176
19.5 2.3991 0.006456182891480055
20.5 2.0498 0.006984643680332163
21.5 1.7654 0.007526246510797647
22.5 1.4813999999999998 0.008216064307452732
23.5 1.2243 0.009037661587066969
24.5 1.0343 0.009832789403930689
25.5 0.8556 0.010810968751610264
26.5 0.7146 0.011829557349794602
27.5 0.5882000000000001 0.013038795980152337
28.5 0.4942 0.01422488059151916
29.5 0.4053 0.015707667448701706
30.5 0.3205 0.017663875013688813
31.5 0.2548 0.01981072129375818
32.5 0.20629999999999998 0.02201660678463551
33.5 0.1607 0.024945491291633412
34.5 0.1257 0.028205406366325913
35.5 0.1021 0.03129587719622029
36.5 0.0775 0.03592106040535498
37.5 0.06459999999999999 0.03934447376823169
38.5 0.0479 0.04569116623849538
39.5 0.0369 0.052057920629535355
40.5 0.0271 0.0607456739230787
41.5 0.0228 0.06622661785325219
42.5 0.0184 0.07372097807744857
43.5 0.0118 0.09205746178983235
44.5 0.011300000000000001 0.09407208683835973
45.5 0.006 0.12909944487358055
46.5 0.0044 0.15075567228888181
47.5 0.0037999999999999996 0.16222142113076254
48.5 0.0046 0.14744195615489714
49.5 0.0021000000000000003 0.21821789023599233
50.5 0.0012000000000000001 0.28867513459481287
51.5 0.0007999999999999999 0.3535533905932738
52.5 0.0007999999999999999 0.3535533905932738
53.5 0.0005 0.4472135954999579
54.5 0.0001 1.0
55.5 0.0001 1.0
56.5 0.00030000000000000003 0.5773502691896257
57.5 0.0 inf
58.5 0.0002 0.7071067811865475
59.5 0.0 inf
60.5 0.0001 1.0
61.5 0.0 inf
62.5 0.0001 1.0
63.5 0.0 inf
64.5 0.0 inf
65.5 0.0 inf
66.5 0.0 inf
67.5 0.0 inf
68.5 0.0 inf
69.5 0.0 inf
70.5 0.0 inf
71.5 0.0 inf
72.5 0.0 inf
73.5 0.0 inf
74.5 0.0 inf
75.5 0.0 inf
76.5 0.0 inf
77.5 0.0 inf
78.5 0.0 inf
79.5 0.0 inf
80.5 0.0 inf
81.5 0.0 inf
82.5 0.0 inf
83.5 0.0 inf
84.5 0.0 inf
85.5 0.0 inf
86.5 0.0 inf
87.5 0.0 inf
88.5 0.0 inf
89.5 0.0 inf
90.5 0.0 inf
91.5 0.0 inf
92.5 0.0 inf
93.5 0.0 inf
94.5 0.0 inf
95.5 0.0 inf
96.5 0.0 inf
97.5 0.0 inf
