0.5 38.460499999999996 0.0016124733181964441
1.5 20.2851 0.0022202987963890154
2.5 20.579900000000002 0.0022043389264302833
3.5 18.8761 0.002301674282916273
4.5 16.618000000000002 0.002453073848912829
5.5 14.8916 0.0025913693568402926
6.5 13.0981 0.00276309520437694
7.5 11.6768 0.00292642958813011
8.5 10.4145 0.0030987089594572783
9.5 9.0885 0.0033170643305006553
10.5 8.1756 0.00349735874282808
11.5 7.1772 0.0037326947487705585
12.5 6.3875 0.003956712941244654
13.5 5.604900000000001 0.004223923711084923
14.5 4.891299999999999 0.004521555331664107
15.5 4.3023 0.004821139019685382
16.5 3.7794 0.00514385325725978
17.5 3.295 0.005508993887912397
18.5 2.7751 0.006002894092597121
19.5 2.3875 0.006471848016905735
20.5 2.0465999999999998 0.006990102033167027
21.5 1.7336 0.007594961047823161
22.5 1.4735 0.008238059605295436
23.5 1.246 0.008958617182905826
24.5 1.0363 0.009823296459640045
25.5 0.8591 0.010788924165398667
26.5 0.7170000000000001 0.011809742331947863
27.5 0.5776 0.013157894736842105
28.5 0.4857 0.014348812093082914
29.5 0.3957 0.01589706591085828
30.5 0.32999999999999996 0.017407765595569783
31.5 0.2655 0.0194074169913194
32.5 0.2048 0.022097086912079608
33.5 0.16970000000000002 0.024274991071356486
34.5 0.1222 0.028606478384531155
35.5 0.1029 0.03117398431942748
36.5 0.078 0.03580574370197165
37.5 0.0671 0.03860457182410914
38.5 0.0445 0.04740454631399772
39.5 0.038 0.051298917604257706
40.5 0.0288 0.05892556509887897
41.5 0.020999999999999998 0.06900655593423542
42.5 0.0169 0.07692307692307693
43.5 0.0137 0.0854357657716761
44.5 0.0098 0.10101525445522107
45.5 0.0089 0.105999788000636
46.5 0.0047 0.14586499149789456
47.5 0.0044 0.15075567228888181
48.5 0.0033 0.17407765595569785
49.5 0.0021 0.2182178902359924
50.5 0.0015 0.2581988897471611
51.5 0.0012 0.2886751345948129
52.5 0.0006000000000000001 0.40824829046386296
53.5 0.0004 0.5
54.5 0.00030000000000000003 0.5773502691896257
55.5 0.0002 0.7071067811865475
56.5 0.00030000000000000003 0.5773502691896257
57.5 0.00030000000000000003 0.5773502691896257
58.5 0.0002 0.7071067811865475
59.5 0.0001 1.0
60.5 0.0 inf
61.5 0.0001 1.0
62.5 0.0 inf
63.5 0.0 inf
64.5 0.0 inf
65.5 0.0001 1.0
66.5 0.0 inf
67.5 0.0 inf
68.5 0.0 inf
69.5 0.0 inf
70.5 0.0 inf
71.5 0.0 inf
72.5 0.0 inf
73.5 0.0 inf
74.5 0.0 inf
75.5 0.0 inf
76.5 0.0 inf
77.5 0.0 inf
78.5 0.0 inf
79.5 0.0 inf
80.5 0.0 inf
81.5 0.0 inf
82.5 0.0 inf
83.5 0.0 inf
84.5 0.0 inf
85.5 0.0 inf
86.5 0.0 inf
87.5 0.0 inf
88.5 0.0 inf
89.5 0.0 inf
90.5 0.0 inf
91.5 0.0 inf
92.5 0.0 inf
93.5 0.0 inf
94.5 0.0 inf
95.5 0.0 inf
96.5 0.0 inf
97.5 0.0 inf
