0.5 38.5821 0.001609930280178507
1.5 20.4037 0.002213836458371925
2.5 20.6256 0.002201895502914694
3.5 18.9134 0.0022994035430981877
4.5 16.755200000000002 0.002443009703106576
5.5 14.9353 0.002587575465919546
6.5 13.1706 0.0027554797257969047
7.5 11.655999999999999 0.0029290395145326895
8.5 10.5015 0.0030858465894997977
9.5 9.1157 0.0033121118005514406
10.5 8.217600000000001 0.0034884098261621717
11.5 7.2379 0.0037170098394380064
12.5 6.3954 0.003954268395854695
13.5 5.5901 0.00422951151349622
14.5 4.9443 0.004497255824708555
15.5 4.2936 0.004826021016556517
16.5 3.7976 0.0051315124940011754
17.5 3.2847999999999997 0.0055175405548997525
18.5 2.8151 0.005960093688641072
19.5 2.4079 0.006444374590984872
20.5 2.092 0.006913837373523727
21.5 1.7626 0.007532222094518512
22.5 1.4647000000000001 0.00826276990843295
23.5 1.2412 0.008975922963071516
24.5 1.0388 0.009811468853477787
25.5 0.8669 0.010740277401319045
26.5 0.7268 0.011729852221214703
27.5 0.5692 0.01325462833018975
28.5 0.4854 0.014353245528100828
29.5 0.40580000000000005 0.015697987490027585
30.5 0.31499999999999995 0.01781741612749496
31.5 0.2536 0.01985753676973844
32.5 0.2059 0.022037982136063
33.5 0.1658 0.024558833620630074
34.5 0.1255 0.028227871846881837
35.5 0.1061 0.03070027799227584
36.5 0.0754 0.03641785203646149
37.5 0.0627 0.03993615319154358
38.5 0.048 0.04564354645876384
39.5 0.0403 0.04981354813867179
40.5 0.0304 0.057353933467640436
41.5 0.0217 0.06788442333021306
42.5 0.0194 0.07179581586177382
43.5 0.0129 0.08804509063256238
44.5 0.0093 0.10369516947304253
45.5 0.009000000000000001 0.10540925533894598
46.5 0.0055 0.13483997249264842
47.5 0.0047 0.14586499149789456
48.5 0.0037 0.1643989873053573
49.5 0.0019 0.22941573387056174
50.5 0.0007999999999999999 0.3535533905932738
51.5 0.0018999999999999998 0.2294157338705618
52.5 0.0005 0.4472135954999579
53.5 0.0005 0.4472135954999579
54.5 0.0005 0.4472135954999579
55.5 0.00039999999999999996 0.5000000000000001
56.5 0.0002 0.7071067811865475
57.5 0.00030000000000000003 0.5773502691896257
58.5 0.0001 1.0
59.5 0.0 inf
60.5 0.0 inf
61.5 0.0 inf
62.5 0.0 inf
63.5 0.0 inf
64.5 0.0 inf
65.5 0.0 inf
66.5 0.0 inf
67.5 0.0 inf
68.5 0.0 inf
69.5 0.0 inf
70.5 0.0 inf
71.5 0.0 inf
72.5 0.0 inf
73.5 0.0 inf
74.5 0.0 inf
75.5 0.0 inf
76.5 0.0 inf
77.5 0.0 inf
78.5 0.0 inf
79.5 0.0 inf
80.5 0.0 inf
81.5 0.0 inf
82.5 0.0 inf
83.5 0.0 inf
84.5 0.0 inf
85.5 0.0 inf
86.5 0.0 inf
87.5 0.0 inf
88.5 0.0 inf
89.5 0.0 inf
90.5 0.0 inf
91.5 0.0 inf
92.5 0.0 inf
93.5 0.0 inf
94.5 0.0 inf
95.5 0.0 inf
96.5 0.0 inf
97.5 0.0 inf
