0.5 38.4728 0.0016122155385796084
1.5 20.3033 0.00221930342869088
2.5 20.5908 0.0022037554018725218
3.5 18.8568 0.0023028518674713286
4.5 16.6331 0.0024519601110723614
5.5 15.0035 0.0025816877181389316
6.5 13.091899999999999 0.0027637493937047028
7.5 11.6533 0.002929378815359908
8.5 10.3811 0.0031036898268778047
9.5 9.0982 0.0033152956232550667
10.5 8.2088 0.0034902791483320296
11.5 7.1452 0.0037410439058746876
12.5 6.4177 0.00394739234057315
13.5 5.5875 0.004230495446469016
14.5 4.92 0.004508348173337161
15.5 4.3222000000000005 0.004810027623586959
16.5 3.762 0.00515573520741455
17.5 3.2580999999999998 0.0055401024385491725
18.5 2.8164 0.00595871799340951
19.5 2.3869 0.006472661386718994
20.5 2.0678 0.006954176907303364
21.5 1.7647 0.0075277390733330535
22.5 1.4521 0.008298540871359436
23.5 1.256 0.008922882628103122
24.5 1.0292 0.00985712153359689
25.5 0.8616999999999999 0.010772635204927467
26.5 0.7238 0.011754135979637028
27.5 0.5703 0.013241839334480553
28.5 0.4939 0.014229200105943795
29.5 0.3971 0.01586901813567177
30.5 0.3188 0.017710908674395363
31.5 0.2583 0.019676044536698512
32.5 0.1995 0.022388683141982252
33.5 0.1615 0.024883630089671975
34.5 0.13290000000000002 0.02743073910242014
35.5 0.1006 0.03152833305597158
36.5 0.0877 0.033767600672658715
37.5 0.06359999999999999 0.039652579285907215
38.5 0.049600000000000005 0.04490132550669372
39.5 0.0377 0.051502620262460476
40.5 0.0276 0.0601929265428846
41.5 0.0231 0.0657951694959769
42.5 0.0161 0.07881104062391006
43.5 0.013600000000000001 0.08574929257125441
44.5 0.0103 0.09853292781642932
45.5 0.006699999999999999 0.12216944435630522
46.5 0.0063 0.1259881576697424
47.5 0.0039 0.16012815380508713
48.5 0.0025 0.2
49.5 0.0029 0.18569533817705186
50.5 0.0009 0.3333333333333333
51.5 0.0012000000000000001 0.28867513459481287
52.5 0.001 0.31622776601683794
53.5 0.00030000000000000003 0.5773502691896257
54.5 0.0005 0.4472135954999579
55.5 0.00039999999999999996 0.5000000000000001
56.5 0.0001 1.0
57.5 0.0002 0.7071067811865475
58.5 0.0002 0.7071067811865475
59.5 0.0002 0.7071067811865475
60.5 0.0 inf
61.5 0.0 inf
62.5 0.0 inf
63.5 0.0 inf
64.5 0.0 inf
65.5 0.0 inf
66.5 0.0 inf
67.5 0.0 inf
68.5 0.0 inf
69.5 0.0 inf
70.5 0.0 inf
71.5 0.0 inf
72.5 0.0 inf
73.5 0.0 inf
74.5 0.0 inf
75.5 0.0 inf
76.5 0.0 inf
77.5 0.0 inf
78.5 0.0 inf
79.5 0.0 inf
80.5 0.0 inf
81.5 0.0 inf
82.5 0.0 inf
83.5 0.0 inf
84.5 0.0 inf
85.5 0.0 inf
86.5 0.0 inf
87.5 0.0 inf
88.5 0.0 inf
89.5 0.0 inf
90.5 0.0 inf
91.5 0.0 inf
92.5 0.0 inf
93.5 0.0 inf
94.5 0.0 inf
95.5 0.0 inf
96.5 0.0 inf
97.5 0.0 inf
