0.5 38.5432 0.0016107424921168083
1.5 20.2926 0.002219888455183486
2.5 20.5713 0.0022047996492301617
3.5 18.9375 0.002297939958485704
4.5 16.6751 0.002448870256963212
5.5 14.9724 0.0025843676103849047
6.5 13.1648 0.002756086648140147
7.5 11.5947 0.0029367720747411367
8.5 10.4008 0.0031007491074425213
9.5 9.119900000000001 0.0033113490470382907
10.5 8.18 0.003496418006375328
11.5 7.1637 0.0037362102268615116
12.5 6.438000000000001 0.003941164060714018
13.5 5.620900000000001 0.0042179076867943305
14.5 4.9114 0.0045122935694062805
15.5 4.3011 0.0048218115178082915
16.5 3.7922000000000002 0.005135164768384749
17.5 3.3068 0.005499155944338845
18.5 2.7944 0.00598212816889976
19.5 2.3753 0.006488447061514115
20.5 2.0871000000000004 0.006921948614537591
21.5 1.7685 0.007519647246582359
22.5 1.4811 0.008216896356096057
23.5 1.2465 0.008956820248340984
24.5 1.0343 0.009832789403930689
25.5 0.8501000000000001 0.01084588491646583
26.5 0.7102999999999999 0.011865310091027703
27.5 0.5747 0.013191051060632654
28.5 0.49019999999999997 0.014282799726001058
29.5 0.4005 0.01580151543799924
30.5 0.3169 0.017763922934727134
31.5 0.2639 0.019466160726095222
32.5 0.2039 0.022145800696175846
33.5 0.1616 0.02487592975524973
34.5 0.125 0.0282842712474619
35.5 0.1028 0.031189143077590267
36.5 0.0799 0.03537745688386125
37.5 0.0649 0.03925343359894298
38.5 0.0502 0.04463218426774518
39.5 0.039099999999999996 0.05057217374241737
40.5 0.029400000000000003 0.05832118435198043
41.5 0.0233 0.06551217820804184
42.5 0.0189 0.07273929674533079
43.5 0.0142 0.08391813582966891
44.5 0.008799999999999999 0.10660035817780524
45.5 0.0063999999999999994 0.12500000000000003
46.5 0.0058 0.13130643285972257
47.5 0.0038 0.16222142113076254
48.5 0.0028 0.1889822365046136
49.5 0.0023 0.20851441405707477
50.5 0.0018 0.23570226039551587
51.5 0.0012 0.2886751345948129
52.5 0.001 0.31622776601683794
53.5 0.0002 0.7071067811865475
54.5 0.0002 0.7071067811865475
55.5 0.0002 0.7071067811865475
56.5 0.0001 1.0
57.5 0.0002 0.7071067811865475
58.5 0.00039999999999999996 0.5000000000000001
59.5 0.0 inf
60.5 0.0001 1.0
61.5 0.0 inf
62.5 0.0 inf
63.5 0.0 inf
64.5 0.0 inf
65.5 0.0 inf
66.5 0.0 inf
67.5 0.0 inf
68.5 0.0 inf
69.5 0.0 inf
70.5 0.0 inf
71.5 0.0 inf
72.5 0.0 inf
73.5 0.0 inf
74.5 0.0 inf
75.5 0.0 inf
76.5 0.0 inf
77.5 0.0 inf
78.5 0.0 inf
79.5 0.0 inf
80.5 0.0 inf
81.5 0.0 inf
82.5 0.0 inf
83.5 0.0 inf
84.5 0.0 inf
85.5 0.0 inf
86.5 0.0 inf
87.5 0.0 inf
88.5 0.0 inf
89.5 0.0 inf
90.5 0.0 inf
91.5 0.0 inf
92.5 0.0 inf
93.5 0.0 inf
94.5 0.0 inf
95.5 0.0 inf
96.5 0.0 inf
97.5 0.0 inf
