0.5 38.6969 0.0016075404598862048
1.5 20.3957 0.002214270592902711
2.5 20.738599999999998 0.0021958884905895347
3.5 19.0502 0.002291132628500204
4.5 16.734099999999998 0.002444549411424623
5.5 15.0393 0.002578613123964468
6.5 13.174800000000001 0.002755040480520432
7.5 11.719999999999999 0.00292103118918493
8.5 10.478000000000002 0.003089305111163457
9.5 9.1953 0.0032977448333248835
10.5 8.2214 0.003487603546851644
11.5 7.2201 0.0037215888651371005
12.5 6.4407 0.0039403378882161754
13.5 5.6044 0.0042241121268611565
14.5 4.998 0.004473030650608211
15.5 4.3085 0.004817668923005038
16.5 3.7895 0.00513699383238764
17.5 3.2838000000000003 0.0055183806061454505
18.5 2.8005 0.005975609533922909
19.5 2.4192 0.006429306248420496
20.5 2.1005 0.006899834233473789
21.5 1.798 0.007457704245544709
22.5 1.4683 0.008252634300259692
23.5 1.2458 0.008959336259616292
24.5 1.0455 0.009779980332479326
25.5 0.8560000000000001 0.010808442529177922
26.5 0.7116 0.011854466952761744
27.5 0.5782 0.013151065969976047
28.5 0.4982 0.014167660405476751
29.5 0.4144 0.015534244150030001
30.5 0.3224 0.01761174884190867
31.5 0.2649 0.01942938351447002
32.5 0.1978 0.022484687520664393
33.5 0.1678 0.0244120371254637
34.5 0.1267 0.02809387802771537
35.5 0.10469999999999999 0.030904851360770657
36.5 0.0791 0.035555906726738896
37.5 0.0668 0.03869116162670684
38.5 0.0486 0.045360921162651446
39.5 0.036699999999999997 0.052199575097188054
40.5 0.026799999999999997 0.06108472217815261
41.5 0.0248 0.06350006350009525
42.5 0.0151 0.08137884587711594
43.5 0.0121 0.09090909090909091
44.5 0.007600000000000001 0.11470786693528087
45.5 0.0069 0.1203858530857692
46.5 0.0055 0.13483997249264842
47.5 0.0037 0.1643989873053573
48.5 0.004 0.15811388300841897
49.5 0.0024000000000000002 0.20412414523193148
50.5 0.0014 0.2672612419124244
51.5 0.0012000000000000001 0.28867513459481287
52.5 0.0009 0.3333333333333333
53.5 0.0007 0.3779644730092272
54.5 0.0007 0.3779644730092272
55.5 0.0005 0.4472135954999579
56.5 0.0002 0.7071067811865475
57.5 0.0006000000000000001 0.40824829046386296
58.5 0.0003 0.5773502691896258
59.5 0.0001 1.0
60.5 0.0 inf
61.5 0.0 inf
62.5 0.0001 1.0
63.5 0.0 inf
64.5 0.0001 1.0
65.5 0.0 inf
66.5 0.0 inf
67.5 0.0 inf
68.5 0.0 inf
69.5 0.0 inf
70.5 0.0 inf
71.5 0.0 inf
72.5 0.0 inf
73.5 0.0 inf
74.5 0.0 inf
75.5 0.0 inf
76.5 0.0 inf
77.5 0.0 inf
78.5 0.0 inf
79.5 0.0 inf
80.5 0.0 inf
81.5 0.0 inf
82.5 0.0 inf
83.5 0.0 inf
84.5 0.0 inf
85.5 0.0 inf
86.5 0.0 inf
87.5 0.0 inf
88.5 0.0 inf
89.5 0.0 inf
90.5 0.0 inf
91.5 0.0 inf
92.5 0.0 inf
93.5 0.0 inf
94.5 0.0 inf
95.5 0.0 inf
96.5 0.0 inf
97.5 0.0 inf
