0.5 38.477599999999995 0.0016121149751875982
1.5 20.2986 0.002219560345975672
2.5 20.5638 0.002205201678278726
3.5 18.911 0.0022995494474243416
4.5 16.691000000000003 0.0024477035708913783
5.5 14.8523 0.0025947955445557486
6.5 13.070599999999999 0.002766000395903197
7.5 11.7235 0.002920595126049791
8.5 10.4244 0.003097237195822962
9.5 9.136199999999999 0.0033083938202855398
10.5 8.1479 0.003503298594816162
11.5 7.1251999999999995 0.0037462906671776137
12.5 6.3861 0.0039571466249135444
13.5 5.6177 0.004219108835221077
14.5 4.9207 0.00450802749173049
15.5 4.2666 0.0048412670053054946
16.5 3.7762000000000002 0.005146032279123896
17.5 3.2822 0.00551972548659097
18.5 2.8018 0.00597422306920367
19.5 2.4031000000000002 0.0064508074416562726
20.5 2.0458 0.006991468622042873
21.5 1.7615 0.007534573542491668
22.5 1.4841 0.008208587226297534
23.5 1.2487 0.008948926562336
24.5 1.0545 0.009738155563505966
25.5 0.8404 0.010908297607202133
26.5 0.7154 0.011822941265748114
27.5 0.5691999999999999 0.013254628330189751
28.5 0.5008 0.014130835473605538
29.5 0.4092 0.01563263498701806
30.5 0.31579999999999997 0.01779483384195962
31.5 0.2619 0.01954034605868497
32.5 0.20450000000000002 0.022113289104342324
33.5 0.1617 0.02486823656509969
34.5 0.12789999999999999 0.02796177442102841
35.5 0.1071 0.030556616567607043
36.5 0.0784 0.03571428571428571
37.5 0.0638 0.03959037912324479
38.5 0.0424 0.04856429311786321
39.5 0.039 0.05063696835418333
40.5 0.0315 0.0563436169819011
41.5 0.019299999999999998 0.07198157507486945
42.5 0.0182 0.07412493166611012
43.5 0.0106 0.09712858623572641
44.5 0.0105 0.09759000729485333
45.5 0.0071 0.11867816581938533
46.5 0.0056 0.1336306209562122
47.5 0.0054 0.13608276348795434
48.5 0.0033 0.17407765595569785
49.5 0.0021 0.2182178902359924
50.5 0.001 0.31622776601683794
51.5 0.001 0.31622776601683794
52.5 0.0007 0.3779644730092272
53.5 0.0007 0.3779644730092272
54.5 0.00039999999999999996 0.5000000000000001
55.5 0.0001 1.0
56.5 0.0005 0.4472135954999579
57.5 0.0 inf
58.5 0.0 inf
59.5 0.0 inf
60.5 0.0 inf
61.5 0.0 inf
62.5 0.0 inf
63.5 0.0 inf
64.5 0.0 inf
65.5 0.0 inf
66.5 0.0 inf
67.5 0.0 inf
68.5 0.0 inf
69.5 0.0 inf
70.5 0.0 inf
71.5 0.0 inf
72.5 0.0 inf
73.5 0.0 inf
74.5 0.0 inf
75.5 0.0 inf
76.5 0.0 inf
77.5 0.0 inf
78.5 0.0 inf
79.5 0.0 inf
80.5 0.0 inf
81.5 0.0 inf
82.5 0.0 inf
83.5 0.0 inf
84.5 0.0 inf
85.5 0.0 inf
86.5 0.0 inf
87.5 0.0 inf
88.5 0.0 inf
89.5 0.0 inf
90.5 0.0 inf
91.5 0.0 inf
92.5 0.0 inf
93.5 0.0 inf
94.5 0.0 inf
95.5 0.0 inf
96.5 0.0 inf
97.5 0.0 inf
