0.5 38.642 0.0016086819982012873
1.5 20.4194 0.002212985211127337
2.5 20.659999999999997 0.002200061602587321
3.5 18.9428 0.0022976184660507284
4.5 16.717100000000002 0.0024457920545927323
5.5 15.0039 0.00258165330435418
6.5 13.2171 0.002750628332468291
7.5 11.711 0.002922153391890094
8.5 10.408000000000001 0.003099676410673207
9.5 9.1615 0.0033038225038644065
10.5 8.213000000000001 0.0034893865970705936
11.5 7.2058 0.003725279804632647
12.5 6.425800000000001 0.003944903626294008
13.5 5.626200000000001 0.00421592053934832
14.5 4.9483999999999995 0.004495392336528164
15.5 4.2932 0.0048262458329457365
16.5 3.8216 0.005115373930620641
17.5 3.2742 0.00552646466923226
18.5 2.8029 0.005973050660222912
19.5 2.4205 0.006427579493480526
20.5 2.0674 0.006954849620911449
21.5 1.7490999999999999 0.007561234027553874
22.5 1.4937 0.008182166438462297
23.5 1.2581 0.008915432552844757
24.5 1.0537 0.009741851609018496
25.5 0.8612 0.010775761967598866
26.5 0.7096 0.01187116104208156
27.5 0.5831999999999999 0.013094570021973104
28.5 0.5038 0.014088699899813708
29.5 0.40349999999999997 0.015742664151828744
30.5 0.32310000000000005 0.017592660465641983
31.5 0.2631 0.0194957333382473
32.5 0.2107 0.021785510047514955
33.5 0.1632 0.024753688574416854
34.5 0.12480000000000001 0.02830692585361489
35.5 0.0984 0.03187883565316691
36.5 0.0799 0.03537745688386125
37.5 0.0638 0.03959037912324479
38.5 0.049600000000000005 0.04490132550669372
39.5 0.0391 0.05057217374241736
40.5 0.0287 0.059028133610095526
41.5 0.022 0.06741998624632421
42.5 0.0191 0.07235746052924216
43.5 0.0133 0.086710996952412
44.5 0.0084 0.1091089451179962
45.5 0.006 0.12909944487358055
46.5 0.0075 0.11547005383792514
47.5 0.0042 0.1543033499620919
48.5 0.0038 0.16222142113076254
49.5 0.0033 0.17407765595569785
50.5 0.002 0.22360679774997896
51.5 0.001 0.31622776601683794
52.5 0.0006000000000000001 0.40824829046386296
53.5 0.0007999999999999999 0.3535533905932738
54.5 0.00030000000000000003 0.5773502691896257
55.5 0.00030000000000000003 0.5773502691896257
56.5 0.0002 0.7071067811865475
57.5 0.0002 0.7071067811865475
58.5 0.0003 0.5773502691896258
59.5 0.0 inf
60.5 0.0 inf
61.5 0.0001 1.0
62.5 0.0 inf
63.5 0.0 inf
64.5 0.0 inf
65.5 0.0 inf
66.5 0.0 inf
67.5 0.0 inf
68.5 0.0 inf
69.5 0.0 inf
70.5 0.0 inf
71.5 0.0 inf
72.5 0.0 inf
73.5 0.0 inf
74.5 0.0 inf
75.5 0.0 inf
76.5 0.0 inf
77.5 0.0 inf
78.5 0.0 inf
79.5 0.0 inf
80.5 0.0 inf
81.5 0.0 inf
82.5 0.0 inf
83.5 0.0 inf
84.5 0.0 inf
85.5 0.0 inf
86.5 0.0 inf
87.5 0.0 inf
88.5 0.0 inf
89.5 0.0 inf
90.5 0.0 inf
91.5 0.0 inf
92.5 0.0 inf
93.5 0.0 inf
94.5 0.0 inf
95.5 0.0 inf
96.5 0.0 inf
97.5 0.0 inf
