0.5 2317548.0 0.0006568793828437003
1.5 629571.0 0.0012603107555773365
2.5 434332.0 0.0015173615894210836
3.5 276432.0 0.0019019795453394397
4.5 177550.0 0.0023732290823064344
5.5 120371.0 0.0028822992301803627
6.5 83334.0 0.003464087758814432
7.5 59614.0 0.004095678594764082
8.5 43944.0 0.004770349589752004
9.5 31945.0 0.005594980197651693
10.5 24530.0 0.006384857749348294
11.5 18624.0 0.007327629772006865
12.5 14218.0 0.008386499879106508
13.5 11149.0 0.009470699180760832
14.5 8786.0 0.010668525522832224
15.5 6636.0 0.012275715403505907
16.5 5259.0 0.013789496679456848
17.5 4138.0 0.015545502209836045
18.5 3202.0 0.01767214784609008
19.5 2522.0 0.019912576573338177
20.5 2037.0 0.02215666980146639
21.5 1505.0 0.02577696311132335
22.5 1291.0 0.027831516999568835
23.5 963.0 0.03222454963485545
24.5 725.0 0.037139067635410375
25.5 542.0 0.04295367795875577
26.5 426.0 0.04845015831115092
27.5 374.0 0.051708768999501914
28.5 248.0 0.06350006350009525
29.5 180.0 0.07453559924999299
30.5 128.0 0.08838834764831843
31.5 125.0 0.08944271909999159
32.5 84.0 0.1091089451179962
33.5 56.0 0.1336306209562122
34.5 48.0 0.14433756729740646
35.5 43.0 0.15249857033260467
36.5 24.0 0.20412414523193154
37.5 28.0 0.1889822365046136
38.5 15.0 0.2581988897471611
39.5 19.0 0.22941573387056174
40.5 11.0 0.30151134457776363
41.5 5.0 0.4472135954999579
42.5 2.0 0.7071067811865475
43.5 3.0 0.5773502691896258
44.5 0.0 inf
45.5 2.0 0.7071067811865475
46.5 0.0 inf
47.5 0.0 inf
48.5 0.0 inf
49.5 0.0 inf
50.5 0.0 inf
51.5 0.0 inf
52.5 0.0 inf
53.5 1.0 1.0
54.5 0.0 inf
55.5 0.0 inf
56.5 0.0 inf
57.5 0.0 inf
58.5 0.0 inf
59.5 0.0 inf
60.5 0.0 inf
61.5 0.0 inf
62.5 0.0 inf
63.5 0.0 inf
64.5 0.0 inf
65.5 0.0 inf
66.5 0.0 inf
67.5 0.0 inf
68.5 0.0 inf
69.5 0.0 inf
70.5 0.0 inf
71.5 0.0 inf
72.5 0.0 inf
73.5 0.0 inf
74.5 0.0 inf
75.5 0.0 inf
76.5 0.0 inf
77.5 0.0 inf
78.5 0.0 inf
79.5 0.0 inf
80.5 0.0 inf
81.5 0.0 inf
82.5 0.0 inf
83.5 0.0 inf
84.5 0.0 inf
85.5 0.0 inf
86.5 0.0 inf
87.5 0.0 inf
88.5 0.0 inf
89.5 0.0 inf
90.5 0.0 inf
91.5 0.0 inf
92.5 0.0 inf
93.5 0.0 inf
94.5 0.0 inf
95.5 0.0 inf
96.5 0.0 inf
97.5 0.0 inf
