0.5 15035212.0 0.0002578963656235363
1.5 1820582.0 0.0007411308266437198
2.5 1009010.0 0.0009955252157522983
3.5 540401.0 0.0013603226458522501
4.5 309361.0 0.00179790698027772
5.5 193713.0 0.002272064292840414
6.5 125429.0 0.002823586001294133
7.5 85514.0 0.0034196478805722085
8.5 60842.0 0.004054135492948029
9.5 43356.0 0.004802588716699519
10.5 32534.0 0.005544102728119069
11.5 23835.0 0.006477276282080547
12.5 18214.0 0.007409643851431124
13.5 13735.0 0.008532684115577928
14.5 10343.0 0.009832789403930689
15.5 8014.0 0.011170569911322717
16.5 6210.0 0.012689783127114683
17.5 4890.0 0.01430031389533504
18.5 3720.0 0.016395645894598822
19.5 2948.0 0.018417736717093933
20.5 2318.0 0.020770324619863195
21.5 1819.0 0.023446803861612006
22.5 1393.0 0.026793191107712163
23.5 1124.0 0.02982749931359468
24.5 876.0 0.033786868919974296
25.5 657.0 0.03901371573204352
26.5 484.0 0.045454545454545456
27.5 384.0 0.051031036307982884
28.5 294.0 0.05832118435198043
29.5 255.0 0.06262242910851495
30.5 158.0 0.079555728417573
31.5 136.0 0.08574929257125441
32.5 97.0 0.10153461651336192
33.5 75.0 0.11547005383792514
34.5 47.0 0.14586499149789456
35.5 45.0 0.14907119849998599
36.5 30.0 0.18257418583505536
37.5 29.0 0.18569533817705186
38.5 20.0 0.22360679774997896
39.5 10.0 0.31622776601683794
40.5 5.0 0.4472135954999579
41.5 4.0 0.5
42.5 1.0 1.0
43.5 2.0 0.7071067811865475
44.5 2.0 0.7071067811865475
45.5 0.0 inf
46.5 0.0 inf
47.5 0.0 inf
48.5 0.0 inf
49.5 0.0 inf
50.5 0.0 inf
51.5 0.0 inf
52.5 0.0 inf
53.5 0.0 inf
54.5 0.0 inf
55.5 0.0 inf
56.5 0.0 inf
57.5 0.0 inf
58.5 0.0 inf
59.5 0.0 inf
60.5 0.0 inf
61.5 0.0 inf
62.5 0.0 inf
63.5 0.0 inf
64.5 0.0 inf
65.5 0.0 inf
66.5 0.0 inf
67.5 0.0 inf
68.5 0.0 inf
69.5 0.0 inf
70.5 0.0 inf
71.5 0.0 inf
72.5 0.0 inf
73.5 0.0 inf
74.5 0.0 inf
75.5 0.0 inf
76.5 0.0 inf
77.5 0.0 inf
78.5 0.0 inf
79.5 0.0 inf
80.5 0.0 inf
81.5 0.0 inf
82.5 0.0 inf
83.5 0.0 inf
84.5 0.0 inf
85.5 0.0 inf
86.5 0.0 inf
87.5 0.0 inf
88.5 0.0 inf
89.5 0.0 inf
90.5 0.0 inf
91.5 0.0 inf
92.5 0.0 inf
93.5 0.0 inf
94.5 0.0 inf
95.5 0.0 inf
96.5 0.0 inf
97.5 0.0 inf
