0.5 38.6155 0.0016092338849010284
1.5 20.4146 0.002213245360841042
2.5 20.6186 0.002202269242173034
3.5 18.9894 0.002294797555750741
4.5 16.7351 0.0024444763737394336
5.5 15.0103 0.0025811028708943983
6.5 13.1652 0.00275604477855088
7.5 11.729099999999999 0.0029198978310584897
8.5 10.5142 0.0030839823443256334
9.5 9.1632 0.0033035160192967593
10.5 8.116 0.0035101767137642984
11.5 7.2018 0.0037263142023325497
12.5 6.4209 0.0039464085820891705
13.5 5.643 0.00420964016902268
14.5 4.9615 0.004489453753132071
15.5 4.3248999999999995 0.004808525958560257
16.5 3.7897 0.005136858279135142
17.5 3.282 0.005519893665792624
18.5 2.8117 0.0059636961704443575
19.5 2.4176 0.006431433396947984
20.5 2.0701 0.006950312588650084
21.5 1.7616 0.007534359683486403
22.5 1.5051999999999999 0.0081508498926734
23.5 1.2511999999999999 0.008939981748151896
24.5 1.0468 0.009773905664828936
25.5 0.8619 0.010771385261753922
26.5 0.697 0.011977980754514665
27.5 0.5791999999999999 0.013139708280690918
28.5 0.4877 0.014319360477275611
29.5 0.4063 0.01568832540534904
30.5 0.31220000000000003 0.01789713650826264
31.5 0.2631 0.0194957333382473
32.5 0.2077 0.02194227995205747
33.5 0.16670000000000001 0.02449244830545123
34.5 0.1265 0.028116077855776665
35.5 0.10439999999999999 0.030949223029508647
36.5 0.08149999999999999 0.03502847220520294
37.5 0.06359999999999999 0.039652579285907215
38.5 0.049600000000000005 0.04490132550669372
39.5 0.038099999999999995 0.051231551957856
40.5 0.0296 0.05812381937190964
41.5 0.0205 0.06984302957695782
42.5 0.0182 0.07412493166611012
43.5 0.011 0.09534625892455924
44.5 0.009600000000000001 0.10206207261596574
45.5 0.006500000000000001 0.12403473458920847
46.5 0.0058 0.13130643285972257
47.5 0.0039 0.16012815380508713
48.5 0.0028 0.1889822365046136
49.5 0.0022 0.21320071635561041
50.5 0.001 0.31622776601683794
51.5 0.0011 0.30151134457776363
52.5 0.0008 0.35355339059327373
53.5 0.0013 0.2773500981126146
54.5 0.00030000000000000003 0.5773502691896257
55.5 0.0002 0.7071067811865475
56.5 0.0001 1.0
57.5 0.0007 0.3779644730092272
58.5 0.0001 1.0
59.5 0.0001 1.0
60.5 0.0 inf
61.5 0.0001 1.0
62.5 0.0 inf
63.5 0.0 inf
64.5 0.0 inf
65.5 0.0 inf
66.5 0.0 inf
67.5 0.0 inf
68.5 0.0 inf
69.5 0.0 inf
70.5 0.0 inf
71.5 0.0 inf
72.5 0.0 inf
73.5 0.0 inf
74.5 0.0 inf
75.5 0.0 inf
76.5 0.0 inf
77.5 0.0 inf
78.5 0.0 inf
79.5 0.0 inf
80.5 0.0 inf
81.5 0.0 inf
82.5 0.0 inf
83.5 0.0 inf
84.5 0.0 inf
85.5 0.0 inf
86.5 0.0 inf
87.5 0.0 inf
88.5 0.0 inf
89.5 0.0 inf
90.5 0.0 inf
91.5 0.0 inf
92.5 0.0 inf
93.5 0.0 inf
94.5 0.0 inf
95.5 0.0 inf
96.5 0.0 inf
97.5 0.0 inf
