0.5 39.1143 0.0015989401899283032
1.5 20.661900000000003 0.0021999604450667933
2.5 20.9826 0.0021830835100931094
3.5 19.2843 0.0022771836684785845
4.5 16.867800000000003 0.002434841966171526
5.5 15.2666 0.0025593450225223253
6.5 13.360199999999999 0.002735857797922023
7.5 11.907499999999999 0.002897942105056245
8.5 10.6012 0.0030713017418212783
9.5 9.2988 0.003279340756116418
10.5 8.3676 0.003457001312063613
11.5 7.3047 0.0036999751547502533
12.5 6.5507 0.003907114554286946
13.5 5.7667 0.004164245456956043
14.5 5.0601 0.00444549831711192
15.5 4.3482 0.004795625315857503
16.5 3.8357 0.0051059632391066406
17.5 3.3301 0.005479883963589628
18.5 2.8562000000000003 0.005917056177928194
19.5 2.3951000000000002 0.006461571801805607
20.5 2.0965 0.006906413337932475
21.5 1.7924 0.007469345222575123
22.5 1.5038999999999998 0.00815437200716924
23.5 1.2858 0.008818877079211874
24.5 1.0747 0.009646202519073898
25.5 0.8799 0.010660641553259477
26.5 0.742 0.011609086505314302
27.5 0.5913 0.013004571910681174
28.5 0.4992 0.014153462926807445
29.5 0.4113 0.015592675657499597
30.5 0.3149 0.017820244962334964
31.5 0.26030000000000003 0.019600308903302492
32.5 0.20700000000000002 0.0219793491131929
33.5 0.16720000000000002 0.02445579940222592
34.5 0.1315 0.027576371656986686
35.5 0.10550000000000001 0.030787453590353963
36.5 0.08199999999999999 0.034921514788478915
37.5 0.0639 0.03955938860646178
38.5 0.05 0.044721359549995794
39.5 0.038900000000000004 0.05070201265633938
40.5 0.030199999999999998 0.0575435337648436
41.5 0.022 0.06741998624632421
42.5 0.0172 0.07624928516630233
43.5 0.0149 0.08192319205190406
44.5 0.0103 0.09853292781642932
45.5 0.0077 0.11396057645963795
46.5 0.006699999999999999 0.12216944435630522
47.5 0.0033 0.17407765595569785
48.5 0.0033 0.17407765595569785
49.5 0.003 0.18257418583505536
50.5 0.0021999999999999997 0.21320071635561047
51.5 0.0016 0.25
52.5 0.0007999999999999999 0.3535533905932738
53.5 0.0007999999999999999 0.3535533905932738
54.5 0.00030000000000000003 0.5773502691896257
55.5 0.00039999999999999996 0.5000000000000001
56.5 0.0 inf
57.5 0.0001 1.0
58.5 0.0002 0.7071067811865475
59.5 0.0001 1.0
60.5 0.0 inf
61.5 0.0002 0.7071067811865475
62.5 0.0 inf
63.5 0.0 inf
64.5 0.0 inf
65.5 0.0 inf
66.5 0.0 inf
67.5 0.0 inf
68.5 0.0 inf
69.5 0.0 inf
70.5 0.0 inf
71.5 0.0 inf
72.5 0.0 inf
73.5 0.0 inf
74.5 0.0 inf
75.5 0.0 inf
76.5 0.0 inf
77.5 0.0 inf
78.5 0.0 inf
79.5 0.0 inf
80.5 0.0 inf
81.5 0.0 inf
82.5 0.0 inf
83.5 0.0 inf
84.5 0.0 inf
85.5 0.0 inf
86.5 0.0 inf
87.5 0.0 inf
88.5 0.0 inf
89.5 0.0 inf
90.5 0.0 inf
91.5 0.0 inf
92.5 0.0 inf
93.5 0.0 inf
94.5 0.0 inf
95.5 0.0 inf
96.5 0.0 inf
97.5 0.0 inf
