0.5 42.3906 0.0015359080554811497
1.5 22.6723 0.002100159166593889
2.5 22.9743 0.0020863100787341495
3.5 21.1816 0.0021728043335871253
4.5 18.6233 0.002317243541263758
5.5 16.7333 0.0024446078462867084
6.5 14.6848 0.0026095521599471534
7.5 13.0902 0.002763928849382879
8.5 11.6714 0.002927106494599762
9.5 10.275 0.003119673075391651
10.5 9.1821 0.0033001143674451397
11.5 8.0292 0.003529099166305969
12.5 7.2292000000000005 0.0037192457896222833
13.5 6.312200000000001 0.003980243342003516
14.5 5.543100000000001 0.004247404699514732
15.5 4.8077000000000005 0.004560698051839569
16.5 4.27 0.004839339184958273
17.5 3.7 0.005198752449100363
18.5 3.1574 0.005627755196802746
19.5 2.7175000000000002 0.0060661790328737945
20.5 2.3105 0.006578804996238509
21.5 1.9969999999999999 0.00707637708640541
22.5 1.6572 0.007768059397419308
23.5 1.4094 0.00842331159532115
24.5 1.1721 0.00923671762470075
25.5 0.9634 0.010188181636032287
26.5 0.8068 0.0111331242304837
27.5 0.6506000000000001 0.012397752739056736
28.5 0.5590999999999999 0.01337381323121454
29.5 0.44989999999999997 0.014908776472757504
30.5 0.36729999999999996 0.01650021244160279
31.5 0.28490000000000004 0.018735003362699218
32.5 0.2236 0.021147746721890678
33.5 0.1864 0.023162052730603976
34.5 0.13879999999999998 0.02684140635475095
35.5 0.112 0.02988071523335984
36.5 0.0882 0.033671751485073696
37.5 0.0683 0.03826393658966905
38.5 0.0562 0.04218245406095978
39.5 0.045899999999999996 0.04667600280093366
40.5 0.0348 0.05360562674188974
41.5 0.0257 0.06237828615518053
42.5 0.0196 0.07142857142857142
43.5 0.013600000000000001 0.08574929257125441
44.5 0.0114 0.0936585811581694
45.5 0.0092 0.10425720702853739
46.5 0.0065 0.12403473458920847
47.5 0.0047 0.14586499149789456
48.5 0.0045000000000000005 0.14907119849998599
49.5 0.0028 0.1889822365046136
50.5 0.0016 0.25
51.5 0.0015999999999999999 0.25000000000000006
52.5 0.001 0.31622776601683794
53.5 0.0007 0.3779644730092272
54.5 0.0006000000000000001 0.40824829046386296
55.5 0.00030000000000000003 0.5773502691896257
56.5 0.00030000000000000003 0.5773502691896257
57.5 0.0001 1.0
58.5 0.00030000000000000003 0.5773502691896257
59.5 0.0001 1.0
60.5 0.0001 1.0
61.5 0.0 inf
62.5 0.0001 1.0
63.5 0.0 inf
64.5 0.0 inf
65.5 0.0 inf
66.5 0.0 inf
67.5 0.0 inf
68.5 0.0 inf
69.5 0.0 inf
70.5 0.0 inf
71.5 0.0 inf
72.5 0.0 inf
73.5 0.0 inf
74.5 0.0 inf
75.5 0.0 inf
76.5 0.0 inf
77.5 0.0 inf
78.5 0.0 inf
79.5 0.0 inf
80.5 0.0 inf
81.5 0.0 inf
82.5 0.0 inf
83.5 0.0 inf
84.5 0.0 inf
85.5 0.0 inf
86.5 0.0 inf
87.5 0.0 inf
88.5 0.0 inf
89.5 0.0 inf
90.5 0.0 inf
91.5 0.0 inf
92.5 0.0 inf
93.5 0.0 inf
94.5 0.0 inf
95.5 0.0 inf
96.5 0.0 inf
97.5 0.0 inf
