0.5 4526579.0 0.000470018495333179
1.5 973978.0 0.0010132705640217357
2.5 620681.0 0.0012693043675469546
3.5 369226.0 0.001645712100102593
4.5 226546.0 0.0021009794317788668
5.5 149197.0 0.0025889278936187736
6.5 100479.0 0.0031547311053744076
7.5 70599.0 0.003763576301792393
8.5 51190.0 0.0044198490293752375
9.5 37062.0 0.005194402204026047
10.5 27759.0 0.00600202902877556
11.5 20656.0 0.006957879249892209
12.5 15752.0 0.007967684860201742
13.5 12137.0 0.009077041562629454
14.5 9387.0 0.010321352037043876
15.5 7250.0 0.01174440439029407
16.5 5749.0 0.013188756366162716
17.5 4472.0 0.01495371511386448
18.5 3470.0 0.0169759959366261
19.5 2769.0 0.01900371558963217
20.5 2158.0 0.021526542445480877
21.5 1659.0 0.024551430807011814
22.5 1335.0 0.027369027575198667
23.5 1041.0 0.030993786368687184
24.5 755.0 0.03639372626234195
25.5 561.0 0.04222003309207491
26.5 455.0 0.04688072309384954
27.5 332.0 0.05488212999484517
28.5 283.0 0.0594438298277764
29.5 221.0 0.06726727939963124
30.5 159.0 0.07930515857181442
31.5 105.0 0.09759000729485333
32.5 84.0 0.1091089451179962
33.5 61.0 0.12803687993289598
34.5 57.0 0.13245323570650439
35.5 36.0 0.16666666666666666
36.5 35.0 0.1690308509457033
37.5 26.0 0.19611613513818404
38.5 20.0 0.22360679774997896
39.5 12.0 0.2886751345948129
40.5 7.0 0.3779644730092272
41.5 4.0 0.5
42.5 2.0 0.7071067811865475
43.5 3.0 0.5773502691896258
44.5 2.0 0.7071067811865475
45.5 1.0 1.0
46.5 0.0 inf
47.5 0.0 inf
48.5 0.0 inf
49.5 1.0 1.0
50.5 1.0 1.0
51.5 1.0 1.0
52.5 0.0 inf
53.5 1.0 1.0
54.5 0.0 inf
55.5 0.0 inf
56.5 0.0 inf
57.5 0.0 inf
58.5 0.0 inf
59.5 0.0 inf
60.5 0.0 inf
61.5 0.0 inf
62.5 0.0 inf
63.5 0.0 inf
64.5 0.0 inf
65.5 0.0 inf
66.5 0.0 inf
67.5 0.0 inf
68.5 0.0 inf
69.5 0.0 inf
70.5 0.0 inf
71.5 0.0 inf
72.5 0.0 inf
73.5 0.0 inf
74.5 0.0 inf
75.5 0.0 inf
76.5 0.0 inf
77.5 0.0 inf
78.5 0.0 inf
79.5 0.0 inf
80.5 0.0 inf
81.5 0.0 inf
82.5 0.0 inf
83.5 0.0 inf
84.5 0.0 inf
85.5 0.0 inf
86.5 0.0 inf
87.5 0.0 inf
88.5 0.0 inf
89.5 0.0 inf
90.5 0.0 inf
91.5 0.0 inf
92.5 0.0 inf
93.5 0.0 inf
94.5 0.0 inf
95.5 0.0 inf
96.5 0.0 inf
97.5 0.0 inf
