0.5 38.9486 0.001602337785700867
1.5 20.5551 0.0022056683076061966
2.5 20.8542 0.0021897938557211352
3.5 19.1802 0.0022833549815439763
4.5 16.8542 0.002435824130064568
5.5 15.2239 0.002562931735183553
6.5 13.273900000000001 0.002744736952246389
7.5 11.7695 0.0029148821006866094
8.5 10.5689 0.003075991320081508
9.5 9.264299999999999 0.003285441169625339
10.5 8.2594 0.0034795713821757475
11.5 7.3062000000000005 0.0036995953234001495
12.5 6.475300000000001 0.003929796422758796
13.5 5.691800000000001 0.004191555146295029
14.5 4.9918 0.004475807623252345
15.5 4.374499999999999 0.004781187655867235
16.5 3.8182 0.005117650972322828
17.5 3.3141 0.005493096083580414
18.5 2.8600000000000003 0.005913123959890826
19.5 2.4479 0.0063915054538491636
20.5 2.134 0.006845462448856663
21.5 1.7711000000000001 0.0075141257448519
22.5 1.4956 0.008176967502653355
23.5 1.2545000000000002 0.008928215559724615
24.5 1.0545 0.009738155563505966
25.5 0.8637 0.01076015531750688
26.5 0.7251000000000001 0.011743594515149825
27.5 0.5882000000000001 0.013038795980152337
28.5 0.4999 0.014143550049460722
29.5 0.3977 0.01585704302280871
30.5 0.3236 0.017579063848365748
31.5 0.2577 0.0196989369755484
32.5 0.2098 0.021832187779978623
33.5 0.16799999999999998 0.024397501823713332
34.5 0.1287 0.027874733666903025
35.5 0.1015 0.03138824102871722
36.5 0.0805 0.035245368842512066
37.5 0.0648 0.039283710065919304
38.5 0.051500000000000004 0.044065264923923174
39.5 0.0354 0.05314940034527339
40.5 0.0287 0.059028133610095526
41.5 0.0245 0.06388765649999399
42.5 0.0159 0.07930515857181442
43.5 0.012400000000000001 0.08980265101338744
44.5 0.009899999999999999 0.10050378152592121
45.5 0.0079 0.11250879009260237
46.5 0.0076 0.11470786693528087
47.5 0.0048000000000000004 0.14433756729740643
48.5 0.004 0.15811388300841897
49.5 0.0033 0.17407765595569785
50.5 0.0015 0.2581988897471611
51.5 0.0019 0.22941573387056174
52.5 0.0007999999999999999 0.3535533905932738
53.5 0.0006000000000000001 0.40824829046386296
54.5 0.0002 0.7071067811865475
55.5 0.0001 1.0
56.5 0.0006000000000000001 0.40824829046386296
57.5 0.00030000000000000003 0.5773502691896257
58.5 0.0002 0.7071067811865475
59.5 0.0001 1.0
60.5 0.0 inf
61.5 0.0 inf
62.5 0.0002 0.7071067811865475
63.5 0.0 inf
64.5 0.0 inf
65.5 0.0 inf
66.5 0.0 inf
67.5 0.0 inf
68.5 0.0 inf
69.5 0.0 inf
70.5 0.0 inf
71.5 0.0 inf
72.5 0.0 inf
73.5 0.0 inf
74.5 0.0 inf
75.5 0.0 inf
76.5 0.0 inf
77.5 0.0 inf
78.5 0.0 inf
79.5 0.0 inf
80.5 0.0 inf
81.5 0.0 inf
82.5 0.0 inf
83.5 0.0 inf
84.5 0.0 inf
85.5 0.0 inf
86.5 0.0 inf
87.5 0.0 inf
88.5 0.0 inf
89.5 0.0 inf
90.5 0.0 inf
91.5 0.0 inf
92.5 0.0 inf
93.5 0.0 inf
94.5 0.0 inf
95.5 0.0 inf
96.5 0.0 inf
97.5 0.0 inf
