0.5 9533070.0 0.00032387961100899785
1.5 1474199.0 0.0008236106311872671
2.5 858616.0 0.001079196458371051
3.5 477873.0 0.001446584319883517
4.5 279480.0 0.001891579648122833
5.5 178184.0 0.002369003203339869
6.5 116907.0 0.002924689338632379
7.5 80620.0 0.003521912833595165
8.5 57783.0 0.004160063473068674
9.5 41560.0 0.004905262244782293
10.5 30879.0 0.005690735313555803
11.5 22749.0 0.006630081158988698
12.5 17255.0 0.007612766656691003
13.5 13263.0 0.008683186223314904
14.5 10217.0 0.009893234499974651
15.5 7775.0 0.011340959542474853
16.5 6157.0 0.01274428347965383
17.5 4803.0 0.014429248293981827
18.5 3671.0 0.01650470657553921
19.5 2788.0 0.018938850476964256
20.5 2210.0 0.02127178149057585
21.5 1759.0 0.023843339369540383
22.5 1346.0 0.027256963340035873
23.5 1033.0 0.031113569564352756
24.5 831.0 0.03468961565679801
25.5 604.0 0.04068942293855797
26.5 502.0 0.04463218426774518
27.5 348.0 0.05360562674188974
28.5 280.0 0.05976143046671968
29.5 223.0 0.06696495301824251
30.5 158.0 0.079555728417573
31.5 133.0 0.086710996952412
32.5 111.0 0.0949157995752499
33.5 95.0 0.10259783520851541
34.5 46.0 0.14744195615489714
35.5 33.0 0.17407765595569785
36.5 39.0 0.16012815380508713
37.5 21.0 0.2182178902359924
38.5 15.0 0.2581988897471611
39.5 14.0 0.2672612419124244
40.5 6.0 0.4082482904638631
41.5 3.0 0.5773502691896258
42.5 4.0 0.5
43.5 1.0 1.0
44.5 4.0 0.5
45.5 1.0 1.0
46.5 0.0 inf
47.5 1.0 1.0
48.5 1.0 1.0
49.5 0.0 inf
50.5 0.0 inf
51.5 0.0 inf
52.5 0.0 inf
53.5 0.0 inf
54.5 0.0 inf
55.5 0.0 inf
56.5 0.0 inf
57.5 0.0 inf
58.5 0.0 inf
59.5 0.0 inf
60.5 0.0 inf
61.5 0.0 inf
62.5 0.0 inf
63.5 0.0 inf
64.5 0.0 inf
65.5 0.0 inf
66.5 0.0 inf
67.5 0.0 inf
68.5 0.0 inf
69.5 0.0 inf
70.5 0.0 inf
71.5 0.0 inf
72.5 0.0 inf
73.5 0.0 inf
74.5 0.0 inf
75.5 0.0 inf
76.5 0.0 inf
77.5 0.0 inf
78.5 0.0 inf
79.5 0.0 inf
80.5 0.0 inf
81.5 0.0 inf
82.5 0.0 inf
83.5 0.0 inf
84.5 0.0 inf
85.5 0.0 inf
86.5 0.0 inf
87.5 0.0 inf
88.5 0.0 inf
89.5 0.0 inf
90.5 0.0 inf
91.5 0.0 inf
92.5 0.0 inf
93.5 0.0 inf
94.5 0.0 inf
95.5 0.0 inf
96.5 0.0 inf
97.5 0.0 inf
