0.5 16617082.0 0.0002453141607219994
1.5 1899362.0 0.0007255980844379814
2.5 1042874.0 0.0009792285789057427
3.5 551776.0 0.0013462279305577287
4.5 315040.0 0.0017816284970707007
5.5 196837.0 0.0022539622150158515
6.5 127148.0 0.0028044340624349133
7.5 86782.0 0.0033945731566310143
8.5 61762.0 0.004023827222757417
9.5 43847.0 0.0047756232490562996
10.5 32778.0 0.005523428983933594
11.5 23696.0 0.006496246254184287
12.5 18178.0 0.007416977310603657
13.5 13934.0 0.008471534755002206
14.5 10586.0 0.009719279136136015
15.5 8033.0 0.01115735153230757
16.5 6427.0 0.012473715947708236
17.5 4968.0 0.014187608845979145
18.5 3819.0 0.01618173820945837
19.5 2823.0 0.018821080876776804
20.5 2307.0 0.02081978319639849
21.5 1815.0 0.02347262634065101
22.5 1396.0 0.02676438637860946
23.5 1081.0 0.030414953233623677
24.5 810.0 0.03513641844631533
25.5 630.0 0.03984095364447979
26.5 480.0 0.04564354645876384
27.5 358.0 0.05285164225816899
28.5 303.0 0.0574484989621426
29.5 228.0 0.06622661785325219
30.5 161.0 0.07881104062391006
31.5 127.0 0.08873565094161139
32.5 92.0 0.10425720702853739
33.5 71.0 0.11867816581938533
34.5 60.0 0.12909944487358055
35.5 43.0 0.15249857033260467
36.5 31.0 0.1796053020267749
37.5 24.0 0.20412414523193154
38.5 22.0 0.21320071635561041
39.5 18.0 0.23570226039551587
40.5 13.0 0.2773500981126146
41.5 8.0 0.35355339059327373
42.5 2.0 0.7071067811865475
43.5 3.0 0.5773502691896258
44.5 0.0 inf
45.5 1.0 1.0
46.5 1.0 1.0
47.5 1.0 1.0
48.5 0.0 inf
49.5 2.0 0.7071067811865475
50.5 0.0 inf
51.5 0.0 inf
52.5 0.0 inf
53.5 1.0 1.0
54.5 0.0 inf
55.5 0.0 inf
56.5 0.0 inf
57.5 0.0 inf
58.5 0.0 inf
59.5 0.0 inf
60.5 0.0 inf
61.5 0.0 inf
62.5 0.0 inf
63.5 0.0 inf
64.5 0.0 inf
65.5 0.0 inf
66.5 0.0 inf
67.5 0.0 inf
68.5 0.0 inf
69.5 0.0 inf
70.5 0.0 inf
71.5 0.0 inf
72.5 0.0 inf
73.5 0.0 inf
74.5 0.0 inf
75.5 0.0 inf
76.5 0.0 inf
77.5 0.0 inf
78.5 0.0 inf
79.5 0.0 inf
80.5 0.0 inf
81.5 0.0 inf
82.5 0.0 inf
83.5 0.0 inf
84.5 0.0 inf
85.5 0.0 inf
86.5 0.0 inf
87.5 0.0 inf
88.5 0.0 inf
89.5 0.0 inf
90.5 0.0 inf
91.5 0.0 inf
92.5 0.0 inf
93.5 0.0 inf
94.5 0.0 inf
95.5 0.0 inf
96.5 0.0 inf
97.5 0.0 inf
