0.5 39.700900000000004 0.0015870836731609105
1.5 20.9669 0.002183900702843249
2.5 21.335 0.0021649789416228727
3.5 19.567 0.0022606736771421552
4.5 17.2726 0.0024061413806766713
5.5 15.5098 0.0025391999520209033
6.5 13.5898 0.0027126481565965576
7.5 12.1137 0.002873171785363357
8.5 10.812100000000001 0.0030411999390083707
9.5 9.433 0.003255930175893465
10.5 8.499600000000001 0.0034300524109152452
11.5 7.381399999999999 0.003680701767663227
12.5 6.6567 0.0038758816513885554
13.5 5.8209 0.00414481289861282
14.5 5.1576 0.004403278669022834
15.5 4.4552 0.004737687352589748
16.5 3.9322 0.0050429214158147564
17.5 3.3872 0.0054334988523038925
18.5 2.8787000000000003 0.005893886877557586
19.5 2.4951999999999996 0.006330635650522004
20.5 2.1494999999999997 0.006820736549722211
21.5 1.8138 0.007425151191539705
22.5 1.5375999999999999 0.00806451612903226
23.5 1.2879999999999998 0.008811342210628018
24.5 1.1001 0.009534192529917124
25.5 0.8956 0.010566787105244287
26.5 0.7348 0.011665824165343952
27.5 0.6159 0.012742214098544197
28.5 0.5133000000000001 0.013957716335942309
29.5 0.4175 0.015476464650682737
30.5 0.3166 0.017772337203582057
31.5 0.2782 0.01895926239286929
32.5 0.2069 0.021984660059051055
33.5 0.16849999999999998 0.024361276856704802
34.5 0.1306 0.027671226645624276
35.5 0.1085 0.030358837035945812
36.5 0.0824 0.034836650714580884
37.5 0.0644 0.03940552031195503
38.5 0.053 0.04343722427630694
39.5 0.0402 0.049875466805381644
40.5 0.028499999999999998 0.05923488777590923
41.5 0.0231 0.0657951694959769
42.5 0.0179 0.07474350927519359
43.5 0.0121 0.09090909090909091
44.5 0.0089 0.105999788000636
45.5 0.007299999999999999 0.11704114719613057
46.5 0.0054 0.13608276348795434
47.5 0.0049 0.14285714285714285
48.5 0.0025 0.2
49.5 0.0021000000000000003 0.21821789023599233
50.5 0.0015999999999999999 0.25000000000000006
51.5 0.0006000000000000001 0.40824829046386296
52.5 0.0015 0.2581988897471611
53.5 0.001 0.31622776601683794
54.5 0.0006000000000000001 0.40824829046386296
55.5 0.0004 0.5
56.5 0.0002 0.7071067811865475
57.5 0.0 inf
58.5 0.0003 0.5773502691896258
59.5 0.0002 0.7071067811865475
60.5 0.0001 1.0
61.5 0.0001 1.0
62.5 0.0 inf
63.5 0.0 inf
64.5 0.0 inf
65.5 0.0 inf
66.5 0.0 inf
67.5 0.0 inf
68.5 0.0 inf
69.5 0.0 inf
70.5 0.0 inf
71.5 0.0 inf
72.5 0.0 inf
73.5 0.0 inf
74.5 0.0 inf
75.5 0.0 inf
76.5 0.0 inf
77.5 0.0 inf
78.5 0.0 inf
79.5 0.0 inf
80.5 0.0 inf
81.5 0.0 inf
82.5 0.0 inf
83.5 0.0 inf
84.5 0.0 inf
85.5 0.0 inf
86.5 0.0 inf
87.5 0.0 inf
88.5 0.0 inf
89.5 0.0 inf
90.5 0.0 inf
91.5 0.0 inf
92.5 0.0 inf
93.5 0.0 inf
94.5 0.0 inf
95.5 0.0 inf
96.5 0.0 inf
97.5 0.0 inf
