0.5 44.2178 0.0015038393151969097
1.5 23.6559 0.0020560338579916643
2.5 24.02 0.002040391466251931
3.5 22.155 0.002124536138255438
4.5 19.5627 0.0022609221183770667
5.5 17.5196 0.00238911968604893
6.5 15.433900000000001 0.0025454358649689753
7.5 13.6875 0.0027029495135979438
8.5 12.2774 0.0028539528722319805
9.5 10.7031 0.0030566464494116378
10.5 9.6345 0.003221702317214977
11.5 8.4581 0.003438456957687124
12.5 7.5899 0.0036297939549680327
13.5 6.6037 0.0038914041012764566
14.5 5.8049 0.004150521125454528
15.5 5.085100000000001 0.004434557097501393
16.5 4.4734 0.0047280399042199965
17.5 3.8602 0.0050897341289037204
18.5 3.2818 0.0055200618603678505
19.5 2.8272 0.005947325850872581
20.5 2.4214 0.006426384862445161
21.5 2.097 0.006905589920542014
22.5 1.7318 0.007598907051808849
23.5 1.4884 0.00819672131147541
24.5 1.2438 0.00896653656316503
25.5 1.0234999999999999 0.0098845311983047
26.5 0.859 0.010789552140380451
27.5 0.6839 0.012092154796920806
28.5 0.5942000000000001 0.01297279861366662
29.5 0.4727 0.014544781414122356
30.5 0.3771 0.016284398958201052
31.5 0.3008 0.01823312393723682
32.5 0.2397 0.02042518425514167
33.5 0.1861 0.023180714250535188
34.5 0.1486 0.025941231853830935
35.5 0.1236 0.028444006199428714
36.5 0.0953 0.03239317741958685
37.5 0.07899999999999999 0.03557840334824101
38.5 0.0625 0.04
39.5 0.0434 0.04800153607373193
40.5 0.0345 0.05383819020581654
41.5 0.0279 0.05986843400892496
42.5 0.0175 0.07559289460184544
43.5 0.0149 0.08192319205190406
44.5 0.010599999999999998 0.09712858623572643
45.5 0.0081 0.1111111111111111
46.5 0.0068000000000000005 0.12126781251816648
47.5 0.0058 0.13130643285972257
48.5 0.0036 0.16666666666666666
49.5 0.0031999999999999997 0.1767766952966369
50.5 0.0016 0.25
51.5 0.0017000000000000001 0.24253562503633297
52.5 0.0011 0.30151134457776363
53.5 0.00030000000000000003 0.5773502691896257
54.5 0.00030000000000000003 0.5773502691896257
55.5 0.0006000000000000001 0.40824829046386296
56.5 0.0 inf
57.5 0.0001 1.0
58.5 0.0001 1.0
59.5 0.0 inf
60.5 0.0001 1.0
61.5 0.0 inf
62.5 0.0 inf
63.5 0.0 inf
64.5 0.0 inf
65.5 0.0 inf
66.5 0.0 inf
67.5 0.0 inf
68.5 0.0 inf
69.5 0.0 inf
70.5 0.0 inf
71.5 0.0 inf
72.5 0.0 inf
73.5 0.0 inf
74.5 0.0 inf
75.5 0.0 inf
76.5 0.0 inf
77.5 0.0 inf
78.5 0.0 inf
79.5 0.0 inf
80.5 0.0 inf
81.5 0.0 inf
82.5 0.0 inf
83.5 0.0 inf
84.5 0.0 inf
85.5 0.0 inf
86.5 0.0 inf
87.5 0.0 inf
88.5 0.0 inf
89.5 0.0 inf
90.5 0.0 inf
91.5 0.0 inf
92.5 0.0 inf
93.5 0.0 inf
94.5 0.0 inf
95.5 0.0 inf
96.5 0.0 inf
97.5 0.0 inf
