0.5 40.7901 0.0015657507016390284
1.5 21.6912 0.002147129360487865
2.5 21.9655 0.0021336808196964546
3.5 20.2626 0.0022215311866640754
4.5 17.8452 0.002367223645226539
5.5 15.9709 0.002502276543318453
6.5 14.034 0.0026693730032158955
7.5 12.5287 0.002825185671123363
8.5 11.175999999999998 0.002991278183021033
9.5 9.766 0.0031999385617694155
10.5 8.7806 0.0033747212279026826
11.5 7.7084 0.00360178577586982
12.5 6.889 0.003809973084540216
13.5 6.024900000000001 0.004074038028218059
14.5 5.2508 0.004364025320218187
15.5 4.5989 0.0046630816169041306
16.5 4.0785 0.004951648027976453
17.5 3.5096999999999996 0.005337833244242451
18.5 3.0378 0.005737469780646952
19.5 2.577 0.006229350832684156
20.5 2.2363 0.006687056122199926
21.5 1.8981 0.007258392605155703
22.5 1.6028 0.007898785734014705
23.5 1.3074 0.008745723839833802
24.5 1.1151 0.009469849828785602
25.5 0.9318 0.01035949647440755
26.5 0.7724 0.011378338965675729
27.5 0.6305000000000001 0.012593819210851906
28.5 0.5361 0.01365768513932884
29.5 0.4299 0.015251630581796237
30.5 0.3389 0.0171776684306024
31.5 0.274 0.019104017997521754
32.5 0.2255 0.021058465757133063
33.5 0.1763 0.023816275411477045
34.5 0.1366 0.027056689037447044
35.5 0.1062 0.030685820596610777
36.5 0.0853 0.034239347869895034
37.5 0.0691 0.03804179284542668
38.5 0.053599999999999995 0.04319342127906801
39.5 0.0401 0.04993761694389224
40.5 0.0293 0.0584206237836986
41.5 0.0225 0.06666666666666667
42.5 0.02 0.07071067811865475
43.5 0.0136 0.08574929257125441
44.5 0.010499999999999999 0.09759000729485333
45.5 0.0074 0.11624763874381928
46.5 0.006500000000000001 0.12403473458920847
47.5 0.0048000000000000004 0.14433756729740643
48.5 0.0045000000000000005 0.14907119849998599
49.5 0.0037999999999999996 0.16222142113076254
50.5 0.0017 0.24253562503633297
51.5 0.0013 0.2773500981126146
52.5 0.0007 0.3779644730092272
53.5 0.0007999999999999999 0.3535533905932738
54.5 0.0009 0.3333333333333333
55.5 0.0005 0.4472135954999579
56.5 0.0002 0.7071067811865475
57.5 0.0001 1.0
58.5 0.0 inf
59.5 0.0001 1.0
60.5 0.0002 0.7071067811865475
61.5 0.0 inf
62.5 0.0 inf
63.5 0.0 inf
64.5 0.0 inf
65.5 0.0 inf
66.5 0.0 inf
67.5 0.0 inf
68.5 0.0 inf
69.5 0.0 inf
70.5 0.0 inf
71.5 0.0 inf
72.5 0.0 inf
73.5 0.0 inf
74.5 0.0 inf
75.5 0.0 inf
76.5 0.0 inf
77.5 0.0 inf
78.5 0.0 inf
79.5 0.0 inf
80.5 0.0 inf
81.5 0.0 inf
82.5 0.0 inf
83.5 0.0 inf
84.5 0.0 inf
85.5 0.0 inf
86.5 0.0 inf
87.5 0.0 inf
88.5 0.0 inf
89.5 0.0 inf
90.5 0.0 inf
91.5 0.0 inf
92.5 0.0 inf
93.5 0.0 inf
94.5 0.0 inf
95.5 0.0 inf
96.5 0.0 inf
97.5 0.0 inf
