0.5 38.7785 0.0016058482286121474
1.5 20.474 0.0022100324501447
2.5 20.7702 0.002194217430871858
3.5 19.0456 0.0022914092953890304
4.5 16.8235 0.002438045597559715
5.5 15.132 0.0025707025816206234
6.5 13.1999 0.0027524198386683694
7.5 11.7386 0.002918716061344154
8.5 10.5518 0.003078482750854626
9.5 9.1891 0.0032988571604479957
10.5 8.266300000000001 0.0034781188547570235
11.5 7.2014 0.003726417689500585
12.5 6.4492 0.003937740363316145
13.5 5.6937999999999995 0.004190818920348983
14.5 4.9627 0.004488910936700158
15.5 4.3147 0.004814206308537481
16.5 3.815 0.005119796850491379
17.5 3.3255999999999997 0.00548359023336775
18.5 2.8146 0.0059606230559594055
19.5 2.4223999999999997 0.00642505827554284
20.5 2.0527 0.006979708077022565
21.5 1.7713999999999999 0.0075134894308701355
22.5 1.5097999999999998 0.008138423574008024
23.5 1.2616 0.008903057122447032
24.5 1.0659 0.009685939875857768
25.5 0.8618 0.010772010178951194
26.5 0.7153 0.011823767669220673
27.5 0.5822 0.013105810963198412
28.5 0.49949999999999994 0.014149211999266964
29.5 0.41059999999999997 0.015605961367365603
30.5 0.3188 0.017710908674395363
31.5 0.2519 0.01992443047452101
32.5 0.2074 0.02195814375455294
33.5 0.1592 0.025062735355854276
34.5 0.1291 0.027831516999568835
35.5 0.1005 0.031544014893825585
36.5 0.0807 0.03520166719043815
37.5 0.0643 0.03943615033625495
38.5 0.0466 0.04632410546120795
39.5 0.042800000000000005 0.04833682445228318
40.5 0.0262 0.06178020632152154
41.5 0.0207 0.06950480468569159
42.5 0.0171 0.07647191129018725
43.5 0.014100000000000001 0.0842151921066519
44.5 0.01 0.1
45.5 0.0074 0.11624763874381928
46.5 0.0064 0.125
47.5 0.0037999999999999996 0.16222142113076254
48.5 0.0041 0.15617376188860607
49.5 0.0029 0.18569533817705186
50.5 0.0021 0.2182178902359924
51.5 0.0013 0.2773500981126146
52.5 0.0007999999999999999 0.3535533905932738
53.5 0.0003 0.5773502691896258
54.5 0.0004 0.5
55.5 0.00039999999999999996 0.5000000000000001
56.5 0.0002 0.7071067811865475
57.5 0.0001 1.0
58.5 0.0002 0.7071067811865475
59.5 0.0002 0.7071067811865475
60.5 0.0 inf
61.5 0.0 inf
62.5 0.0001 1.0
63.5 0.0 inf
64.5 0.0 inf
65.5 0.0 inf
66.5 0.0 inf
67.5 0.0 inf
68.5 0.0 inf
69.5 0.0 inf
70.5 0.0 inf
71.5 0.0 inf
72.5 0.0 inf
73.5 0.0 inf
74.5 0.0 inf
75.5 0.0 inf
76.5 0.0 inf
77.5 0.0 inf
78.5 0.0 inf
79.5 0.0 inf
80.5 0.0 inf
81.5 0.0 inf
82.5 0.0 inf
83.5 0.0 inf
84.5 0.0 inf
85.5 0.0 inf
86.5 0.0 inf
87.5 0.0 inf
88.5 0.0 inf
89.5 0.0 inf
90.5 0.0 inf
91.5 0.0 inf
92.5 0.0 inf
93.5 0.0 inf
94.5 0.0 inf
95.5 0.0 inf
96.5 0.0 inf
97.5 0.0 inf
