0.5 64.8583 0.001241701539007519
1.5 35.4322 0.0016799677341775624
2.5 36.056200000000004 0.0016653672619293537
3.5 33.348200000000006 0.0017316646893905207
4.5 29.3343 0.0018463419422608978
5.5 26.5009 0.0019425387384877178
6.5 23.189100000000003 0.0020766248814834683
7.5 20.6785 0.0021990772408823837
8.5 18.6327 0.002316658955101005
9.5 16.258300000000002 0.0024800614031123733
10.5 14.5525 0.0026213873300412263
11.5 12.8709 0.0027873759076980278
12.5 11.4129 0.0029600700858171216
13.5 10.0965 0.003147129219553579
14.5 8.836300000000001 0.0033640680624328267
15.5 7.7066 0.0036022063787216675
16.5 6.7841000000000005 0.0038393161834696012
17.5 5.8937 0.004119134634350744
18.5 5.0184999999999995 0.004463885391749491
19.5 4.3007 0.00482203574639462
20.5 3.7367999999999997 0.00517309046036834
21.5 3.151 0.0056334675679459364
22.5 2.691 0.006095974632995459
23.5 2.2573 0.006655878096951835
24.5 1.8697 0.007313310894017202
25.5 1.5350000000000001 0.008071343122712616
26.5 1.2968000000000002 0.008781394722693866
27.5 1.0316 0.009845648643345965
28.5 0.8782 0.01067095488083316
29.5 0.7275 0.011724207635210985
30.5 0.5782 0.013151065969976047
31.5 0.4613 0.014723405481714223
32.5 0.3674 0.016497966750889208
33.5 0.2899 0.018572736289716184
34.5 0.2163 0.021501647626876532
35.5 0.1814 0.023479095302146476
36.5 0.1431 0.02643505285727147
37.5 0.1168 0.029260286799032642
38.5 0.0902 0.03329635791060134
39.5 0.0682 0.03829197905337418
40.5 0.057499999999999996 0.04170288281141495
41.5 0.040499999999999994 0.04969039949999533
42.5 0.031 0.05679618342470648
43.5 0.0216 0.06804138174397717
44.5 0.0171 0.07647191129018725
45.5 0.0128 0.08838834764831843
46.5 0.01 0.1
47.5 0.0085 0.10846522890932808
48.5 0.0066 0.12309149097933272
49.5 0.0047 0.14586499149789456
50.5 0.0025 0.2
51.5 0.0023 0.20851441405707477
52.5 0.0016 0.25
53.5 0.0017 0.24253562503633297
54.5 0.0007 0.3779644730092272
55.5 0.0007 0.3779644730092272
56.5 0.0007999999999999999 0.3535533905932738
57.5 0.0005 0.4472135954999579
58.5 0.0 inf
59.5 0.0001 1.0
60.5 0.0002 0.7071067811865475
61.5 0.0001 1.0
62.5 0.0001 1.0
63.5 0.0 inf
64.5 0.0001 1.0
65.5 0.0 inf
66.5 0.0 inf
67.5 0.0 inf
68.5 0.0 inf
69.5 0.0 inf
70.5 0.0 inf
71.5 0.0 inf
72.5 0.0 inf
73.5 0.0 inf
74.5 0.0 inf
75.5 0.0 inf
76.5 0.0 inf
77.5 0.0 inf
78.5 0.0 inf
79.5 0.0 inf
80.5 0.0 inf
81.5 0.0 inf
82.5 0.0 inf
83.5 0.0 inf
84.5 0.0 inf
85.5 0.0 inf
86.5 0.0 inf
87.5 0.0 inf
88.5 0.0 inf
89.5 0.0 inf
90.5 0.0 inf
91.5 0.0 inf
92.5 0.0 inf
93.5 0.0 inf
94.5 0.0 inf
95.5 0.0 inf
96.5 0.0 inf
97.5 0.0 inf
