0.5 38.975 0.0016017950161907489
1.5 20.5973 0.002203407649002044
2.5 20.842799999999997 0.002190392629336297
3.5 19.148200000000003 0.002285262128372352
4.5 16.8667 0.002434921361740782
5.5 15.199 0.00256503025759601
6.5 13.2991 0.002742135266117795
7.5 11.814900000000002 0.002909276339290663
8.5 10.580300000000001 0.003074333722853661
9.5 9.2717 0.0032841298072179784
10.5 8.2957 0.003471950149597668
11.5 7.2995 0.0037012928097616645
12.5 6.4837 0.003927249960973322
13.5 5.6696 0.004199753397720516
14.5 5.011 0.0044672247075233954
15.5 4.3938 0.0047706752886968245
16.5 3.8094 0.005123558641484205
17.5 3.3421 0.005470037199387965
18.5 2.8603 0.00591281385540793
19.5 2.4298 0.006415266999185389
20.5 2.1264000000000003 0.006857684775605035
21.5 1.7851 0.007484602235863735
22.5 1.5044 0.008153016807477778
23.5 1.2621 0.008901293407395268
24.5 1.0671 0.009680492215204194
25.5 0.8635999999999999 0.010760778282064792
26.5 0.7283 0.01171776664714886
27.5 0.5886 0.013034364783429585
28.5 0.49339999999999995 0.014236408049319776
29.5 0.3989 0.015833173902871023
30.5 0.3236 0.017579063848365748
31.5 0.26480000000000004 0.01943305185841179
32.5 0.20340000000000003 0.02217300350792464
33.5 0.1617 0.02486823656509969
34.5 0.1255 0.028227871846881837
35.5 0.1033 0.031113569564352756
36.5 0.0801 0.03533326266687867
37.5 0.0619 0.04019339355290704
38.5 0.0455 0.04688072309384954
39.5 0.0366 0.05227083734893167
40.5 0.027299999999999998 0.060522753266880246
41.5 0.0254 0.06274558051381586
42.5 0.0184 0.07372097807744857
43.5 0.0126 0.0890870806374748
44.5 0.0088 0.10660035817780521
45.5 0.006 0.12909944487358055
46.5 0.004999999999999999 0.14142135623730953
47.5 0.0024 0.20412414523193154
48.5 0.0033 0.17407765595569785
49.5 0.0028 0.1889822365046136
50.5 0.0016 0.25
51.5 0.0013 0.2773500981126146
52.5 0.0012000000000000001 0.28867513459481287
53.5 0.0001 1.0
54.5 0.0006000000000000001 0.40824829046386296
55.5 0.0001 1.0
56.5 0.0001 1.0
57.5 0.0002 0.7071067811865475
58.5 0.0002 0.7071067811865475
59.5 0.0002 0.7071067811865475
60.5 0.0001 1.0
61.5 0.0 inf
62.5 0.0 inf
63.5 0.0 inf
64.5 0.0 inf
65.5 0.0 inf
66.5 0.0 inf
67.5 0.0001 1.0
68.5 0.0 inf
69.5 0.0 inf
70.5 0.0 inf
71.5 0.0 inf
72.5 0.0 inf
73.5 0.0 inf
74.5 0.0 inf
75.5 0.0 inf
76.5 0.0 inf
77.5 0.0 inf
78.5 0.0 inf
79.5 0.0 inf
80.5 0.0 inf
81.5 0.0 inf
82.5 0.0 inf
83.5 0.0 inf
84.5 0.0 inf
85.5 0.0 inf
86.5 0.0 inf
87.5 0.0 inf
88.5 0.0 inf
89.5 0.0 inf
90.5 0.0 inf
91.5 0.0 inf
92.5 0.0 inf
93.5 0.0 inf
94.5 0.0 inf
95.5 0.0 inf
96.5 0.0 inf
97.5 0.0 inf
