0.5 28649350.0 0.00018682827909124455
1.5 4656905.0 0.00046339496508771976
2.5 2745206.0 0.0006035489938790483
3.5 1542277.0 0.0008052278904326937
4.5 905726.0 0.0010507552837777999
5.5 581047.0 0.0013118807769906674
6.5 382118.0 0.0016177121674508742
7.5 262250.0 0.0019527302389428967
8.5 188968.0 0.0023004132833666707
9.5 135493.0 0.002716699298571736
10.5 101224.0 0.0031431003897528964
11.5 74829.0 0.0036556535398921254
12.5 57337.0 0.0041762118084011654
13.5 43866.0 0.004774588886802643
14.5 33795.0 0.005439685290671471
15.5 25579.0 0.006252565054780297
16.5 20162.0 0.007042602795945134
17.5 15339.0 0.008074236690174022
18.5 11944.0 0.009150084455669292
19.5 9613.0 0.010199303819281134
20.5 7348.0 0.011665824165343952
21.5 5834.0 0.013092325302659108
22.5 4454.0 0.014983900955063837
23.5 3571.0 0.01673420461308167
24.5 2672.0 0.01934558081335342
25.5 2015.0 0.022277295967705647
26.5 1678.0 0.0244120371254637
27.5 1250.0 0.0282842712474619
28.5 1007.0 0.031512674583162724
29.5 717.0 0.03734568434866355
30.5 531.0 0.04339630366027462
31.5 463.0 0.04647394123401731
32.5 294.0 0.05832118435198043
33.5 243.0 0.06415002990995841
34.5 175.0 0.07559289460184544
35.5 160.0 0.07905694150420949
36.5 101.0 0.09950371902099892
37.5 71.0 0.11867816581938533
38.5 61.0 0.12803687993289598
39.5 41.0 0.15617376188860607
40.5 36.0 0.16666666666666666
41.5 31.0 0.1796053020267749
42.5 16.0 0.25
43.5 6.0 0.4082482904638631
44.5 4.0 0.5
45.5 3.0 0.5773502691896258
46.5 7.0 0.3779644730092272
47.5 3.0 0.5773502691896258
48.5 1.0 1.0
49.5 2.0 0.7071067811865475
50.5 0.0 inf
51.5 0.0 inf
52.5 0.0 inf
53.5 0.0 inf
54.5 1.0 1.0
55.5 0.0 inf
56.5 0.0 inf
57.5 0.0 inf
58.5 0.0 inf
59.5 0.0 inf
60.5 0.0 inf
61.5 0.0 inf
62.5 0.0 inf
63.5 0.0 inf
64.5 0.0 inf
65.5 0.0 inf
66.5 0.0 inf
67.5 0.0 inf
68.5 0.0 inf
69.5 0.0 inf
70.5 0.0 inf
71.5 0.0 inf
72.5 0.0 inf
73.5 0.0 inf
74.5 0.0 inf
75.5 0.0 inf
76.5 0.0 inf
77.5 0.0 inf
78.5 0.0 inf
79.5 0.0 inf
80.5 0.0 inf
81.5 0.0 inf
82.5 0.0 inf
83.5 0.0 inf
84.5 0.0 inf
85.5 0.0 inf
86.5 0.0 inf
87.5 0.0 inf
88.5 0.0 inf
89.5 0.0 inf
90.5 0.0 inf
91.5 0.0 inf
92.5 0.0 inf
93.5 0.0 inf
94.5 0.0 inf
95.5 0.0 inf
96.5 0.0 inf
97.5 0.0 inf
