0.5 9237021.0 0.0003290288916402656
1.5 2366662.0 0.000650027725898881
2.5 1600795.0 0.0007903730811150816
3.5 1000255.0 0.0009998725243791945
4.5 632712.0 0.0012571785553630549
5.5 427026.0 0.001530286830637485
6.5 292219.0 0.0018498894469729966
7.5 206896.0 0.002198487257697118
8.5 152920.0 0.002557218604123519
9.5 111944.0 0.002988818821465296
10.5 84799.0 0.0034340343466209436
11.5 63335.0 0.003973544788055044
12.5 49141.0 0.004511053783221759
13.5 37481.0 0.005165286499980192
14.5 29539.0 0.005818380319699784
15.5 22515.0 0.006664445554938631
16.5 18106.0 0.007431709789432336
17.5 13887.0 0.008485858432232601
18.5 10829.0 0.009609611342804464
19.5 8481.0 0.010858665836427587
20.5 6864.0 0.01207011373963169
21.5 5258.0 0.013790807904361583
22.5 3984.0 0.015843106263111948
23.5 3222.0 0.01761721408605633
24.5 2498.0 0.020008004803202244
25.5 1931.0 0.022756677931351457
26.5 1473.0 0.026055452902098424
27.5 1166.0 0.029285370632871136
28.5 940.0 0.03261640365267211
29.5 739.0 0.036785594638885484
30.5 538.0 0.04311306135592269
31.5 390.0 0.05063696835418333
32.5 293.0 0.0584206237836986
33.5 239.0 0.06468462273531508
34.5 193.0 0.07198157507486945
35.5 148.0 0.08219949365267865
36.5 92.0 0.10425720702853739
37.5 78.0 0.11322770341445956
38.5 50.0 0.1414213562373095
39.5 47.0 0.14586499149789456
40.5 24.0 0.20412414523193154
41.5 17.0 0.24253562503633297
42.5 23.0 0.20851441405707477
43.5 9.0 0.3333333333333333
44.5 10.0 0.31622776601683794
45.5 8.0 0.35355339059327373
46.5 2.0 0.7071067811865475
47.5 4.0 0.5
48.5 1.0 1.0
49.5 1.0 1.0
50.5 2.0 0.7071067811865475
51.5 1.0 1.0
52.5 0.0 inf
53.5 0.0 inf
54.5 0.0 inf
55.5 0.0 inf
56.5 0.0 inf
57.5 0.0 inf
58.5 0.0 inf
59.5 0.0 inf
60.5 0.0 inf
61.5 0.0 inf
62.5 0.0 inf
63.5 0.0 inf
64.5 0.0 inf
65.5 0.0 inf
66.5 0.0 inf
67.5 0.0 inf
68.5 0.0 inf
69.5 0.0 inf
70.5 0.0 inf
71.5 0.0 inf
72.5 0.0 inf
73.5 0.0 inf
74.5 0.0 inf
75.5 0.0 inf
76.5 0.0 inf
77.5 0.0 inf
78.5 0.0 inf
79.5 0.0 inf
80.5 0.0 inf
81.5 0.0 inf
82.5 0.0 inf
83.5 0.0 inf
84.5 0.0 inf
85.5 0.0 inf
86.5 0.0 inf
87.5 0.0 inf
88.5 0.0 inf
89.5 0.0 inf
90.5 0.0 inf
91.5 0.0 inf
92.5 0.0 inf
93.5 0.0 inf
94.5 0.0 inf
95.5 0.0 inf
96.5 0.0 inf
97.5 0.0 inf
