0.5 41177701.0 0.0001558364162048191
1.5 5557486.0 0.00042419037627705993
2.5 3145501.0 0.0005638389663148732
3.5 1712773.0 0.0007640998174374233
4.5 986162.0 0.001006991647070148
5.5 622344.0 0.0012676073437285758
6.5 404707.0 0.0015719171125689478
7.5 277260.0 0.0018991374177621794
8.5 198994.0 0.002241712993234079
9.5 141662.0 0.0026568884174957845
10.5 104953.0 0.0030867579223888076
11.5 77546.0 0.0035910404704892593
12.5 59074.0 0.0041143554674764665
13.5 45058.0 0.004711010201190135
14.5 34521.0 0.0053821812146228045
15.5 26254.0 0.006171663794392148
16.5 20853.0 0.006924935431770243
17.5 16126.0 0.007874748135130422
18.5 12488.0 0.008948568254131322
19.5 9708.0 0.010149277244955584
20.5 7569.0 0.011494252873563218
21.5 5828.0 0.013099062926556151
22.5 4585.0 0.014768294017212823
23.5 3396.0 0.017159955576364506
24.5 2818.0 0.01883777067421859
25.5 2131.0 0.02166248500719623
26.5 1644.0 0.0246631811833495
27.5 1238.0 0.028421021140160225
28.5 1013.0 0.03141921118033474
29.5 794.0 0.0354886720493838
30.5 567.0 0.0419960525565808
31.5 406.0 0.04962916669854651
32.5 317.0 0.05616559563017304
33.5 237.0 0.06495698024616309
34.5 183.0 0.07392212709545729
35.5 150.0 0.08164965809277261
36.5 106.0 0.09712858623572641
37.5 75.0 0.11547005383792514
38.5 57.0 0.13245323570650439
39.5 46.0 0.14744195615489714
40.5 31.0 0.1796053020267749
41.5 27.0 0.19245008972987526
42.5 13.0 0.2773500981126146
43.5 19.0 0.22941573387056174
44.5 15.0 0.2581988897471611
45.5 6.0 0.4082482904638631
46.5 6.0 0.4082482904638631
47.5 3.0 0.5773502691896258
48.5 2.0 0.7071067811865475
49.5 0.0 inf
50.5 0.0 inf
51.5 1.0 1.0
52.5 3.0 0.5773502691896258
53.5 0.0 inf
54.5 1.0 1.0
55.5 0.0 inf
56.5 0.0 inf
57.5 0.0 inf
58.5 0.0 inf
59.5 0.0 inf
60.5 0.0 inf
61.5 0.0 inf
62.5 0.0 inf
63.5 0.0 inf
64.5 0.0 inf
65.5 0.0 inf
66.5 0.0 inf
67.5 0.0 inf
68.5 0.0 inf
69.5 0.0 inf
70.5 0.0 inf
71.5 0.0 inf
72.5 0.0 inf
73.5 0.0 inf
74.5 0.0 inf
75.5 0.0 inf
76.5 0.0 inf
77.5 0.0 inf
78.5 0.0 inf
79.5 0.0 inf
80.5 0.0 inf
81.5 0.0 inf
82.5 0.0 inf
83.5 0.0 inf
84.5 0.0 inf
85.5 0.0 inf
86.5 0.0 inf
87.5 0.0 inf
88.5 0.0 inf
89.5 0.0 inf
90.5 0.0 inf
91.5 0.0 inf
92.5 0.0 inf
93.5 0.0 inf
94.5 0.0 inf
95.5 0.0 inf
96.5 0.0 inf
97.5 0.0 inf
