0.5 4197.0 0.015435848784127248
1.5 2351.0 0.020624037298852673
2.5 2336.0 0.0206901472150592
3.5 2143.0 0.02160174894839516
4.5 1881.0 0.02305714879553582
5.5 1710.0 0.024182541670333724
6.5 1453.0 0.026234161806670223
7.5 1279.0 0.02796177442102841
8.5 1119.0 0.029894063777797554
9.5 923.0 0.03291540093383166
10.5 830.0 0.03471050672503116
11.5 771.0 0.03601412030328099
12.5 677.0 0.03843312210120439
13.5 536.0 0.04319342127906801
14.5 451.0 0.04708816093480111
15.5 414.0 0.04914731871829905
16.5 363.0 0.0524863881081478
17.5 300.0 0.05773502691896257
18.5 263.0 0.061662641597820735
19.5 235.0 0.06523280730534423
20.5 184.0 0.07372097807744857
21.5 132.0 0.08703882797784893
22.5 129.0 0.08804509063256238
23.5 90.0 0.10540925533894598
24.5 79.0 0.1125087900926024
25.5 76.0 0.11470786693528087
26.5 35.0 0.1690308509457033
27.5 45.0 0.14907119849998599
28.5 31.0 0.1796053020267749
29.5 22.0 0.21320071635561041
30.5 28.0 0.1889822365046136
31.5 17.0 0.24253562503633297
32.5 16.0 0.25
33.5 13.0 0.2773500981126146
34.5 5.0 0.4472135954999579
35.5 4.0 0.5
36.5 3.0 0.5773502691896258
37.5 3.0 0.5773502691896258
38.5 0.0 inf
39.5 2.0 0.7071067811865475
40.5 0.0 inf
41.5 2.0 0.7071067811865475
42.5 0.0 inf
43.5 0.0 inf
44.5 0.0 inf
45.5 0.0 inf
46.5 0.0 inf
47.5 0.0 inf
48.5 0.0 inf
49.5 0.0 inf
50.5 0.0 inf
51.5 0.0 inf
52.5 0.0 inf
53.5 0.0 inf
54.5 0.0 inf
55.5 0.0 inf
56.5 0.0 inf
57.5 0.0 inf
58.5 0.0 inf
59.5 0.0 inf
60.5 0.0 inf
61.5 0.0 inf
62.5 0.0 inf
63.5 0.0 inf
64.5 0.0 inf
65.5 0.0 inf
66.5 0.0 inf
67.5 0.0 inf
68.5 0.0 inf
69.5 0.0 inf
70.5 0.0 inf
71.5 0.0 inf
72.5 0.0 inf
73.5 0.0 inf
74.5 0.0 inf
75.5 0.0 inf
76.5 0.0 inf
77.5 0.0 inf
78.5 0.0 inf
79.5 0.0 inf
80.5 0.0 inf
81.5 0.0 inf
82.5 0.0 inf
83.5 0.0 inf
84.5 0.0 inf
85.5 0.0 inf
86.5 0.0 inf
87.5 0.0 inf
88.5 0.0 inf
89.5 0.0 inf
90.5 0.0 inf
91.5 0.0 inf
92.5 0.0 inf
93.5 0.0 inf
94.5 0.0 inf
95.5 0.0 inf
96.5 0.0 inf
97.5 0.0 inf
