0.5 15072034.0 0.00025758114383355374
1.5 3242239.0 0.0005553636968258581
2.5 2063866.0 0.000696080153979037
3.5 1229957.0 0.0009016853959726754
4.5 753866.0 0.0011517359463937482
5.5 496430.0 0.0014192895026822073
6.5 332762.0 0.0017335370859950137
7.5 233480.0 0.0020695463513519183
8.5 169739.0 0.002427220214530247
9.5 122850.0 0.002853069950072753
10.5 91920.0 0.0032983367383180506
11.5 69210.0 0.0038011549663448203
12.5 53127.0 0.004338527490741908
13.5 40208.0 0.0049870504812949785
14.5 31459.0 0.005638032088398418
15.5 24100.0 0.006441566264008308
16.5 19347.0 0.007189408887017436
17.5 14804.0 0.008218838786411851
18.5 11417.0 0.009358882601148833
19.5 9037.0 0.010519324655789383
20.5 7099.0 0.01186865243196471
21.5 5436.0 0.013563140979519323
22.5 4250.0 0.01533929977694741
23.5 3305.0 0.017394592861488423
24.5 2504.0 0.019984019174435787
25.5 1940.0 0.022703830459324992
26.5 1589.0 0.02508638316928225
27.5 1136.0 0.02966954145484633
28.5 970.0 0.03210806495339678
29.5 718.0 0.0373196685431038
30.5 521.0 0.04381079543383235
31.5 410.0 0.04938647983247948
32.5 307.0 0.05707301455353496
33.5 243.0 0.06415002990995841
34.5 163.0 0.07832604499879574
35.5 124.0 0.08980265101338746
36.5 102.0 0.09901475429766744
37.5 83.0 0.10976425998969035
38.5 67.0 0.12216944435630522
39.5 43.0 0.15249857033260467
40.5 29.0 0.18569533817705186
41.5 19.0 0.22941573387056174
42.5 18.0 0.23570226039551587
43.5 10.0 0.31622776601683794
44.5 12.0 0.2886751345948129
45.5 10.0 0.31622776601683794
46.5 1.0 1.0
47.5 4.0 0.5
48.5 2.0 0.7071067811865475
49.5 0.0 inf
50.5 0.0 inf
51.5 0.0 inf
52.5 2.0 0.7071067811865475
53.5 0.0 inf
54.5 0.0 inf
55.5 0.0 inf
56.5 0.0 inf
57.5 0.0 inf
58.5 0.0 inf
59.5 0.0 inf
60.5 0.0 inf
61.5 0.0 inf
62.5 0.0 inf
63.5 0.0 inf
64.5 0.0 inf
65.5 0.0 inf
66.5 0.0 inf
67.5 0.0 inf
68.5 0.0 inf
69.5 0.0 inf
70.5 0.0 inf
71.5 0.0 inf
72.5 0.0 inf
73.5 0.0 inf
74.5 0.0 inf
75.5 0.0 inf
76.5 0.0 inf
77.5 0.0 inf
78.5 0.0 inf
79.5 0.0 inf
80.5 0.0 inf
81.5 0.0 inf
82.5 0.0 inf
83.5 0.0 inf
84.5 0.0 inf
85.5 0.0 inf
86.5 0.0 inf
87.5 0.0 inf
88.5 0.0 inf
89.5 0.0 inf
90.5 0.0 inf
91.5 0.0 inf
92.5 0.0 inf
93.5 0.0 inf
94.5 0.0 inf
95.5 0.0 inf
96.5 0.0 inf
97.5 0.0 inf
