0.5 248426.0 0.0020063258865580906
1.5 118622.0 0.0029034702399897694
2.5 108776.0 0.0030320297464437665
3.5 90027.0 0.003332833445805216
4.5 71742.0 0.00373347510852001
5.5 57887.0 0.004156324800313299
6.5 46349.0 0.004644936869408231
7.5 37655.0 0.005153338544506423
8.5 30628.0 0.005714005851464973
9.5 24834.0 0.006345657993657806
10.5 20461.0 0.006990956057291849
11.5 16670.0 0.007745192211915731
12.5 13784.0 0.008517504423354133
13.5 11373.0 0.009376969003931635
14.5 9359.0 0.010336780075606023
15.5 7590.0 0.011478340719169698
16.5 6244.0 0.012655186588813844
17.5 4946.0 0.014219127353430849
18.5 4120.0 0.015579423821243894
19.5 3311.0 0.017378824984374267
20.5 2635.0 0.019480930197663147
21.5 2177.0 0.021432398984452372
22.5 1821.0 0.023433924539650597
23.5 1366.0 0.027056689037447044
24.5 1131.0 0.02973505167250263
25.5 867.0 0.03396178054056622
26.5 702.0 0.03774256780481986
27.5 561.0 0.04222003309207491
28.5 468.0 0.046225016352102424
29.5 334.0 0.054717565516458275
30.5 258.0 0.062257280636469035
31.5 173.0 0.07602859212697055
32.5 150.0 0.08164965809277261
33.5 106.0 0.09712858623572641
34.5 92.0 0.10425720702853739
35.5 64.0 0.125
36.5 47.0 0.14586499149789456
37.5 28.0 0.1889822365046136
38.5 26.0 0.19611613513818404
39.5 18.0 0.23570226039551587
40.5 19.0 0.22941573387056174
41.5 21.0 0.2182178902359924
42.5 8.0 0.35355339059327373
43.5 7.0 0.3779644730092272
44.5 7.0 0.3779644730092272
45.5 3.0 0.5773502691896258
46.5 3.0 0.5773502691896258
47.5 0.0 inf
48.5 1.0 1.0
49.5 2.0 0.7071067811865475
50.5 1.0 1.0
51.5 1.0 1.0
52.5 0.0 inf
53.5 0.0 inf
54.5 0.0 inf
55.5 1.0 1.0
56.5 0.0 inf
57.5 0.0 inf
58.5 0.0 inf
59.5 0.0 inf
60.5 0.0 inf
61.5 0.0 inf
62.5 0.0 inf
63.5 0.0 inf
64.5 0.0 inf
65.5 0.0 inf
66.5 0.0 inf
67.5 0.0 inf
68.5 0.0 inf
69.5 0.0 inf
70.5 0.0 inf
71.5 0.0 inf
72.5 0.0 inf
73.5 0.0 inf
74.5 0.0 inf
75.5 0.0 inf
76.5 0.0 inf
77.5 0.0 inf
78.5 0.0 inf
79.5 0.0 inf
80.5 0.0 inf
81.5 0.0 inf
82.5 0.0 inf
83.5 0.0 inf
84.5 0.0 inf
85.5 0.0 inf
86.5 0.0 inf
87.5 0.0 inf
88.5 0.0 inf
89.5 0.0 inf
90.5 0.0 inf
91.5 0.0 inf
92.5 0.0 inf
93.5 0.0 inf
94.5 0.0 inf
95.5 0.0 inf
96.5 0.0 inf
97.5 0.0 inf
