0.5 29349.0 0.005837183495970248
1.5 15458.0 0.0080430977811695
2.5 15182.0 0.008115877934088354
3.5 13467.0 0.008617168196860087
4.5 11475.0 0.009335200560186732
5.5 9680.0 0.010163945352271771
6.5 8336.0 0.010952698858458088
7.5 7168.0 0.01181138978153835
8.5 6078.0 0.012826839252094753
9.5 5294.0 0.013743838128886474
10.5 4469.0 0.014958733419877617
11.5 3762.0 0.016303866268150616
12.5 3273.0 0.017479419175542688
13.5 2717.0 0.019184707441917036
14.5 2410.0 0.020370021093167764
15.5 1963.0 0.022570430888309446
16.5 1661.0 0.024536645240595824
17.5 1432.0 0.026425821129084495
18.5 1177.0 0.02914820186645445
19.5 1014.0 0.03140371465106639
20.5 789.0 0.03560094272544522
21.5 651.0 0.03919309008348103
22.5 540.0 0.04303314829119352
23.5 422.0 0.04867923835112355
24.5 389.0 0.05070201265633938
25.5 273.0 0.060522753266880246
26.5 220.0 0.06741998624632421
27.5 190.0 0.07254762501100116
28.5 121.0 0.09090909090909091
29.5 115.0 0.09325048082403138
30.5 91.0 0.10482848367219183
31.5 80.0 0.11180339887498948
32.5 52.0 0.1386750490563073
33.5 37.0 0.1643989873053573
34.5 27.0 0.19245008972987526
35.5 40.0 0.15811388300841897
36.5 21.0 0.2182178902359924
37.5 21.0 0.2182178902359924
38.5 11.0 0.30151134457776363
39.5 9.0 0.3333333333333333
40.5 8.0 0.35355339059327373
41.5 3.0 0.5773502691896258
42.5 2.0 0.7071067811865475
43.5 3.0 0.5773502691896258
44.5 4.0 0.5
45.5 2.0 0.7071067811865475
46.5 0.0 inf
47.5 0.0 inf
48.5 1.0 1.0
49.5 0.0 inf
50.5 1.0 1.0
51.5 0.0 inf
52.5 0.0 inf
53.5 0.0 inf
54.5 0.0 inf
55.5 0.0 inf
56.5 0.0 inf
57.5 0.0 inf
58.5 0.0 inf
59.5 0.0 inf
60.5 0.0 inf
61.5 0.0 inf
62.5 0.0 inf
63.5 0.0 inf
64.5 0.0 inf
65.5 0.0 inf
66.5 0.0 inf
67.5 0.0 inf
68.5 0.0 inf
69.5 0.0 inf
70.5 0.0 inf
71.5 0.0 inf
72.5 0.0 inf
73.5 0.0 inf
74.5 0.0 inf
75.5 0.0 inf
76.5 0.0 inf
77.5 0.0 inf
78.5 0.0 inf
79.5 0.0 inf
80.5 0.0 inf
81.5 0.0 inf
82.5 0.0 inf
83.5 0.0 inf
84.5 0.0 inf
85.5 0.0 inf
86.5 0.0 inf
87.5 0.0 inf
88.5 0.0 inf
89.5 0.0 inf
90.5 0.0 inf
91.5 0.0 inf
92.5 0.0 inf
93.5 0.0 inf
94.5 0.0 inf
95.5 0.0 inf
96.5 0.0 inf
97.5 0.0 inf
