0.5 40.1821 0.0015775520049526976
1.5 21.392899999999997 0.0021620471929504176
2.5 21.6459 0.002149374915645852
3.5 19.836199999999998 0.0022452813075309907
4.5 17.5778 0.0023851612255921355
5.5 15.709299999999999 0.0025230251708376564
6.5 13.8409 0.0026879292577293465
7.5 12.2977 0.0028515963676942952
8.5 11.033 0.00301060092624343
9.5 9.628699999999998 0.0032226724928541626
10.5 8.6166 0.003406685434829763
11.5 7.5283 0.0036446140192310864
12.5 6.7401 0.003851827504574698
13.5 5.953799999999999 0.004098291819111108
14.5 5.1982 0.004386049286154846
15.5 4.5112000000000005 0.00470818976842999
16.5 3.9575 0.005026776061674734
17.5 3.4745 0.0053648037788489415
18.5 2.9741 0.005798587520141563
19.5 2.5484 0.006264208461091627
20.5 2.1784999999999997 0.006775185928473774
21.5 1.8679999999999999 0.007316637928595241
22.5 1.5612 0.008003330078112875
23.5 1.3284 0.00867632010492256
24.5 1.107 0.00950443247520335
25.5 0.9001 0.010540339975716555
26.5 0.7604 0.011467769256492184
27.5 0.6141 0.012760874905367245
28.5 0.5198 0.01387017250302111
29.5 0.42000000000000004 0.015430334996209192
30.5 0.33799999999999997 0.017200522903844537
31.5 0.27049999999999996 0.019227214231343208
32.5 0.2175 0.021442250696755896
33.5 0.1732 0.024028466566610635
34.5 0.12869999999999998 0.02787473366690303
35.5 0.1068 0.03059950306810523
36.5 0.0901 0.03331483023263848
37.5 0.0655 0.03907323325822818
38.5 0.0535 0.043233770116711694
39.5 0.0379 0.051366549693751415
40.5 0.0334 0.054717565516458275
41.5 0.024300000000000002 0.06415002990995841
42.5 0.0202 0.07035975447302918
43.5 0.012 0.09128709291752768
44.5 0.0117 0.09245003270420485
45.5 0.0086 0.10783277320343841
46.5 0.0051 0.14002800840280097
47.5 0.004 0.15811388300841897
48.5 0.0024999999999999996 0.2
49.5 0.0024999999999999996 0.2
50.5 0.0024000000000000002 0.20412414523193148
51.5 0.0015 0.2581988897471611
52.5 0.0009 0.3333333333333333
53.5 0.0014 0.2672612419124244
54.5 0.0007 0.3779644730092272
55.5 0.00039999999999999996 0.5000000000000001
56.5 0.0001 1.0
57.5 0.0003 0.5773502691896258
58.5 0.0002 0.7071067811865475
59.5 0.0 inf
60.5 0.0001 1.0
61.5 0.0001 1.0
62.5 0.0 inf
63.5 0.0001 1.0
64.5 0.0 inf
65.5 0.0 inf
66.5 0.0 inf
67.5 0.0 inf
68.5 0.0 inf
69.5 0.0 inf
70.5 0.0 inf
71.5 0.0 inf
72.5 0.0 inf
73.5 0.0 inf
74.5 0.0 inf
75.5 0.0 inf
76.5 0.0 inf
77.5 0.0 inf
78.5 0.0 inf
79.5 0.0 inf
80.5 0.0 inf
81.5 0.0 inf
82.5 0.0 inf
83.5 0.0 inf
84.5 0.0 inf
85.5 0.0 inf
86.5 0.0 inf
87.5 0.0 inf
88.5 0.0 inf
89.5 0.0 inf
90.5 0.0 inf
91.5 0.0 inf
92.5 0.0 inf
93.5 0.0 inf
94.5 0.0 inf
95.5 0.0 inf
96.5 0.0 inf
97.5 0.0 inf
