0.5 55342310.0 0.00013442231133374563
1.5 6322001.0 0.00039771568590868536
2.5 3468031.0 0.0005369804995208829
3.5 1841343.0 0.000736940886459019
4.5 1048276.0 0.0009767022283693626
5.5 653442.0 0.0012370762732387022
6.5 422422.0 0.0015386035699620608
7.5 289518.0 0.0018584985004009315
8.5 204186.0 0.0022130285630424613
9.5 145193.0 0.002624382666082588
10.5 108329.0 0.0030382788674360164
11.5 79782.0 0.0035403609383704063
12.5 59953.0 0.004084082817119578
13.5 46251.0 0.004649855281318747
14.5 35505.0 0.005307075199811476
15.5 26955.0 0.006090884047862939
16.5 21115.0 0.006881838191787123
17.5 16583.0 0.007765482576933408
18.5 12293.0 0.009019263168923871
19.5 9956.0 0.010022072867228945
20.5 7877.0 0.011267292719881548
21.5 5687.0 0.013260453772535869
22.5 4689.0 0.014603598477944117
23.5 3566.0 0.01674593227911791
24.5 2629.0 0.01950314757443023
25.5 2156.0 0.0215365246126974
26.5 1669.0 0.024477768982403232
27.5 1236.0 0.028444006199428714
28.5 1040.0 0.031008683647302117
29.5 754.0 0.03641785203646149
30.5 572.0 0.04181210050035454
31.5 462.0 0.046524210519923545
32.5 305.0 0.057259833431386825
33.5 254.0 0.06274558051381586
34.5 216.0 0.06804138174397717
35.5 147.0 0.08247860988423225
36.5 105.0 0.09759000729485333
37.5 104.0 0.09805806756909202
38.5 50.0 0.1414213562373095
39.5 46.0 0.14744195615489714
40.5 25.0 0.2
41.5 17.0 0.24253562503633297
42.5 21.0 0.2182178902359924
43.5 7.0 0.3779644730092272
44.5 9.0 0.3333333333333333
45.5 7.0 0.3779644730092272
46.5 2.0 0.7071067811865475
47.5 5.0 0.4472135954999579
48.5 0.0 inf
49.5 0.0 inf
50.5 2.0 0.7071067811865475
51.5 1.0 1.0
52.5 1.0 1.0
53.5 0.0 inf
54.5 0.0 inf
55.5 0.0 inf
56.5 0.0 inf
57.5 0.0 inf
58.5 0.0 inf
59.5 0.0 inf
60.5 0.0 inf
61.5 0.0 inf
62.5 0.0 inf
63.5 0.0 inf
64.5 0.0 inf
65.5 0.0 inf
66.5 0.0 inf
67.5 0.0 inf
68.5 0.0 inf
69.5 0.0 inf
70.5 0.0 inf
71.5 0.0 inf
72.5 0.0 inf
73.5 0.0 inf
74.5 0.0 inf
75.5 0.0 inf
76.5 0.0 inf
77.5 0.0 inf
78.5 0.0 inf
79.5 0.0 inf
80.5 0.0 inf
81.5 0.0 inf
82.5 0.0 inf
83.5 0.0 inf
84.5 0.0 inf
85.5 0.0 inf
86.5 0.0 inf
87.5 0.0 inf
88.5 0.0 inf
89.5 0.0 inf
90.5 0.0 inf
91.5 0.0 inf
92.5 0.0 inf
93.5 0.0 inf
94.5 0.0 inf
95.5 0.0 inf
96.5 0.0 inf
97.5 0.0 inf
