0.5 71.6364 0.0011814983612753152
1.5 39.2582 0.0015960070609806823
2.5 39.911 0.0015829007878454544
3.5 36.8776 0.0016467158864959116
4.5 32.5648 0.0017523699305253232
5.5 29.339100000000002 0.0018461909014342252
6.5 25.790399999999998 0.0019691144583564887
7.5 23.049599999999998 0.0020828994411421584
8.5 20.5362 0.0022066830411982584
9.5 17.9705 0.0023589564303532493
10.5 16.2205 0.0024829494697053496
11.5 14.221499999999999 0.002651717759075561
12.5 12.7241 0.002803408999593764
13.5 11.0894 0.003002935302386791
14.5 9.731 0.003205688090246685
15.5 8.4848 0.0034330426203351893
16.5 7.579700000000001 0.003632235440181978
17.5 6.5557 0.003905624301597393
18.5 5.631399999999999 0.004213973612297851
19.5 4.8037 0.0045625964838954145
20.5 4.1432 0.004912833558946486
21.5 3.4913 0.005351880599933787
22.5 2.9469000000000003 0.005825286645743119
23.5 2.4866 0.006341573572609542
24.5 2.1052999999999997 0.006891964071623316
25.5 1.7088 0.0076498757670263075
26.5 1.4297 0.008363297415045965
27.5 1.1459000000000001 0.009341715574892476
28.5 0.9753000000000001 0.010125835969732192
29.5 0.7963 0.011206284453468093
30.5 0.6403 0.012497071342066094
31.5 0.5026 0.014105508853773258
32.5 0.39949999999999997 0.01582127969267633
33.5 0.3265 0.01750082037018273
34.5 0.2546 0.01981850088223545
35.5 0.2044 0.02211869776019044
36.5 0.1568 0.025253813613805267
37.5 0.1254 0.02823912473624525
38.5 0.0959 0.03229168418603133
39.5 0.07880000000000001 0.03562352499395482
40.5 0.060399999999999995 0.04068942293855797
41.5 0.0464 0.046423834544262965
42.5 0.0391 0.05057217374241736
43.5 0.025500000000000002 0.06262242910851494
44.5 0.0193 0.07198157507486945
45.5 0.0141 0.0842151921066519
46.5 0.0095 0.10259783520851541
47.5 0.0092 0.10425720702853739
48.5 0.006699999999999999 0.12216944435630522
49.5 0.005 0.1414213562373095
50.5 0.0026 0.19611613513818404
51.5 0.0029 0.18569533817705186
52.5 0.0019 0.22941573387056174
53.5 0.002 0.22360679774997896
54.5 0.0012000000000000001 0.28867513459481287
55.5 0.0006000000000000001 0.40824829046386296
56.5 0.0002 0.7071067811865475
57.5 0.0001 1.0
58.5 0.0001 1.0
59.5 0.0002 0.7071067811865475
60.5 0.0001 1.0
61.5 0.0001 1.0
62.5 0.0002 0.7071067811865475
63.5 0.0001 1.0
64.5 0.0 inf
65.5 0.0 inf
66.5 0.0001 1.0
67.5 0.0001 1.0
68.5 0.0 inf
69.5 0.0 inf
70.5 0.0 inf
71.5 0.0 inf
72.5 0.0 inf
73.5 0.0 inf
74.5 0.0 inf
75.5 0.0 inf
76.5 0.0 inf
77.5 0.0 inf
78.5 0.0 inf
79.5 0.0 inf
80.5 0.0 inf
81.5 0.0 inf
82.5 0.0 inf
83.5 0.0 inf
84.5 0.0 inf
85.5 0.0 inf
86.5 0.0 inf
87.5 0.0 inf
88.5 0.0 inf
89.5 0.0 inf
90.5 0.0 inf
91.5 0.0 inf
92.5 0.0 inf
93.5 0.0 inf
94.5 0.0 inf
95.5 0.0 inf
96.5 0.0 inf
97.5 0.0 inf
