0.5 59.5703 0.0012956422642225103
1.5 32.4113 0.0017565146432240622
2.5 33.1172 0.0017376935719255065
3.5 30.2867 0.0018170798906158015
4.5 26.8988 0.0019281177250221918
5.5 24.2401 0.002031106969683207
6.5 21.3143 0.002166029977512159
7.5 18.9619 0.002296460998463039
8.5 17.0492 0.0024218542168431495
9.5 14.8187 0.0025977356056015324
10.5 13.3588 0.0027360011528854648
11.5 11.693200000000001 0.0029243766733996358
12.5 10.4607 0.0030918586161740925
13.5 9.1623 0.0033036782652070933
14.5 8.124 0.0035084479883633326
15.5 7.0484 0.0037666453307738765
16.5 6.221299999999999 0.004009215751220646
17.5 5.3687000000000005 0.004315840953246484
18.5 4.611700000000001 0.004656605814203185
19.5 3.9395999999999995 0.005038182970418559
20.5 3.3891 0.005431975572504231
21.5 2.8589 0.005914261427239982
22.5 2.4442 0.006396341315729926
23.5 2.0448 0.006993177985805742
24.5 1.7314 0.007599784777142624
25.5 1.3819 0.008506711252536603
26.5 1.1814 0.009200289997711164
27.5 0.952 0.010249000771134846
28.5 0.8291 0.010982381917412357
29.5 0.6523 0.012381586918446291
30.5 0.5285 0.013755535567588148
31.5 0.43069999999999997 0.015237459493410545
32.5 0.33940000000000003 0.017165010799799065
33.5 0.26870000000000005 0.019291507529132022
34.5 0.2076 0.021947564065307356
35.5 0.1659 0.024551430807011814
36.5 0.1268 0.02808279781508652
37.5 0.1043 0.030964056111131625
38.5 0.0869 0.033922676577637915
39.5 0.0641 0.03949762527666821
40.5 0.0466 0.04632410546120795
41.5 0.0379 0.051366549693751415
42.5 0.0317 0.05616559563017304
43.5 0.020999999999999998 0.06900655593423542
44.5 0.0162 0.07856742013183861
45.5 0.0116 0.09284766908852593
46.5 0.0106 0.09712858623572641
47.5 0.0083 0.10976425998969035
48.5 0.004399999999999999 0.15075567228888184
49.5 0.0037 0.1643989873053573
50.5 0.0031 0.1796053020267749
51.5 0.0023 0.20851441405707477
52.5 0.0010999999999999998 0.3015113445777637
53.5 0.0009 0.3333333333333333
54.5 0.0005 0.4472135954999579
55.5 0.001 0.31622776601683794
56.5 0.0004 0.5
57.5 0.00039999999999999996 0.5000000000000001
58.5 0.00039999999999999996 0.5000000000000001
59.5 0.0001 1.0
60.5 0.00030000000000000003 0.5773502691896257
61.5 0.0001 1.0
62.5 0.0001 1.0
63.5 0.0 inf
64.5 0.0 inf
65.5 0.0 inf
66.5 0.0 inf
67.5 0.0 inf
68.5 0.0 inf
69.5 0.0 inf
70.5 0.0 inf
71.5 0.0 inf
72.5 0.0 inf
73.5 0.0 inf
74.5 0.0 inf
75.5 0.0 inf
76.5 0.0 inf
77.5 0.0 inf
78.5 0.0 inf
79.5 0.0 inf
80.5 0.0 inf
81.5 0.0 inf
82.5 0.0 inf
83.5 0.0 inf
84.5 0.0 inf
85.5 0.0 inf
86.5 0.0 inf
87.5 0.0 inf
88.5 0.0 inf
89.5 0.0 inf
90.5 0.0 inf
91.5 0.0 inf
92.5 0.0 inf
93.5 0.0 inf
94.5 0.0 inf
95.5 0.0 inf
96.5 0.0 inf
97.5 0.0 inf
