0.5 112750.0 0.002978116787650699
1.5 56527.0 0.0042060267593068525
2.5 53574.0 0.004320390110820156
3.5 45578.0 0.004684059120768646
4.5 37505.0 0.005163633564179587
5.5 31390.0 0.005644225313392462
6.5 25717.0 0.00623576654340672
7.5 21141.0 0.006877605117668588
8.5 17745.0 0.007506923638065639
9.5 14782.0 0.008224952547301283
10.5 12122.0 0.009082655880772972
11.5 10090.0 0.009955301489671107
12.5 8577.0 0.010797725806528949
13.5 7041.0 0.011917435986819018
14.5 5990.0 0.012920716240994556
15.5 4782.0 0.014460896377767018
16.5 4110.0 0.015598365376958256
17.5 3304.0 0.017397225015980525
18.5 2767.0 0.019010582334423435
19.5 2327.0 0.020730119630756057
20.5 1824.0 0.02341464528954235
21.5 1526.0 0.025598984252456894
22.5 1199.0 0.02887954911289539
23.5 997.0 0.03167031776097682
24.5 819.0 0.03494282789073061
25.5 610.0 0.0404888165089458
26.5 538.0 0.04311306135592269
27.5 372.0 0.05184758473652126
28.5 294.0 0.05832118435198043
29.5 259.0 0.062136976600120006
30.5 210.0 0.06900655593423542
31.5 144.0 0.08333333333333333
32.5 115.0 0.09325048082403138
33.5 91.0 0.10482848367219183
34.5 51.0 0.14002800840280097
35.5 44.0 0.15075567228888181
36.5 38.0 0.16222142113076254
37.5 30.0 0.18257418583505536
38.5 22.0 0.21320071635561041
39.5 15.0 0.2581988897471611
40.5 10.0 0.31622776601683794
41.5 7.0 0.3779644730092272
42.5 5.0 0.4472135954999579
43.5 6.0 0.4082482904638631
44.5 1.0 1.0
45.5 4.0 0.5
46.5 3.0 0.5773502691896258
47.5 1.0 1.0
48.5 1.0 1.0
49.5 0.0 inf
50.5 0.0 inf
51.5 0.0 inf
52.5 0.0 inf
53.5 0.0 inf
54.5 0.0 inf
55.5 0.0 inf
56.5 0.0 inf
57.5 0.0 inf
58.5 0.0 inf
59.5 1.0 1.0
60.5 0.0 inf
61.5 0.0 inf
62.5 0.0 inf
63.5 0.0 inf
64.5 0.0 inf
65.5 0.0 inf
66.5 0.0 inf
67.5 0.0 inf
68.5 0.0 inf
69.5 0.0 inf
70.5 0.0 inf
71.5 0.0 inf
72.5 0.0 inf
73.5 0.0 inf
74.5 0.0 inf
75.5 0.0 inf
76.5 0.0 inf
77.5 0.0 inf
78.5 0.0 inf
79.5 0.0 inf
80.5 0.0 inf
81.5 0.0 inf
82.5 0.0 inf
83.5 0.0 inf
84.5 0.0 inf
85.5 0.0 inf
86.5 0.0 inf
87.5 0.0 inf
88.5 0.0 inf
89.5 0.0 inf
90.5 0.0 inf
91.5 0.0 inf
92.5 0.0 inf
93.5 0.0 inf
94.5 0.0 inf
95.5 0.0 inf
96.5 0.0 inf
97.5 0.0 inf
