0.5 8602633.0 0.0003409449813959737
1.5 1398935.0 0.0008454758987071333
2.5 825116.0 0.001100886372198759
3.5 463567.0 0.0014687360133681256
4.5 272932.0 0.0019141359112771169
5.5 174366.0 0.0023947991624231626
6.5 114677.0 0.0029529890628973475
7.5 79072.0 0.00355622014787979
8.5 57054.0 0.004186556446692255
9.5 41032.0 0.004936721833415229
10.5 30299.0 0.005744944698064086
11.5 22573.0 0.006655878096951835
12.5 17109.0 0.007645179504328122
13.5 12985.0 0.008775644526199302
14.5 10179.0 0.00991168389083421
15.5 7697.0 0.011398278306108798
16.5 6214.0 0.012685698213721506
17.5 4795.0 0.014441280189584203
18.5 3550.0 0.01678362716593378
19.5 2842.0 0.018758061837103223
20.5 2211.0 0.021266970502955673
21.5 1802.0 0.023557142371577276
22.5 1345.0 0.027267094157460592
23.5 1091.0 0.03027524209883363
24.5 796.0 0.03544406025041679
25.5 595.0 0.040996003084539386
26.5 504.0 0.0445435403187374
27.5 373.0 0.05177803730784977
28.5 303.0 0.0574484989621426
29.5 215.0 0.06819943394704735
30.5 158.0 0.079555728417573
31.5 99.0 0.10050378152592121
32.5 96.0 0.10206207261596577
33.5 62.0 0.1270001270001905
34.5 59.0 0.13018891098082389
35.5 39.0 0.16012815380508713
36.5 30.0 0.18257418583505536
37.5 20.0 0.22360679774997896
38.5 23.0 0.20851441405707477
39.5 16.0 0.25
40.5 11.0 0.30151134457776363
41.5 7.0 0.3779644730092272
42.5 5.0 0.4472135954999579
43.5 0.0 inf
44.5 1.0 1.0
45.5 0.0 inf
46.5 1.0 1.0
47.5 1.0 1.0
48.5 0.0 inf
49.5 0.0 inf
50.5 0.0 inf
51.5 0.0 inf
52.5 0.0 inf
53.5 0.0 inf
54.5 0.0 inf
55.5 0.0 inf
56.5 0.0 inf
57.5 0.0 inf
58.5 0.0 inf
59.5 0.0 inf
60.5 0.0 inf
61.5 0.0 inf
62.5 0.0 inf
63.5 0.0 inf
64.5 0.0 inf
65.5 0.0 inf
66.5 0.0 inf
67.5 0.0 inf
68.5 0.0 inf
69.5 0.0 inf
70.5 0.0 inf
71.5 0.0 inf
72.5 0.0 inf
73.5 0.0 inf
74.5 0.0 inf
75.5 0.0 inf
76.5 0.0 inf
77.5 0.0 inf
78.5 0.0 inf
79.5 0.0 inf
80.5 0.0 inf
81.5 0.0 inf
82.5 0.0 inf
83.5 0.0 inf
84.5 0.0 inf
85.5 0.0 inf
86.5 0.0 inf
87.5 0.0 inf
88.5 0.0 inf
89.5 0.0 inf
90.5 0.0 inf
91.5 0.0 inf
92.5 0.0 inf
93.5 0.0 inf
94.5 0.0 inf
95.5 0.0 inf
96.5 0.0 inf
97.5 0.0 inf
