0.5 43.2099 0.0015212772455932763
1.5 23.093 0.0020809412644617153
2.5 23.4675 0.002064270407408775
3.5 21.6157 0.0021508758724946907
4.5 19.0096 0.0022935779816513763
5.5 17.099899999999998 0.0024182612379830023
6.5 15.0933 0.002573996178766513
7.5 13.379 0.0027339349259603097
8.5 11.9217 0.0028962157137310844
9.5 10.4145 0.0030987089594572783
10.5 9.3977 0.0032620394689787
11.5 8.2337 0.0034849975764899657
12.5 7.3659 0.0036845723670480713
13.5 6.467499999999999 0.003932165435185008
14.5 5.6442 0.004209192644419383
15.5 4.9262999999999995 0.004505464499995197
16.5 4.3389 0.0048007620374306715
17.5 3.7695999999999996 0.005150535271439558
18.5 3.2073 0.00558380454488897
19.5 2.7916 0.005985127481281186
20.5 2.3785 0.00648408086036424
21.5 2.0159 0.007043126805628218
22.5 1.7063000000000001 0.007655477856157543
23.5 1.4365 0.008343479146871391
24.5 1.2183000000000002 0.009059889022475107
25.5 0.9872000000000001 0.010064621027855932
26.5 0.8211 0.011035753058718368
27.5 0.6812 0.01211609529181641
28.5 0.5630999999999999 0.013326227906059036
29.5 0.45089999999999997 0.014892235053625675
30.5 0.3644 0.01656573904806429
31.5 0.30410000000000004 0.01813392394470534
32.5 0.23349999999999999 0.020694577179185557
33.5 0.18409999999999999 0.02330628783587717
34.5 0.154 0.025482359571881278
35.5 0.1195 0.028927842707018585
36.5 0.0914 0.03307706008278112
37.5 0.0697 0.03787770095392851
38.5 0.0575 0.04170288281141495
39.5 0.0461 0.04657464328326223
40.5 0.0327 0.0553001263609331
41.5 0.027700000000000002 0.06008417681261097
42.5 0.020499999999999997 0.06984302957695783
43.5 0.0133 0.086710996952412
44.5 0.012799999999999999 0.08838834764831845
45.5 0.008199999999999999 0.11043152607484656
46.5 0.0068000000000000005 0.12126781251816648
47.5 0.004999999999999999 0.14142135623730953
48.5 0.0033 0.17407765595569785
49.5 0.0024000000000000002 0.20412414523193148
50.5 0.0015999999999999999 0.25000000000000006
51.5 0.0012 0.2886751345948129
52.5 0.0009 0.3333333333333333
53.5 0.0006000000000000001 0.40824829046386296
54.5 0.0012000000000000001 0.28867513459481287
55.5 0.0007 0.3779644730092272
56.5 0.0006 0.4082482904638631
57.5 0.0001 1.0
58.5 0.00039999999999999996 0.5000000000000001
59.5 0.0002 0.7071067811865475
60.5 0.0002 0.7071067811865475
61.5 0.0 inf
62.5 0.0 inf
63.5 0.0 inf
64.5 0.0 inf
65.5 0.0 inf
66.5 0.0 inf
67.5 0.0 inf
68.5 0.0 inf
69.5 0.0 inf
70.5 0.0 inf
71.5 0.0 inf
72.5 0.0 inf
73.5 0.0 inf
74.5 0.0 inf
75.5 0.0 inf
76.5 0.0 inf
77.5 0.0 inf
78.5 0.0 inf
79.5 0.0 inf
80.5 0.0 inf
81.5 0.0 inf
82.5 0.0 inf
83.5 0.0 inf
84.5 0.0 inf
85.5 0.0 inf
86.5 0.0 inf
87.5 0.0 inf
88.5 0.0 inf
89.5 0.0 inf
90.5 0.0 inf
91.5 0.0 inf
92.5 0.0 inf
93.5 0.0 inf
94.5 0.0 inf
95.5 0.0 inf
96.5 0.0 inf
97.5 0.0 inf
