0.5 39.4812 0.001591493348552858
1.5 20.944200000000002 0.002185083873377471
2.5 21.2059 0.0021715590603444673
3.5 19.4485 0.0022675503772736885
4.5 17.1777 0.0024127787159791444
5.5 15.4402 0.002544916510229929
6.5 13.4834 0.0027233301284900644
7.5 12.0518 0.0028805408734805856
8.5 10.7853 0.003044976078267087
9.5 9.3776 0.0032655335344520062
10.5 8.4323 0.0034437132006908066
11.5 7.3889 0.0036788332708707814
12.5 6.612 0.0038889609073503137
13.5 5.7819 0.004158768175640367
14.5 5.0708 0.004440805571249164
15.5 4.409 0.004762444752240671
16.5 3.8920000000000003 0.005068898374371097
17.5 3.3948 0.005427413408548635
18.5 2.8822 0.005890307169268097
19.5 2.5021 0.0063219006794089806
20.5 2.125 0.006859943405700354
21.5 1.8267 0.007398886847221151
22.5 1.5199 0.008111337881251804
23.5 1.2752 0.008855454337197682
24.5 1.0876000000000001 0.0095888251743168
25.5 0.895 0.0105703284516338
26.5 0.7402 0.011623193278701668
27.5 0.6086 0.012818406089281685
28.5 0.5108 0.013991831155211933
29.5 0.4077 0.015661366191164653
30.5 0.3268 0.01749278571353299
31.5 0.2572 0.019718075168127475
32.5 0.21660000000000001 0.021486752129677003
33.5 0.1638 0.024708310555370042
34.5 0.14129999999999998 0.026602896148920738
35.5 0.1023 0.03126526997403612
36.5 0.0839 0.034523833987986266
37.5 0.0686 0.038180177416060626
38.5 0.0529 0.043478260869565216
39.5 0.035500000000000004 0.053074489243427524
40.5 0.030600000000000002 0.05716619504750295
41.5 0.0247 0.06362847629757777
42.5 0.0171 0.07647191129018725
43.5 0.013600000000000001 0.08574929257125441
44.5 0.009600000000000001 0.10206207261596574
45.5 0.0072 0.11785113019775793
46.5 0.0051 0.14002800840280097
47.5 0.0044 0.15075567228888181
48.5 0.0025 0.2
49.5 0.0028 0.1889822365046136
50.5 0.0023 0.20851441405707477
51.5 0.0023 0.20851441405707477
52.5 0.0006000000000000001 0.40824829046386296
53.5 0.0005 0.4472135954999579
54.5 0.0005 0.4472135954999579
55.5 0.00039999999999999996 0.5000000000000001
56.5 0.0 inf
57.5 0.0002 0.7071067811865475
58.5 0.00030000000000000003 0.5773502691896257
59.5 0.0 inf
60.5 0.0 inf
61.5 0.0 inf
62.5 0.0001 1.0
63.5 0.0 inf
64.5 0.0001 1.0
65.5 0.0 inf
66.5 0.0 inf
67.5 0.0 inf
68.5 0.0 inf
69.5 0.0001 1.0
70.5 0.0 inf
71.5 0.0 inf
72.5 0.0 inf
73.5 0.0 inf
74.5 0.0 inf
75.5 0.0 inf
76.5 0.0 inf
77.5 0.0 inf
78.5 0.0 inf
79.5 0.0 inf
80.5 0.0 inf
81.5 0.0 inf
82.5 0.0 inf
83.5 0.0 inf
84.5 0.0 inf
85.5 0.0 inf
86.5 0.0 inf
87.5 0.0 inf
88.5 0.0 inf
89.5 0.0 inf
90.5 0.0 inf
91.5 0.0 inf
92.5 0.0 inf
93.5 0.0 inf
94.5 0.0 inf
95.5 0.0 inf
96.5 0.0 inf
97.5 0.0 inf
