0.5 15035001.0 0.0002578981752656584
1.5 1821239.0 0.0007409971355481002
2.5 1008708.0 0.0009956742311836774
3.5 540512.0 0.001360182960177702
4.5 309104.0 0.001798654246715788
5.5 193679.0 0.0022722637124883145
6.5 125500.0 0.0028227871846881834
7.5 85599.0 0.0034179495998405023
8.5 60916.0 0.004051672287938189
9.5 43569.0 0.004790834892735373
10.5 32067.0 0.005584326908381846
11.5 23844.0 0.00647605373157444
12.5 18059.0 0.007441374316573808
13.5 13728.0 0.008534859274986486
14.5 10531.0 0.0097446264065898
15.5 8073.0 0.011129676054902962
16.5 6347.0 0.012552081511674501
17.5 4829.0 0.014390351338241198
18.5 3809.0 0.016202965738208952
19.5 2919.0 0.018508999875628776
20.5 2251.0 0.0210771677730368
21.5 1870.0 0.023124864503144014
22.5 1393.0 0.026793191107712163
23.5 1031.0 0.03114373299321498
24.5 833.0 0.03464794643376185
25.5 592.0 0.04109974682633932
26.5 500.0 0.044721359549995794
27.5 376.0 0.05157106231293967
28.5 314.0 0.05643326479831003
29.5 234.0 0.06537204504606134
30.5 175.0 0.07559289460184544
31.5 138.0 0.08512565307587486
32.5 92.0 0.10425720702853739
33.5 73.0 0.11704114719613057
34.5 59.0 0.13018891098082389
35.5 40.0 0.15811388300841897
36.5 28.0 0.1889822365046136
37.5 26.0 0.19611613513818404
38.5 28.0 0.1889822365046136
39.5 12.0 0.2886751345948129
40.5 13.0 0.2773500981126146
41.5 11.0 0.30151134457776363
42.5 3.0 0.5773502691896258
43.5 3.0 0.5773502691896258
44.5 0.0 inf
45.5 0.0 inf
46.5 0.0 inf
47.5 0.0 inf
48.5 0.0 inf
49.5 0.0 inf
50.5 0.0 inf
51.5 0.0 inf
52.5 0.0 inf
53.5 0.0 inf
54.5 0.0 inf
55.5 0.0 inf
56.5 0.0 inf
57.5 0.0 inf
58.5 0.0 inf
59.5 0.0 inf
60.5 0.0 inf
61.5 0.0 inf
62.5 0.0 inf
63.5 0.0 inf
64.5 0.0 inf
65.5 0.0 inf
66.5 0.0 inf
67.5 0.0 inf
68.5 0.0 inf
69.5 0.0 inf
70.5 0.0 inf
71.5 0.0 inf
72.5 0.0 inf
73.5 0.0 inf
74.5 0.0 inf
75.5 0.0 inf
76.5 0.0 inf
77.5 0.0 inf
78.5 0.0 inf
79.5 0.0 inf
80.5 0.0 inf
81.5 0.0 inf
82.5 0.0 inf
83.5 0.0 inf
84.5 0.0 inf
85.5 0.0 inf
86.5 0.0 inf
87.5 0.0 inf
88.5 0.0 inf
89.5 0.0 inf
90.5 0.0 inf
91.5 0.0 inf
92.5 0.0 inf
93.5 0.0 inf
94.5 0.0 inf
95.5 0.0 inf
96.5 0.0 inf
97.5 0.0 inf
