0.5 38.8215 0.0016049586364356308
1.5 20.489 0.00220922331948085
2.5 20.8031 0.0021924816723069757
3.5 19.0285 0.0022924386539803954
4.5 16.8437 0.0024365832319454407
5.5 15.1236 0.002571416396587924
6.5 13.2564 0.002746548041790207
7.5 11.7948 0.0029117541923528918
8.5 10.5394 0.0030802931937955903
9.5 9.1985 0.003297171169063901
10.5 8.2279 0.0034862256799593197
11.5 7.2597000000000005 0.0037114247782483456
12.5 6.4658999999999995 0.003932651916226745
13.5 5.6548 0.004205245699288486
14.5 4.9657 0.004487554756565672
15.5 4.3093 0.00481722171417411
16.5 3.7965999999999998 0.005132188253185268
17.5 3.344 0.005468482990747589
18.5 2.7897 0.005987165300153471
19.5 2.4452 0.00639503324370747
20.5 2.0747 0.006942603238080475
21.5 1.8171 0.0074184057912038874
22.5 1.5032999999999999 0.008155999139183273
23.5 1.2363 0.008993693135622679
24.5 1.0483 0.00976691047892568
25.5 0.8762 0.010683126613865841
26.5 0.7250000000000001 0.01174440439029407
27.5 0.5831 0.013095692814688734
28.5 0.4892 0.014297390392514892
29.5 0.4112 0.015594571538795133
30.5 0.3255 0.017527682734987296
31.5 0.2675 0.019334729780913273
32.5 0.2026 0.022216737285146886
33.5 0.1606 0.02495325642529748
34.5 0.1292 0.027820744203732862
35.5 0.10250000000000001 0.031234752377721213
36.5 0.079 0.035578403348241
37.5 0.06620000000000001 0.03886610371682358
38.5 0.0493 0.0450377349111045
39.5 0.039400000000000004 0.05037927218598784
40.5 0.0293 0.0584206237836986
41.5 0.0262 0.06178020632152154
42.5 0.0152 0.08111071056538127
43.5 0.0132 0.08703882797784893
44.5 0.0108 0.09622504486493763
45.5 0.0068000000000000005 0.12126781251816648
46.5 0.0056 0.1336306209562122
47.5 0.004399999999999999 0.15075567228888184
48.5 0.0042 0.1543033499620919
49.5 0.0017000000000000001 0.24253562503633297
50.5 0.0021000000000000003 0.21821789023599233
51.5 0.0012000000000000001 0.28867513459481287
52.5 0.0012000000000000001 0.28867513459481287
53.5 0.0006000000000000001 0.40824829046386296
54.5 0.0007 0.3779644730092272
55.5 0.0005 0.4472135954999579
56.5 0.0 inf
57.5 0.0001 1.0
58.5 0.0002 0.7071067811865475
59.5 0.0001 1.0
60.5 0.0001 1.0
61.5 0.0 inf
62.5 0.0001 1.0
63.5 0.0001 1.0
64.5 0.0001 1.0
65.5 0.0 inf
66.5 0.0 inf
67.5 0.0001 1.0
68.5 0.0 inf
69.5 0.0 inf
70.5 0.0 inf
71.5 0.0 inf
72.5 0.0 inf
73.5 0.0 inf
74.5 0.0 inf
75.5 0.0 inf
76.5 0.0 inf
77.5 0.0 inf
78.5 0.0 inf
79.5 0.0 inf
80.5 0.0 inf
81.5 0.0 inf
82.5 0.0 inf
83.5 0.0 inf
84.5 0.0 inf
85.5 0.0 inf
86.5 0.0 inf
87.5 0.0 inf
88.5 0.0 inf
89.5 0.0 inf
90.5 0.0 inf
91.5 0.0 inf
92.5 0.0 inf
93.5 0.0 inf
94.5 0.0 inf
95.5 0.0 inf
96.5 0.0 inf
97.5 0.0 inf
