0.5 15850095.0 0.0002511794269068755
1.5 1861514.0 0.000732937338168447
2.5 1026583.0 0.0009869677589907553
3.5 547517.0 0.0013514537754876993
4.5 312038.0 0.001790178171157393
5.5 195156.0 0.002263648789792777
6.5 126366.0 0.002813098121653856
7.5 85950.0 0.0034109634006443392
8.5 61871.0 0.0040202812116207015
9.5 43545.0 0.00479215495472715
10.5 32614.0 0.005537298893282164
11.5 23792.0 0.0064831269282645725
12.5 18089.0 0.007435201121099934
13.5 13811.0 0.008509174645407333
14.5 10454.0 0.00978044808388847
15.5 7976.0 0.011197148225559731
16.5 6326.0 0.012572898403508172
17.5 5008.0 0.014130835473605538
18.5 3664.0 0.016520465011377244
19.5 2998.0 0.018263507434294626
20.5 2348.0 0.0206372085853249
21.5 1766.0 0.023796037813647444
22.5 1369.0 0.02702702702702703
23.5 1027.0 0.031204323970714827
24.5 837.0 0.03456505649101418
25.5 599.0 0.04085889232227185
26.5 486.0 0.045360921162651446
27.5 379.0 0.051366549693751415
28.5 301.0 0.0576390417704235
29.5 228.0 0.06622661785325219
30.5 185.0 0.07352146220938077
31.5 138.0 0.08512565307587486
32.5 85.0 0.10846522890932808
33.5 86.0 0.10783277320343841
34.5 49.0 0.14285714285714285
35.5 38.0 0.16222142113076254
36.5 28.0 0.1889822365046136
37.5 22.0 0.21320071635561041
38.5 13.0 0.2773500981126146
39.5 8.0 0.35355339059327373
40.5 7.0 0.3779644730092272
41.5 5.0 0.4472135954999579
42.5 6.0 0.4082482904638631
43.5 1.0 1.0
44.5 3.0 0.5773502691896258
45.5 3.0 0.5773502691896258
46.5 2.0 0.7071067811865475
47.5 1.0 1.0
48.5 0.0 inf
49.5 0.0 inf
50.5 0.0 inf
51.5 0.0 inf
52.5 0.0 inf
53.5 0.0 inf
54.5 0.0 inf
55.5 0.0 inf
56.5 0.0 inf
57.5 0.0 inf
58.5 0.0 inf
59.5 0.0 inf
60.5 1.0 1.0
61.5 0.0 inf
62.5 0.0 inf
63.5 0.0 inf
64.5 0.0 inf
65.5 0.0 inf
66.5 0.0 inf
67.5 0.0 inf
68.5 0.0 inf
69.5 0.0 inf
70.5 0.0 inf
71.5 0.0 inf
72.5 0.0 inf
73.5 0.0 inf
74.5 0.0 inf
75.5 0.0 inf
76.5 0.0 inf
77.5 0.0 inf
78.5 0.0 inf
79.5 0.0 inf
80.5 0.0 inf
81.5 0.0 inf
82.5 0.0 inf
83.5 0.0 inf
84.5 0.0 inf
85.5 0.0 inf
86.5 0.0 inf
87.5 0.0 inf
88.5 0.0 inf
89.5 0.0 inf
90.5 0.0 inf
91.5 0.0 inf
92.5 0.0 inf
93.5 0.0 inf
94.5 0.0 inf
95.5 0.0 inf
96.5 0.0 inf
97.5 0.0 inf
