0.5 17998777.0 0.00023571026813314753
1.5 1961983.0 0.0007139246544159826
2.5 1068193.0 0.0009675538294891305
3.5 563342.0 0.00133233652634989
4.5 318982.0 0.0017705855340198191
5.5 198794.0 0.0022428403660162293
6.5 129257.0 0.00278146093047196
7.5 87577.0 0.0033791305284375443
8.5 62042.0 0.004014737044439118
9.5 44296.0 0.004751357894555281
10.5 32725.0 0.00552789992822782
11.5 23942.0 0.006462786167399219
12.5 18155.0 0.007421673991501735
13.5 13991.0 0.00845426042500806
14.5 10897.0 0.00957958123392759
15.5 8077.0 0.011126919820077415
16.5 6353.0 0.012546152794578422
17.5 4966.0 0.014190465507408673
18.5 3790.0 0.0162435292576479
19.5 2945.0 0.018427115179918692
20.5 2277.0 0.020956487115397715
21.5 1797.0 0.023589892481053584
22.5 1359.0 0.027126281959038646
23.5 1131.0 0.02973505167250263
24.5 804.0 0.035267280792929914
25.5 598.0 0.040893041005476534
26.5 521.0 0.04381079543383235
27.5 411.0 0.049326362366699
28.5 298.0 0.057928444636349226
29.5 226.0 0.06651901052377393
30.5 184.0 0.07372097807744857
31.5 136.0 0.08574929257125441
32.5 124.0 0.08980265101338746
33.5 77.0 0.11396057645963795
34.5 61.0 0.12803687993289598
35.5 35.0 0.1690308509457033
36.5 26.0 0.19611613513818404
37.5 25.0 0.2
38.5 16.0 0.25
39.5 11.0 0.30151134457776363
40.5 6.0 0.4082482904638631
41.5 5.0 0.4472135954999579
42.5 4.0 0.5
43.5 1.0 1.0
44.5 0.0 inf
45.5 0.0 inf
46.5 2.0 0.7071067811865475
47.5 0.0 inf
48.5 0.0 inf
49.5 0.0 inf
50.5 0.0 inf
51.5 0.0 inf
52.5 0.0 inf
53.5 0.0 inf
54.5 0.0 inf
55.5 0.0 inf
56.5 0.0 inf
57.5 0.0 inf
58.5 0.0 inf
59.5 0.0 inf
60.5 0.0 inf
61.5 0.0 inf
62.5 0.0 inf
63.5 0.0 inf
64.5 0.0 inf
65.5 0.0 inf
66.5 0.0 inf
67.5 0.0 inf
68.5 0.0 inf
69.5 0.0 inf
70.5 0.0 inf
71.5 0.0 inf
72.5 0.0 inf
73.5 0.0 inf
74.5 0.0 inf
75.5 0.0 inf
76.5 0.0 inf
77.5 0.0 inf
78.5 0.0 inf
79.5 0.0 inf
80.5 0.0 inf
81.5 0.0 inf
82.5 0.0 inf
83.5 0.0 inf
84.5 0.0 inf
85.5 0.0 inf
86.5 0.0 inf
87.5 0.0 inf
88.5 0.0 inf
89.5 0.0 inf
90.5 0.0 inf
91.5 0.0 inf
92.5 0.0 inf
93.5 0.0 inf
94.5 0.0 inf
95.5 0.0 inf
96.5 0.0 inf
97.5 0.0 inf
