0.5 3877605.0 0.0005078298403263425
1.5 885639.0 0.00106260445790727
2.5 573590.0 0.0013203808421956846
3.5 348397.0 0.0016941926631154236
4.5 215234.0 0.002155482799392949
5.5 142197.0 0.002651885587543303
6.5 96730.0 0.0032152844941258354
7.5 67814.0 0.0038400804151979464
8.5 49357.0 0.004501172145315877
9.5 35876.0 0.005279563191235064
10.5 27232.0 0.006059827069546496
11.5 20508.0 0.006982940565610706
12.5 15664.0 0.007990034651257414
13.5 11726.0 0.009234748133298014
14.5 9195.0 0.010428554934441463
15.5 7184.0 0.011798229454575218
16.5 5720.0 0.013222147133698627
17.5 4424.0 0.015034619483106592
18.5 3371.0 0.017223468842473787
19.5 2730.0 0.019138975058773818
20.5 2061.0 0.022027286681836327
21.5 1660.0 0.0245440346836908
22.5 1228.0 0.02853650727676748
23.5 951.0 0.032427221756276076
24.5 736.0 0.036860489038724284
25.5 582.0 0.041451333614483915
26.5 442.0 0.047565149415449405
27.5 363.0 0.0524863881081478
28.5 283.0 0.0594438298277764
29.5 211.0 0.06884283908215143
30.5 148.0 0.08219949365267865
31.5 125.0 0.08944271909999159
32.5 97.0 0.10153461651336192
33.5 73.0 0.11704114719613057
34.5 47.0 0.14586499149789456
35.5 40.0 0.15811388300841897
36.5 23.0 0.20851441405707477
37.5 21.0 0.2182178902359924
38.5 23.0 0.20851441405707477
39.5 15.0 0.2581988897471611
40.5 6.0 0.4082482904638631
41.5 7.0 0.3779644730092272
42.5 4.0 0.5
43.5 1.0 1.0
44.5 2.0 0.7071067811865475
45.5 0.0 inf
46.5 2.0 0.7071067811865475
47.5 1.0 1.0
48.5 0.0 inf
49.5 1.0 1.0
50.5 0.0 inf
51.5 0.0 inf
52.5 0.0 inf
53.5 0.0 inf
54.5 0.0 inf
55.5 0.0 inf
56.5 0.0 inf
57.5 0.0 inf
58.5 0.0 inf
59.5 0.0 inf
60.5 0.0 inf
61.5 0.0 inf
62.5 0.0 inf
63.5 0.0 inf
64.5 0.0 inf
65.5 0.0 inf
66.5 0.0 inf
67.5 0.0 inf
68.5 0.0 inf
69.5 0.0 inf
70.5 0.0 inf
71.5 0.0 inf
72.5 0.0 inf
73.5 0.0 inf
74.5 0.0 inf
75.5 0.0 inf
76.5 0.0 inf
77.5 0.0 inf
78.5 0.0 inf
79.5 0.0 inf
80.5 0.0 inf
81.5 0.0 inf
82.5 0.0 inf
83.5 0.0 inf
84.5 0.0 inf
85.5 0.0 inf
86.5 0.0 inf
87.5 0.0 inf
88.5 0.0 inf
89.5 0.0 inf
90.5 0.0 inf
91.5 0.0 inf
92.5 0.0 inf
93.5 0.0 inf
94.5 0.0 inf
95.5 0.0 inf
96.5 0.0 inf
97.5 0.0 inf
