0.5 8876647.0 0.00033564140102329565
1.5 948311.0 0.0010268916107802487
2.5 515627.0 0.0013926185468122322
3.5 270807.0 0.0019216312687752215
4.5 153682.0 0.0025508710096911846
5.5 95600.0 0.0032342311367657543
6.5 61549.0 0.0040307837530652825
7.5 41837.0 0.004888996568715186
8.5 29577.0 0.005814641442977359
9.5 21506.0 0.006818991973826144
10.5 15714.0 0.007977312873530424
11.5 11573.0 0.009295591356343717
12.5 8721.0 0.010708209436720593
13.5 6663.0 0.01225081815226926
14.5 5176.0 0.013899618043744165
15.5 3817.0 0.016185977040758175
16.5 3119.0 0.01790574159082168
17.5 2318.0 0.020770324619863195
18.5 1757.0 0.02385690599332349
19.5 1381.0 0.02690934710508624
20.5 1157.0 0.029399051601892736
21.5 831.0 0.03468961565679801
22.5 710.0 0.037529331252040075
23.5 551.0 0.042601432284230495
24.5 375.0 0.051639777949432225
25.5 325.0 0.05547001962252291
26.5 235.0 0.06523280730534423
27.5 169.0 0.07692307692307693
28.5 162.0 0.07856742013183861
29.5 109.0 0.09578262852211514
30.5 67.0 0.12216944435630522
31.5 58.0 0.13130643285972254
32.5 39.0 0.16012815380508713
33.5 40.0 0.15811388300841897
34.5 27.0 0.19245008972987526
35.5 17.0 0.24253562503633297
36.5 13.0 0.2773500981126146
37.5 7.0 0.3779644730092272
38.5 6.0 0.4082482904638631
39.5 6.0 0.4082482904638631
40.5 0.0 inf
41.5 4.0 0.5
42.5 0.0 inf
43.5 0.0 inf
44.5 0.0 inf
45.5 0.0 inf
46.5 1.0 1.0
47.5 0.0 inf
48.5 0.0 inf
49.5 0.0 inf
50.5 1.0 1.0
51.5 1.0 1.0
52.5 0.0 inf
53.5 0.0 inf
54.5 0.0 inf
55.5 0.0 inf
56.5 0.0 inf
57.5 0.0 inf
58.5 0.0 inf
59.5 0.0 inf
60.5 0.0 inf
61.5 0.0 inf
62.5 0.0 inf
63.5 0.0 inf
64.5 0.0 inf
65.5 0.0 inf
66.5 0.0 inf
67.5 0.0 inf
68.5 0.0 inf
69.5 0.0 inf
70.5 0.0 inf
71.5 0.0 inf
72.5 0.0 inf
73.5 0.0 inf
74.5 0.0 inf
75.5 0.0 inf
76.5 0.0 inf
77.5 0.0 inf
78.5 0.0 inf
79.5 0.0 inf
80.5 0.0 inf
81.5 0.0 inf
82.5 0.0 inf
83.5 0.0 inf
84.5 0.0 inf
85.5 0.0 inf
86.5 0.0 inf
87.5 0.0 inf
88.5 0.0 inf
89.5 0.0 inf
90.5 0.0 inf
91.5 0.0 inf
92.5 0.0 inf
93.5 0.0 inf
94.5 0.0 inf
95.5 0.0 inf
96.5 0.0 inf
97.5 0.0 inf
