0.5 203314.0 0.0022177692503016493
1.5 80820.0 0.003517552409942727
2.5 66497.0 0.0038779211445394697
3.5 48978.0 0.004518553997674382
4.5 35579.0 0.005301553291076616
5.5 26566.0 0.0061353157150578624
6.5 19884.0 0.007091663543380536
7.5 15144.0 0.008126053915961521
8.5 11625.0 0.009274777915203366
9.5 8902.0 0.010598787991903906
10.5 6954.0 0.011991752510433927
11.5 5427.0 0.013574382706256136
12.5 4459.0 0.014975497667455975
13.5 3388.0 0.017180203318601237
14.5 2739.0 0.019107505086717085
15.5 2321.0 0.020756896976210092
16.5 1787.0 0.023655804575095973
17.5 1421.0 0.02652790545386455
18.5 1106.0 0.030069238966213184
19.5 862.0 0.03406013516450858
20.5 674.0 0.03851856078856727
21.5 497.0 0.04485613040162566
22.5 441.0 0.047619047619047616
23.5 345.0 0.05383819020581655
24.5 277.0 0.06008417681261097
25.5 210.0 0.06900655593423542
26.5 144.0 0.08333333333333333
27.5 121.0 0.09090909090909091
28.5 108.0 0.09622504486493763
29.5 84.0 0.1091089451179962
30.5 50.0 0.1414213562373095
31.5 35.0 0.1690308509457033
32.5 35.0 0.1690308509457033
33.5 25.0 0.2
34.5 19.0 0.22941573387056174
35.5 13.0 0.2773500981126146
36.5 12.0 0.2886751345948129
37.5 3.0 0.5773502691896258
38.5 3.0 0.5773502691896258
39.5 2.0 0.7071067811865475
40.5 2.0 0.7071067811865475
41.5 1.0 1.0
42.5 1.0 1.0
43.5 1.0 1.0
44.5 0.0 inf
45.5 0.0 inf
46.5 0.0 inf
47.5 1.0 1.0
48.5 0.0 inf
49.5 0.0 inf
50.5 0.0 inf
51.5 0.0 inf
52.5 0.0 inf
53.5 0.0 inf
54.5 0.0 inf
55.5 0.0 inf
56.5 0.0 inf
57.5 0.0 inf
58.5 0.0 inf
59.5 0.0 inf
60.5 0.0 inf
61.5 0.0 inf
62.5 0.0 inf
63.5 0.0 inf
64.5 0.0 inf
65.5 0.0 inf
66.5 0.0 inf
67.5 0.0 inf
68.5 0.0 inf
69.5 0.0 inf
70.5 0.0 inf
71.5 0.0 inf
72.5 0.0 inf
73.5 0.0 inf
74.5 0.0 inf
75.5 0.0 inf
76.5 0.0 inf
77.5 0.0 inf
78.5 0.0 inf
79.5 0.0 inf
80.5 0.0 inf
81.5 0.0 inf
82.5 0.0 inf
83.5 0.0 inf
84.5 0.0 inf
85.5 0.0 inf
86.5 0.0 inf
87.5 0.0 inf
88.5 0.0 inf
89.5 0.0 inf
90.5 0.0 inf
91.5 0.0 inf
92.5 0.0 inf
93.5 0.0 inf
94.5 0.0 inf
95.5 0.0 inf
96.5 0.0 inf
97.5 0.0 inf
