0.5 4105.0 0.015607862099528717
1.5 2241.0 0.021124141684149264
2.5 2194.0 0.021349204063136496
3.5 1913.0 0.022863489522874057
4.5 1658.0 0.024558833620630074
5.5 1429.0 0.0264535453763972
6.5 1235.0 0.02845551966122361
7.5 1013.0 0.03141921118033474
8.5 919.0 0.03298695623770211
9.5 762.0 0.03622617780011092
10.5 637.0 0.03962144258751637
11.5 554.0 0.042485928866208736
12.5 458.0 0.046726931351599776
13.5 402.0 0.049875466805381644
14.5 336.0 0.0545544725589981
15.5 282.0 0.05954913341754137
16.5 249.0 0.06337242505244779
17.5 191.0 0.07235746052924216
18.5 159.0 0.07930515857181442
19.5 151.0 0.08137884587711594
20.5 108.0 0.09622504486493763
21.5 79.0 0.1125087900926024
22.5 78.0 0.11322770341445956
23.5 57.0 0.13245323570650439
24.5 42.0 0.1543033499620919
25.5 33.0 0.17407765595569785
26.5 27.0 0.19245008972987526
27.5 18.0 0.23570226039551587
28.5 18.0 0.23570226039551587
29.5 22.0 0.21320071635561041
30.5 15.0 0.2581988897471611
31.5 13.0 0.2773500981126146
32.5 3.0 0.5773502691896258
33.5 0.0 inf
34.5 4.0 0.5
35.5 2.0 0.7071067811865475
36.5 1.0 1.0
37.5 0.0 inf
38.5 1.0 1.0
39.5 0.0 inf
40.5 1.0 1.0
41.5 1.0 1.0
42.5 0.0 inf
43.5 0.0 inf
44.5 0.0 inf
45.5 0.0 inf
46.5 0.0 inf
47.5 0.0 inf
48.5 0.0 inf
49.5 0.0 inf
50.5 0.0 inf
51.5 0.0 inf
52.5 0.0 inf
53.5 0.0 inf
54.5 0.0 inf
55.5 0.0 inf
56.5 0.0 inf
57.5 0.0 inf
58.5 0.0 inf
59.5 0.0 inf
60.5 0.0 inf
61.5 0.0 inf
62.5 0.0 inf
63.5 0.0 inf
64.5 0.0 inf
65.5 0.0 inf
66.5 0.0 inf
67.5 0.0 inf
68.5 0.0 inf
69.5 0.0 inf
70.5 0.0 inf
71.5 0.0 inf
72.5 0.0 inf
73.5 0.0 inf
74.5 0.0 inf
75.5 0.0 inf
76.5 0.0 inf
77.5 0.0 inf
78.5 0.0 inf
79.5 0.0 inf
80.5 0.0 inf
81.5 0.0 inf
82.5 0.0 inf
83.5 0.0 inf
84.5 0.0 inf
85.5 0.0 inf
86.5 0.0 inf
87.5 0.0 inf
88.5 0.0 inf
89.5 0.0 inf
90.5 0.0 inf
91.5 0.0 inf
92.5 0.0 inf
93.5 0.0 inf
94.5 0.0 inf
95.5 0.0 inf
96.5 0.0 inf
97.5 0.0 inf
