0.5 257035.0 0.0019724403023163666
1.5 97953.0 0.003195149100598497
2.5 79036.0 0.00355702996461066
3.5 57380.0 0.004174646709379758
4.5 40924.0 0.004943231640130917
5.5 30113.0 0.005762659883164541
6.5 22132.0 0.006721863193031414
7.5 16764.0 0.00772344705780936
8.5 13042.0 0.00875644657040788
9.5 9707.0 0.010149800012848225
10.5 7549.0 0.011509468994699063
11.5 6125.0 0.0127775312999988
12.5 4699.0 0.014588051152682585
13.5 3760.0 0.016308201826336056
14.5 3056.0 0.01808936513231054
15.5 2330.0 0.020716769761626043
16.5 1838.0 0.023325300446383042
17.5 1518.0 0.025666350116967267
18.5 1182.0 0.029086486358157505
19.5 932.0 0.03275608910402092
20.5 779.0 0.03582871819500093
21.5 552.0 0.04256282653793743
22.5 462.0 0.046524210519923545
23.5 364.0 0.052414241836095915
24.5 266.0 0.06131393394849658
25.5 181.0 0.07432941462471664
26.5 157.0 0.07980868844676221
27.5 121.0 0.09090909090909091
28.5 108.0 0.09622504486493763
29.5 82.0 0.11043152607484653
30.5 57.0 0.13245323570650439
31.5 39.0 0.16012815380508713
32.5 28.0 0.1889822365046136
33.5 20.0 0.22360679774997896
34.5 14.0 0.2672612419124244
35.5 12.0 0.2886751345948129
36.5 10.0 0.31622776601683794
37.5 4.0 0.5
38.5 9.0 0.3333333333333333
39.5 6.0 0.4082482904638631
40.5 5.0 0.4472135954999579
41.5 2.0 0.7071067811865475
42.5 2.0 0.7071067811865475
43.5 0.0 inf
44.5 1.0 1.0
45.5 1.0 1.0
46.5 0.0 inf
47.5 0.0 inf
48.5 0.0 inf
49.5 0.0 inf
50.5 0.0 inf
51.5 0.0 inf
52.5 0.0 inf
53.5 0.0 inf
54.5 0.0 inf
55.5 0.0 inf
56.5 0.0 inf
57.5 0.0 inf
58.5 0.0 inf
59.5 0.0 inf
60.5 0.0 inf
61.5 0.0 inf
62.5 0.0 inf
63.5 0.0 inf
64.5 0.0 inf
65.5 0.0 inf
66.5 0.0 inf
67.5 0.0 inf
68.5 0.0 inf
69.5 0.0 inf
70.5 0.0 inf
71.5 0.0 inf
72.5 0.0 inf
73.5 0.0 inf
74.5 0.0 inf
75.5 0.0 inf
76.5 0.0 inf
77.5 0.0 inf
78.5 0.0 inf
79.5 0.0 inf
80.5 0.0 inf
81.5 0.0 inf
82.5 0.0 inf
83.5 0.0 inf
84.5 0.0 inf
85.5 0.0 inf
86.5 0.0 inf
87.5 0.0 inf
88.5 0.0 inf
89.5 0.0 inf
90.5 0.0 inf
91.5 0.0 inf
92.5 0.0 inf
93.5 0.0 inf
94.5 0.0 inf
95.5 0.0 inf
96.5 0.0 inf
97.5 0.0 inf
