0.5 39.7118 0.0015868658487452206
1.5 21.084400000000002 0.002177806935850328
2.5 21.3557 0.0021639294342518573
3.5 19.561999999999998 0.0022609625700518673
4.5 17.3677 0.002399544705590903
5.5 15.552 0.0025357525810424356
6.5 13.627400000000002 0.002708903274113126
7.5 12.056000000000001 0.0028800390766352893
8.5 10.879 0.003031834646792182
9.5 9.454699999999999 0.003252191597636479
10.5 8.553799999999999 0.003419168109553539
11.5 7.4447 0.00366502042416204
12.5 6.6686 0.003872421885736918
13.5 5.799300000000001 0.004152524583628206
14.5 5.1262 0.004416743991035206
15.5 4.4604 0.004734924914392801
16.5 3.9024 0.005062139493589892
17.5 3.4131 0.0054128437861237265
18.5 2.9114 0.005860694198144592
19.5 2.4927 0.006333809442570878
20.5 2.1411 0.006834103067539414
21.5 1.846 0.007360107399470766
22.5 1.5335999999999999 0.008075026385191822
23.5 1.3135 0.008725392283368565
24.5 1.0769 0.009636344363694182
25.5 0.9058 0.010507123617866617
26.5 0.7312 0.0116945067431247
27.5 0.6005 0.01290456870345337
28.5 0.5043 0.0140817138826738
29.5 0.4171 0.015483883857556962
30.5 0.3401 0.017147337032429676
31.5 0.2643 0.019451424796105867
32.5 0.213 0.021667569500871973
33.5 0.1709 0.024189615691742994
34.5 0.1339 0.02732811719720984
35.5 0.10830000000000001 0.0303868562731382
36.5 0.0808 0.03517987723651459
37.5 0.0655 0.03907323325822818
38.5 0.051000000000000004 0.044280744277004756
39.5 0.038099999999999995 0.051231551957856
40.5 0.030900000000000004 0.05688801239885743
41.5 0.0231 0.0657951694959769
42.5 0.0182 0.07412493166611012
43.5 0.0141 0.0842151921066519
44.5 0.0097 0.10153461651336192
45.5 0.0075 0.11547005383792514
46.5 0.0059 0.13018891098082389
47.5 0.0059 0.13018891098082389
48.5 0.0023 0.20851441405707477
49.5 0.0028 0.1889822365046136
50.5 0.0014 0.2672612419124244
51.5 0.0018 0.23570226039551587
52.5 0.0009 0.3333333333333333
53.5 0.0006000000000000001 0.40824829046386296
54.5 0.00030000000000000003 0.5773502691896257
55.5 0.00039999999999999996 0.5000000000000001
56.5 0.0004 0.5
57.5 0.00030000000000000003 0.5773502691896257
58.5 0.0002 0.7071067811865475
59.5 0.00030000000000000003 0.5773502691896257
60.5 0.0001 1.0
61.5 0.0 inf
62.5 0.0 inf
63.5 0.0 inf
64.5 0.0 inf
65.5 0.0001 1.0
66.5 0.0 inf
67.5 0.0 inf
68.5 0.0 inf
69.5 0.0 inf
70.5 0.0 inf
71.5 0.0 inf
72.5 0.0 inf
73.5 0.0 inf
74.5 0.0 inf
75.5 0.0 inf
76.5 0.0 inf
77.5 0.0 inf
78.5 0.0 inf
79.5 0.0 inf
80.5 0.0 inf
81.5 0.0 inf
82.5 0.0 inf
83.5 0.0 inf
84.5 0.0 inf
85.5 0.0 inf
86.5 0.0 inf
87.5 0.0 inf
88.5 0.0 inf
89.5 0.0 inf
90.5 0.0 inf
91.5 0.0 inf
92.5 0.0 inf
93.5 0.0 inf
94.5 0.0 inf
95.5 0.0 inf
96.5 0.0 inf
97.5 0.0 inf
