0.5 40.256299999999996 0.0015760974705458714
1.5 21.385399999999997 0.0021624262817794464
2.5 21.6006 0.00215162753105149
3.5 19.8462 0.002244715565924543
4.5 17.5686 0.002385785652447088
5.5 15.814499999999999 0.0025146194315601098
6.5 13.828 0.0026891827363369684
7.5 12.299399999999999 0.0028513992897332917
8.5 10.945 0.003022679614376111
9.5 9.5976 0.0032278896332647126
10.5 8.645900000000001 0.0034009080956812635
11.5 7.6123 0.003624449493592482
12.5 6.7507 0.0038488022322480555
13.5 5.8772 0.004124912733238096
14.5 5.2126 0.00437998678472381
15.5 4.5550999999999995 0.004685447134872028
16.5 4.005 0.0049968779266390765
17.5 3.4598 0.005376188689126147
18.5 2.9427000000000003 0.005829442264770509
19.5 2.5331 0.00628309798423512
20.5 2.1852 0.006764791320568324
21.5 1.8497 0.007352742413412813
22.5 1.5704 0.007979852367712962
23.5 1.3051 0.008753426816735028
24.5 1.1135000000000002 0.009476651050474802
25.5 0.8988 0.010547959852684764
26.5 0.7656000000000001 0.01142875802206236
27.5 0.6 0.012909944487358056
28.5 0.5279 0.013763350473379593
29.5 0.4151 0.015521140609823767
30.5 0.3352 0.01727221339633667
31.5 0.2757 0.019045028063583717
32.5 0.2073 0.02196343933976307
33.5 0.1747 0.023925088201495553
34.5 0.1308 0.02765006318046655
35.5 0.1137 0.029656491293029667
36.5 0.0804 0.035267280792929914
37.5 0.0722 0.03721614637823934
38.5 0.051000000000000004 0.044280744277004756
39.5 0.0419 0.04885319687460315
40.5 0.029500000000000002 0.0582222509739582
41.5 0.023 0.0659380473395787
42.5 0.0193 0.07198157507486945
43.5 0.0121 0.09090909090909091
44.5 0.0088 0.10660035817780521
45.5 0.008199999999999999 0.11043152607484656
46.5 0.005900000000000001 0.13018891098082386
47.5 0.0049 0.14285714285714285
48.5 0.0034 0.17149858514250882
49.5 0.0023 0.20851441405707477
50.5 0.0021 0.2182178902359924
51.5 0.0018 0.23570226039551587
52.5 0.0014 0.2672612419124244
53.5 0.0009 0.3333333333333333
54.5 0.0006 0.4082482904638631
55.5 0.00039999999999999996 0.5000000000000001
56.5 0.0002 0.7071067811865475
57.5 0.0001 1.0
58.5 0.0001 1.0
59.5 0.0001 1.0
60.5 0.0 inf
61.5 0.0 inf
62.5 0.0 inf
63.5 0.0001 1.0
64.5 0.0 inf
65.5 0.0 inf
66.5 0.0 inf
67.5 0.0 inf
68.5 0.0 inf
69.5 0.0 inf
70.5 0.0 inf
71.5 0.0 inf
72.5 0.0 inf
73.5 0.0 inf
74.5 0.0 inf
75.5 0.0 inf
76.5 0.0 inf
77.5 0.0 inf
78.5 0.0 inf
79.5 0.0 inf
80.5 0.0 inf
81.5 0.0 inf
82.5 0.0 inf
83.5 0.0 inf
84.5 0.0 inf
85.5 0.0 inf
86.5 0.0 inf
87.5 0.0 inf
88.5 0.0 inf
89.5 0.0 inf
90.5 0.0 inf
91.5 0.0 inf
92.5 0.0 inf
93.5 0.0 inf
94.5 0.0 inf
95.5 0.0 inf
96.5 0.0 inf
97.5 0.0 inf
