0.5 43.543 0.0015154472580055746
1.5 23.2772 0.002072691330858256
2.5 23.6256 0.0020573518745572615
3.5 21.774099999999997 0.0021430381060111624
4.5 19.157 0.002284737186660745
5.5 17.2459 0.0024080032472234645
6.5 15.2394 0.0025616280241376327
7.5 13.4542 0.002726283783845133
8.5 12.0398 0.0028819760252985316
9.5 10.5281 0.0030819458176436394
10.5 9.4708 0.0032494261207876487
11.5 8.308 0.0034693790852775917
12.5 7.4024 0.0036754771354681535
13.5 6.4508 0.003937251991695351
14.5 5.7507 0.004170034460681668
15.5 4.957800000000001 0.0044911286775798365
16.5 4.3468 0.004796397531617911
17.5 3.8059000000000003 0.005125913975880431
18.5 3.263 0.0055359411297864185
19.5 2.8086 0.005966986485823201
20.5 2.4000000000000004 0.006454972243679028
21.5 2.0528 0.006979538070371129
22.5 1.7036 0.007661541957741127
23.5 1.4514 0.008300541794044923
24.5 1.216 0.009068453126375145
25.5 1.0036 0.009982048454657786
26.5 0.8477 0.01086122744671008
27.5 0.6761 0.012161706883994507
28.5 0.5726 0.013215217891996237
29.5 0.46399999999999997 0.014680505487867587
30.5 0.37670000000000003 0.016293042482672843
31.5 0.30589999999999995 0.018080492721836986
32.5 0.229 0.020896918976428647
33.5 0.1938 0.02271554252121273
34.5 0.1525 0.025607375986579195
35.5 0.11760000000000001 0.029160592175990215
36.5 0.089 0.033520076157699544
37.5 0.0769 0.036060922298730945
38.5 0.0554 0.042485928866208736
39.5 0.041400000000000006 0.04914731871829904
40.5 0.030899999999999997 0.056888012398857435
41.5 0.0247 0.06362847629757777
42.5 0.0217 0.06788442333021306
43.5 0.0149 0.08192319205190406
44.5 0.011 0.09534625892455924
45.5 0.0084 0.1091089451179962
46.5 0.0063 0.1259881576697424
47.5 0.0037 0.1643989873053573
48.5 0.0037 0.1643989873053573
49.5 0.003 0.18257418583505536
50.5 0.002 0.22360679774997896
51.5 0.0016 0.25
52.5 0.0014 0.2672612419124244
53.5 0.0015 0.2581988897471611
54.5 0.0005 0.4472135954999579
55.5 0.00030000000000000003 0.5773502691896257
56.5 0.0005 0.4472135954999579
57.5 0.0002 0.7071067811865475
58.5 0.00030000000000000003 0.5773502691896257
59.5 0.0001 1.0
60.5 0.0001 1.0
61.5 0.0001 1.0
62.5 0.0 inf
63.5 0.0 inf
64.5 0.0 inf
65.5 0.0 inf
66.5 0.0 inf
67.5 0.0 inf
68.5 0.0 inf
69.5 0.0 inf
70.5 0.0 inf
71.5 0.0 inf
72.5 0.0 inf
73.5 0.0 inf
74.5 0.0 inf
75.5 0.0 inf
76.5 0.0 inf
77.5 0.0 inf
78.5 0.0 inf
79.5 0.0 inf
80.5 0.0 inf
81.5 0.0 inf
82.5 0.0 inf
83.5 0.0 inf
84.5 0.0 inf
85.5 0.0 inf
86.5 0.0 inf
87.5 0.0 inf
88.5 0.0 inf
89.5 0.0 inf
90.5 0.0 inf
91.5 0.0 inf
92.5 0.0 inf
93.5 0.0 inf
94.5 0.0 inf
95.5 0.0 inf
96.5 0.0 inf
97.5 0.0 inf
