0.5 2303.0 0.020837855928270654
1.5 1277.0 0.027983662310423867
2.5 1307.0 0.027660638840895514
3.5 1136.0 0.02966954145484633
4.5 1082.0 0.030400895015524083
5.5 872.0 0.03386427307392982
6.5 763.0 0.03620243071279983
7.5 618.0 0.040225899335456484
8.5 570.0 0.04188539082916955
9.5 455.0 0.04688072309384954
10.5 460.0 0.04662524041201569
11.5 368.0 0.05212860351426869
12.5 295.0 0.0582222509739582
13.5 225.0 0.06666666666666667
14.5 223.0 0.06696495301824251
15.5 183.0 0.07392212709545729
16.5 153.0 0.08084520834544433
17.5 127.0 0.08873565094161139
18.5 114.0 0.0936585811581694
19.5 85.0 0.10846522890932808
20.5 80.0 0.11180339887498948
21.5 55.0 0.13483997249264842
22.5 52.0 0.1386750490563073
23.5 35.0 0.1690308509457033
24.5 30.0 0.18257418583505536
25.5 28.0 0.1889822365046136
26.5 16.0 0.25
27.5 13.0 0.2773500981126146
28.5 13.0 0.2773500981126146
29.5 2.0 0.7071067811865475
30.5 4.0 0.5
31.5 1.0 1.0
32.5 2.0 0.7071067811865475
33.5 1.0 1.0
34.5 0.0 inf
35.5 1.0 1.0
36.5 1.0 1.0
37.5 0.0 inf
38.5 0.0 inf
39.5 0.0 inf
40.5 0.0 inf
41.5 0.0 inf
42.5 0.0 inf
43.5 0.0 inf
44.5 0.0 inf
45.5 0.0 inf
46.5 0.0 inf
47.5 0.0 inf
48.5 0.0 inf
49.5 0.0 inf
50.5 0.0 inf
51.5 0.0 inf
52.5 0.0 inf
53.5 0.0 inf
54.5 0.0 inf
55.5 0.0 inf
56.5 0.0 inf
57.5 0.0 inf
58.5 0.0 inf
59.5 0.0 inf
60.5 0.0 inf
61.5 0.0 inf
62.5 0.0 inf
63.5 0.0 inf
64.5 0.0 inf
65.5 0.0 inf
66.5 0.0 inf
67.5 0.0 inf
68.5 0.0 inf
69.5 0.0 inf
70.5 0.0 inf
71.5 0.0 inf
72.5 0.0 inf
73.5 0.0 inf
74.5 0.0 inf
75.5 0.0 inf
76.5 0.0 inf
77.5 0.0 inf
78.5 0.0 inf
79.5 0.0 inf
80.5 0.0 inf
81.5 0.0 inf
82.5 0.0 inf
83.5 0.0 inf
84.5 0.0 inf
85.5 0.0 inf
86.5 0.0 inf
87.5 0.0 inf
88.5 0.0 inf
89.5 0.0 inf
90.5 0.0 inf
91.5 0.0 inf
92.5 0.0 inf
93.5 0.0 inf
94.5 0.0 inf
95.5 0.0 inf
96.5 0.0 inf
97.5 0.0 inf
