0.5 59614.0 0.004095678594764082
1.5 27344.0 0.0060474039229357485
2.5 24398.0 0.006402106383430845
3.5 19960.0 0.00707814950398772
4.5 15361.0 0.008068452663929979
5.5 12283.0 0.009022933863459025
6.5 9571.0 0.010221657901329036
7.5 7614.0 0.01146023606954215
8.5 6104.0 0.012799492126228447
9.5 4841.0 0.014372504678206121
10.5 3992.0 0.01582722344582296
11.5 3256.0 0.01752499093081954
12.5 2493.0 0.02002805893753699
13.5 2112.0 0.02175970699446223
14.5 1714.0 0.024154307519818494
15.5 1370.0 0.02701716134791496
16.5 1157.0 0.029399051601892736
17.5 955.0 0.03235924008452868
18.5 725.0 0.037139067635410375
19.5 601.0 0.04079085082240021
20.5 505.0 0.04449941594899848
21.5 371.0 0.0519174131651165
22.5 289.0 0.058823529411764705
23.5 230.0 0.0659380473395787
24.5 224.0 0.0668153104781061
25.5 150.0 0.08164965809277261
26.5 129.0 0.08804509063256238
27.5 81.0 0.1111111111111111
28.5 68.0 0.12126781251816648
29.5 63.0 0.1259881576697424
30.5 37.0 0.1643989873053573
31.5 35.0 0.1690308509457033
32.5 25.0 0.2
33.5 17.0 0.24253562503633297
34.5 11.0 0.30151134457776363
35.5 11.0 0.30151134457776363
36.5 8.0 0.35355339059327373
37.5 6.0 0.4082482904638631
38.5 1.0 1.0
39.5 3.0 0.5773502691896258
40.5 2.0 0.7071067811865475
41.5 3.0 0.5773502691896258
42.5 1.0 1.0
43.5 1.0 1.0
44.5 0.0 inf
45.5 0.0 inf
46.5 0.0 inf
47.5 0.0 inf
48.5 0.0 inf
49.5 0.0 inf
50.5 0.0 inf
51.5 0.0 inf
52.5 0.0 inf
53.5 0.0 inf
54.5 0.0 inf
55.5 0.0 inf
56.5 0.0 inf
57.5 0.0 inf
58.5 0.0 inf
59.5 0.0 inf
60.5 0.0 inf
61.5 0.0 inf
62.5 0.0 inf
63.5 0.0 inf
64.5 0.0 inf
65.5 0.0 inf
66.5 0.0 inf
67.5 0.0 inf
68.5 0.0 inf
69.5 0.0 inf
70.5 0.0 inf
71.5 0.0 inf
72.5 0.0 inf
73.5 0.0 inf
74.5 0.0 inf
75.5 0.0 inf
76.5 0.0 inf
77.5 0.0 inf
78.5 0.0 inf
79.5 0.0 inf
80.5 0.0 inf
81.5 0.0 inf
82.5 0.0 inf
83.5 0.0 inf
84.5 0.0 inf
85.5 0.0 inf
86.5 0.0 inf
87.5 0.0 inf
88.5 0.0 inf
89.5 0.0 inf
90.5 0.0 inf
91.5 0.0 inf
92.5 0.0 inf
93.5 0.0 inf
94.5 0.0 inf
95.5 0.0 inf
96.5 0.0 inf
97.5 0.0 inf
