0.5 39.7503 0.0015860971861751804
1.5 21.024900000000002 0.0021808863313620796
2.5 21.347099999999998 0.00216436527610399
3.5 19.628999999999998 0.0022571005806630118
4.5 17.2761 0.0024058976358092682
5.5 15.4833 0.002541371970640493
6.5 13.6617 0.0027055005579226334
7.5 12.1243 0.002871915536322148
8.5 10.818200000000001 0.00304034240561679
9.5 9.5077 0.0032431143740564083
10.5 8.4988 0.003430213844138581
11.5 7.4785 0.0036567287896329785
12.5 6.6328 0.0038828583636913976
13.5 5.7928 0.004154853668215185
14.5 5.1572 0.004403449428089427
15.5 4.4830000000000005 0.004722974824084496
16.5 3.9098999999999995 0.005057282045781145
17.5 3.4159 0.0054106248877813165
18.5 2.9281 0.005843957484148415
19.5 2.497 0.006328353472207684
20.5 2.1426 0.006831710425563082
21.5 1.8284 0.007395446398549713
22.5 1.5558999999999998 0.008016949715640412
23.5 1.3031000000000001 0.008760141628106604
24.5 1.0713 0.009661497538036981
25.5 0.9038999999999999 0.010518160820563628
26.5 0.7437 0.011595810494742712
27.5 0.6027 0.012880994780963318
28.5 0.5098 0.014005547295310977
29.5 0.4071 0.015672903110733747
30.5 0.33030000000000004 0.01739985836572935
31.5 0.2782 0.01895926239286929
32.5 0.2097 0.021837392736013945
33.5 0.17470000000000002 0.023925088201495553
34.5 0.1385 0.026870460745022952
35.5 0.1115 0.02994763741177399
36.5 0.0799 0.03537745688386125
37.5 0.0625 0.04
38.5 0.048299999999999996 0.045501575519329006
39.5 0.0402 0.049875466805381644
40.5 0.0314 0.05643326479831003
41.5 0.0203 0.07018624063435965
42.5 0.017099999999999997 0.07647191129018727
43.5 0.0133 0.086710996952412
44.5 0.009000000000000001 0.10540925533894598
45.5 0.0094 0.10314212462587934
46.5 0.0059 0.13018891098082389
47.5 0.0040999999999999995 0.15617376188860607
48.5 0.004 0.15811388300841897
49.5 0.0021 0.2182178902359924
50.5 0.0018 0.23570226039551587
51.5 0.0017000000000000001 0.24253562503633297
52.5 0.00039999999999999996 0.5000000000000001
53.5 0.0006000000000000001 0.40824829046386296
54.5 0.0002 0.7071067811865475
55.5 0.00030000000000000003 0.5773502691896257
56.5 0.0006000000000000001 0.40824829046386296
57.5 0.0002 0.7071067811865475
58.5 0.0002 0.7071067811865475
59.5 0.0 inf
60.5 0.0 inf
61.5 0.0001 1.0
62.5 0.0 inf
63.5 0.0 inf
64.5 0.0 inf
65.5 0.0 inf
66.5 0.0 inf
67.5 0.0 inf
68.5 0.0 inf
69.5 0.0 inf
70.5 0.0 inf
71.5 0.0 inf
72.5 0.0 inf
73.5 0.0 inf
74.5 0.0 inf
75.5 0.0 inf
76.5 0.0 inf
77.5 0.0 inf
78.5 0.0 inf
79.5 0.0 inf
80.5 0.0 inf
81.5 0.0 inf
82.5 0.0 inf
83.5 0.0 inf
84.5 0.0 inf
85.5 0.0 inf
86.5 0.0 inf
87.5 0.0 inf
88.5 0.0 inf
89.5 0.0 inf
90.5 0.0 inf
91.5 0.0 inf
92.5 0.0 inf
93.5 0.0 inf
94.5 0.0 inf
95.5 0.0 inf
96.5 0.0 inf
97.5 0.0 inf
