0.5 38.8953 0.001603435288041172
1.5 20.526799999999998 0.0022071882452826715
2.5 20.8883 0.0021880057142556974
3.5 19.1211 0.002286880985967501
4.5 16.8748 0.0024343369035436505
5.5 15.0823 0.0025749346562295387
6.5 13.306799999999999 0.0027413417809482176
7.5 11.8156 0.002909190159849892
8.5 10.5208 0.0030830148572200487
9.5 9.2031 0.0032963470509359714
10.5 8.3332 0.003464129328283234
11.5 7.310700000000001 0.00369845653083357
12.5 6.446400000000001 0.003938595451118974
13.5 5.671 0.004199234969076603
14.5 4.9747 0.0044834935793711
15.5 4.3512 0.004793971822957316
16.5 3.8161 0.005119058900432768
17.5 3.3277 0.005481859705250528
18.5 2.8482000000000003 0.005925360239523013
19.5 2.4177999999999997 0.006431167387914806
20.5 2.0681000000000003 0.00695367250018185
21.5 1.7912 0.007471846817472804
22.5 1.5001 0.008164693657357804
23.5 1.2613 0.008904115854840721
24.5 1.0510000000000002 0.009754356903036577
25.5 0.8631 0.01076389472867711
26.5 0.7165999999999999 0.011813037920774943
27.5 0.5849 0.013075526623353663
28.5 0.49829999999999997 0.014166238734668348
29.5 0.4223 0.015388258006990242
30.5 0.3276 0.017471413945365305
31.5 0.2652 0.019418390934515434
32.5 0.2037 0.02215666980146639
33.5 0.1738 0.023986954644045835
34.5 0.1225 0.02857142857142857
35.5 0.1074 0.030513909884867668
36.5 0.08449999999999999 0.034401045807689073
37.5 0.066 0.03892494720807615
38.5 0.0459 0.046676002800933654
39.5 0.035500000000000004 0.053074489243427524
40.5 0.0249 0.06337242505244779
41.5 0.0237 0.06495698024616309
42.5 0.0181 0.07432941462471662
43.5 0.0114 0.0936585811581694
44.5 0.01 0.1
45.5 0.0075 0.11547005383792514
46.5 0.0063999999999999994 0.12500000000000003
47.5 0.0045 0.14907119849998599
48.5 0.0036 0.16666666666666666
49.5 0.0024000000000000002 0.20412414523193148
50.5 0.0010999999999999998 0.3015113445777637
51.5 0.0015999999999999999 0.25000000000000006
52.5 0.0010999999999999998 0.3015113445777637
53.5 0.0006 0.4082482904638631
54.5 0.00030000000000000003 0.5773502691896257
55.5 0.0002 0.7071067811865475
56.5 0.0001 1.0
57.5 0.0002 0.7071067811865475
58.5 0.0 inf
59.5 0.0 inf
60.5 0.0 inf
61.5 0.0 inf
62.5 0.0 inf
63.5 0.0 inf
64.5 0.0 inf
65.5 0.0 inf
66.5 0.0 inf
67.5 0.0 inf
68.5 0.0 inf
69.5 0.0 inf
70.5 0.0 inf
71.5 0.0 inf
72.5 0.0 inf
73.5 0.0 inf
74.5 0.0 inf
75.5 0.0 inf
76.5 0.0 inf
77.5 0.0 inf
78.5 0.0 inf
79.5 0.0 inf
80.5 0.0 inf
81.5 0.0 inf
82.5 0.0 inf
83.5 0.0 inf
84.5 0.0 inf
85.5 0.0 inf
86.5 0.0 inf
87.5 0.0 inf
88.5 0.0 inf
89.5 0.0 inf
90.5 0.0 inf
91.5 0.0 inf
92.5 0.0 inf
93.5 0.0 inf
94.5 0.0 inf
95.5 0.0 inf
96.5 0.0 inf
97.5 0.0 inf
