0.5 52.2613 0.0013832793563283811
1.5 28.191499999999998 0.0018833928089399233
2.5 28.7713 0.0018643191356922562
3.5 26.4668 0.0019437897255454445
4.5 23.3716 0.0020685012019019382
5.5 21.0336 0.002180435251340498
6.5 18.5233 0.0023234900645172055
7.5 16.405099999999997 0.0024689401313830435
8.5 14.761800000000001 0.0026027373328190904
9.5 12.8706 0.002787408392892951
10.5 11.6002 0.002936075786684455
11.5 10.1838 0.0031336108999891615
12.5 9.0542 0.003323341403930028
13.5 7.912800000000001 0.003554961531613904
14.5 7.019 0.0037745256309136754
15.5 6.119400000000001 0.004042458581863716
16.5 5.3567 0.004320672390421678
17.5 4.6084 0.004658272775533896
18.5 3.9942 0.005003628946957028
19.5 3.4165 0.005410149764486143
20.5 2.94 0.005832118435198043
21.5 2.4943 0.0063317776659621815
22.5 2.0833 0.006928258656566468
23.5 1.7644 0.00752837901488113
24.5 1.4878 0.008198373931804339
25.5 1.2353 0.008997332686229195
26.5 1.0246 0.009879223808022305
27.5 0.832 0.010963225241337866
28.5 0.6996 0.011955702496470261
29.5 0.5669 0.013281489140293572
30.5 0.4541 0.014839670194962734
31.5 0.3722 0.01639124023930107
32.5 0.28559999999999997 0.018712029714127994
33.5 0.22749999999999998 0.020965696734438367
34.5 0.17920000000000003 0.0236227795630767
35.5 0.1503 0.0257941077511379
36.5 0.1124 0.02982749931359468
37.5 0.0935 0.03270349700838643
38.5 0.07189999999999999 0.03729370703141008
39.5 0.0568 0.041959067914834454
40.5 0.0416 0.04902903378454601
41.5 0.0314 0.05643326479831003
42.5 0.025500000000000002 0.06262242910851494
43.5 0.0194 0.07179581586177382
44.5 0.013999999999999999 0.08451542547285167
45.5 0.0098 0.10101525445522107
46.5 0.0091 0.10482848367219183
47.5 0.0058 0.13130643285972257
48.5 0.0052 0.1386750490563073
49.5 0.003 0.18257418583505536
50.5 0.0021 0.2182178902359924
51.5 0.0017 0.24253562503633297
52.5 0.0011 0.30151134457776363
53.5 0.0010999999999999998 0.3015113445777637
54.5 0.00039999999999999996 0.5000000000000001
55.5 0.0001 1.0
56.5 0.0002 0.7071067811865475
57.5 0.00030000000000000003 0.5773502691896257
58.5 0.00039999999999999996 0.5000000000000001
59.5 0.0001 1.0
60.5 0.0001 1.0
61.5 0.0001 1.0
62.5 0.0 inf
63.5 0.0 inf
64.5 0.0 inf
65.5 0.0 inf
66.5 0.0 inf
67.5 0.0 inf
68.5 0.0 inf
69.5 0.0 inf
70.5 0.0 inf
71.5 0.0 inf
72.5 0.0 inf
73.5 0.0 inf
74.5 0.0 inf
75.5 0.0 inf
76.5 0.0 inf
77.5 0.0 inf
78.5 0.0 inf
79.5 0.0 inf
80.5 0.0 inf
81.5 0.0 inf
82.5 0.0 inf
83.5 0.0 inf
84.5 0.0 inf
85.5 0.0 inf
86.5 0.0 inf
87.5 0.0 inf
88.5 0.0 inf
89.5 0.0 inf
90.5 0.0 inf
91.5 0.0 inf
92.5 0.0 inf
93.5 0.0 inf
94.5 0.0 inf
95.5 0.0 inf
96.5 0.0 inf
97.5 0.0 inf
