0.5 3782806.0 0.0005141536999213504
1.5 724713.0 0.001174672966279259
2.5 445489.0 0.0014982404134943898
3.5 259842.0 0.001961757514442073
4.5 155847.0 0.0025330909112460044
5.5 100884.0 0.003148392384767376
6.5 67829.0 0.0038396557856801485
7.5 46906.0 0.004617275626720487
8.5 33888.0 0.005432216005195397
9.5 24287.0 0.006416719627102422
10.5 18212.0 0.007410050695294241
11.5 13546.0 0.0085920038778128
12.5 10481.0 0.00976784230266285
13.5 8094.0 0.011115228625097586
14.5 6170.0 0.01273085049377989
15.5 4783.0 0.014459384601444056
16.5 3682.0 0.016480034173034293
17.5 2942.0 0.018436507984120484
18.5 2242.0 0.021119430154775586
19.5 1751.0 0.023897745234617563
20.5 1372.0 0.02699746235780194
21.5 1048.0 0.03089010316076077
22.5 835.0 0.03460642701029914
23.5 659.0 0.03895446935658099
24.5 503.0 0.04458779620677098
25.5 356.0 0.052999894000318
26.5 277.0 0.06008417681261097
27.5 240.0 0.06454972243679027
28.5 178.0 0.07495316889958614
29.5 127.0 0.08873565094161139
30.5 107.0 0.09667364890456635
31.5 76.0 0.11470786693528087
32.5 45.0 0.14907119849998599
33.5 42.0 0.1543033499620919
34.5 32.0 0.17677669529663687
35.5 28.0 0.1889822365046136
36.5 25.0 0.2
37.5 9.0 0.3333333333333333
38.5 14.0 0.2672612419124244
39.5 8.0 0.35355339059327373
40.5 2.0 0.7071067811865475
41.5 4.0 0.5
42.5 4.0 0.5
43.5 1.0 1.0
44.5 0.0 inf
45.5 1.0 1.0
46.5 0.0 inf
47.5 0.0 inf
48.5 1.0 1.0
49.5 1.0 1.0
50.5 0.0 inf
51.5 0.0 inf
52.5 0.0 inf
53.5 0.0 inf
54.5 0.0 inf
55.5 0.0 inf
56.5 0.0 inf
57.5 0.0 inf
58.5 0.0 inf
59.5 0.0 inf
60.5 0.0 inf
61.5 0.0 inf
62.5 0.0 inf
63.5 0.0 inf
64.5 0.0 inf
65.5 0.0 inf
66.5 0.0 inf
67.5 0.0 inf
68.5 0.0 inf
69.5 0.0 inf
70.5 0.0 inf
71.5 0.0 inf
72.5 0.0 inf
73.5 0.0 inf
74.5 0.0 inf
75.5 0.0 inf
76.5 0.0 inf
77.5 0.0 inf
78.5 0.0 inf
79.5 0.0 inf
80.5 0.0 inf
81.5 0.0 inf
82.5 0.0 inf
83.5 0.0 inf
84.5 0.0 inf
85.5 0.0 inf
86.5 0.0 inf
87.5 0.0 inf
88.5 0.0 inf
89.5 0.0 inf
90.5 0.0 inf
91.5 0.0 inf
92.5 0.0 inf
93.5 0.0 inf
94.5 0.0 inf
95.5 0.0 inf
96.5 0.0 inf
97.5 0.0 inf
