0.5 49.663 0.001419003689818807
1.5 26.8002 0.0019316613155376107
2.5 27.2187 0.0019167537012404151
3.5 24.9923 0.002000308071166266
4.5 22.136499999999998 0.002125423715564006
5.5 19.9208 0.002240508585060573
6.5 17.5639 0.002386104842448175
7.5 15.5662 0.002534595718666013
8.5 13.9539 0.002677023581561546
9.5 12.2608 0.002855884214108679
10.5 10.890699999999999 0.0030302056423386413
11.5 9.6049 0.0032266627556669625
12.5 8.6045 0.0034090799035562994
13.5 7.484299999999999 0.0036553116138392364
14.5 6.618399999999999 0.0038870801378497457
15.5 5.741 0.0041735558213224465
16.5 5.0847 0.004434731521553439
17.5 4.4252 0.004753719457940824
18.5 3.7603 0.005156900507983527
19.5 3.2038 0.005586853733552979
20.5 2.7615 0.006017657643351252
21.5 2.3923 0.006465352078151769
22.5 2.0103 0.007052929840176223
23.5 1.6862 0.0077009704604354325
24.5 1.3979 0.008457888344110105
25.5 1.1294 0.00940970716788264
26.5 0.9638 0.010186067247374876
27.5 0.7848999999999999 0.011287371923446516
28.5 0.6563 0.012343797766009067
29.5 0.5336 0.013689641954834839
30.5 0.4405 0.015067008859064805
31.5 0.3417 0.017107143980890235
32.5 0.27849999999999997 0.018949048189527844
33.5 0.22 0.02132007163556104
34.5 0.1726 0.024070194759954793
35.5 0.1352 0.02719641466102106
36.5 0.1049 0.03087537605472192
37.5 0.0879 0.03372916286774424
38.5 0.0697 0.03787770095392851
39.5 0.0505 0.04449941594899847
40.5 0.040900000000000006 0.049446817643414874
41.5 0.031 0.05679618342470648
42.5 0.023 0.0659380473395787
43.5 0.0187 0.07312724241271307
44.5 0.012799999999999999 0.08838834764831845
45.5 0.009000000000000001 0.10540925533894598
46.5 0.0073 0.11704114719613057
47.5 0.0057 0.13245323570650439
48.5 0.0043 0.15249857033260467
49.5 0.0039 0.16012815380508713
50.5 0.0018 0.23570226039551587
51.5 0.0014 0.2672612419124244
52.5 0.0010999999999999998 0.3015113445777637
53.5 0.0010999999999999998 0.3015113445777637
54.5 0.0002 0.7071067811865475
55.5 0.0007 0.3779644730092272
56.5 0.0002 0.7071067811865475
57.5 0.0006000000000000001 0.40824829046386296
58.5 0.00030000000000000003 0.5773502691896257
59.5 0.0001 1.0
60.5 0.0002 0.7071067811865475
61.5 0.0001 1.0
62.5 0.0 inf
63.5 0.0 inf
64.5 0.0 inf
65.5 0.0 inf
66.5 0.0 inf
67.5 0.0 inf
68.5 0.0 inf
69.5 0.0 inf
70.5 0.0 inf
71.5 0.0 inf
72.5 0.0 inf
73.5 0.0 inf
74.5 0.0 inf
75.5 0.0 inf
76.5 0.0 inf
77.5 0.0 inf
78.5 0.0 inf
79.5 0.0 inf
80.5 0.0 inf
81.5 0.0 inf
82.5 0.0 inf
83.5 0.0 inf
84.5 0.0 inf
85.5 0.0 inf
86.5 0.0 inf
87.5 0.0 inf
88.5 0.0 inf
89.5 0.0 inf
90.5 0.0 inf
91.5 0.0 inf
92.5 0.0 inf
93.5 0.0 inf
94.5 0.0 inf
95.5 0.0 inf
96.5 0.0 inf
97.5 0.0 inf
