0.5 38.6279 0.0016089755728799784
1.5 20.3664 0.0022158627940528537
2.5 20.6605 0.002200034980834295
3.5 18.9743 0.002295710489345497
4.5 16.7123 0.0024461432617582744
5.5 15.0258 0.002579771247378714
6.5 13.1503 0.0027576057102996266
7.5 11.7502 0.0029172750021911813
8.5 10.4353 0.0030956191922266126
9.5 9.1128 0.0033126387714152053
10.5 8.1501 0.003502825730857803
11.5 7.1947 0.003728152382305778
12.5 6.433999999999999 0.00394238897575858
13.5 5.6399 0.004210796935258129
14.5 4.9459 0.004496528334124529
15.5 4.3073 0.004818339969845001
16.5 3.7999 0.005129959260333804
17.5 3.2845 0.005517792529990492
18.5 2.8031 0.005972837569102093
19.5 2.3853999999999997 0.006474696153685684
20.5 2.0712 0.00694846671205331
21.5 1.8046000000000002 0.007444054147293959
22.5 1.4884 0.00819672131147541
23.5 1.2445 0.008964014482632057
24.5 1.0518999999999998 0.009750183122346417
25.5 0.8601 0.010782650440285157
26.5 0.722 0.011768778828946261
27.5 0.5791 0.013140842725612582
28.5 0.4962 0.014196184010766886
29.5 0.39049999999999996 0.016002560614563885
30.5 0.314 0.017845765256206243
31.5 0.2569 0.019729584892914265
32.5 0.20229999999999998 0.022233204294660427
33.5 0.1664 0.024514516892273006
34.5 0.134 0.027317918235407655
35.5 0.1086 0.030344856451720224
36.5 0.0817 0.03498557142706598
37.5 0.0676 0.038461538461538464
38.5 0.049199999999999994 0.04508348173337162
39.5 0.041 0.04938647983247948
40.5 0.028900000000000002 0.058823529411764705
41.5 0.022199999999999998 0.06711560552140243
42.5 0.0167 0.07738232325341368
43.5 0.0115 0.09325048082403138
44.5 0.0101 0.09950371902099892
45.5 0.0078 0.11322770341445956
46.5 0.0059 0.13018891098082389
47.5 0.0048000000000000004 0.14433756729740643
48.5 0.0019 0.22941573387056174
49.5 0.0021 0.2182178902359924
50.5 0.0018 0.23570226039551587
51.5 0.0014 0.2672612419124244
52.5 0.0004 0.5
53.5 0.00030000000000000003 0.5773502691896257
54.5 0.0005 0.4472135954999579
55.5 0.00030000000000000003 0.5773502691896257
56.5 0.0001 1.0
57.5 0.00030000000000000003 0.5773502691896257
58.5 0.0001 1.0
59.5 0.0001 1.0
60.5 0.0 inf
61.5 0.0 inf
62.5 0.0 inf
63.5 0.0001 1.0
64.5 0.0 inf
65.5 0.0 inf
66.5 0.0 inf
67.5 0.0 inf
68.5 0.0 inf
69.5 0.0 inf
70.5 0.0 inf
71.5 0.0 inf
72.5 0.0 inf
73.5 0.0 inf
74.5 0.0 inf
75.5 0.0 inf
76.5 0.0 inf
77.5 0.0 inf
78.5 0.0 inf
79.5 0.0 inf
80.5 0.0 inf
81.5 0.0 inf
82.5 0.0 inf
83.5 0.0 inf
84.5 0.0 inf
85.5 0.0 inf
86.5 0.0 inf
87.5 0.0 inf
88.5 0.0 inf
89.5 0.0 inf
90.5 0.0 inf
91.5 0.0 inf
92.5 0.0 inf
93.5 0.0 inf
94.5 0.0 inf
95.5 0.0 inf
96.5 0.0 inf
97.5 0.0 inf
