0.5 12390411.0 0.0002840907829852983
1.5 1280171.0 0.0008838244417440296
2.5 691152.0 0.0012028548273294616
3.5 361487.0 0.0016632351638950435
4.5 204260.0 0.002212627655011995
5.5 126957.0 0.0028065428299479875
6.5 81967.0 0.0034928543800282416
7.5 56006.0 0.004225544911228313
8.5 39331.0 0.005042344404177076
9.5 28010.0 0.005975076164034408
10.5 20639.0 0.006960744204593157
11.5 15660.0 0.007991055024756402
12.5 11715.0 0.009239082678541762
13.5 8791.0 0.010665491157310273
14.5 6878.0 0.012057823272239218
15.5 5088.0 0.014019303852301108
16.5 4008.0 0.015795600590164088
17.5 3139.0 0.01784860761749785
18.5 2336.0 0.0206901472150592
19.5 1912.0 0.022869467687317412
20.5 1425.0 0.02649064714130088
21.5 1127.0 0.029787773436724965
22.5 896.0 0.03340765523905305
23.5 684.0 0.038235955645093626
24.5 517.0 0.04397994971335425
25.5 400.0 0.05
26.5 263.0 0.061662641597820735
27.5 215.0 0.06819943394704735
28.5 189.0 0.07273929674533079
29.5 138.0 0.08512565307587486
30.5 98.0 0.10101525445522107
31.5 67.0 0.12216944435630522
32.5 59.0 0.13018891098082389
33.5 48.0 0.14433756729740646
34.5 38.0 0.16222142113076254
35.5 23.0 0.20851441405707477
36.5 22.0 0.21320071635561041
37.5 14.0 0.2672612419124244
38.5 15.0 0.2581988897471611
39.5 11.0 0.30151134457776363
40.5 8.0 0.35355339059327373
41.5 4.0 0.5
42.5 3.0 0.5773502691896258
43.5 2.0 0.7071067811865475
44.5 2.0 0.7071067811865475
45.5 1.0 1.0
46.5 0.0 inf
47.5 0.0 inf
48.5 0.0 inf
49.5 0.0 inf
50.5 0.0 inf
51.5 0.0 inf
52.5 1.0 1.0
53.5 0.0 inf
54.5 0.0 inf
55.5 0.0 inf
56.5 0.0 inf
57.5 0.0 inf
58.5 0.0 inf
59.5 0.0 inf
60.5 0.0 inf
61.5 0.0 inf
62.5 0.0 inf
63.5 0.0 inf
64.5 0.0 inf
65.5 0.0 inf
66.5 0.0 inf
67.5 0.0 inf
68.5 0.0 inf
69.5 0.0 inf
70.5 0.0 inf
71.5 0.0 inf
72.5 0.0 inf
73.5 0.0 inf
74.5 0.0 inf
75.5 0.0 inf
76.5 0.0 inf
77.5 0.0 inf
78.5 0.0 inf
79.5 0.0 inf
80.5 0.0 inf
81.5 0.0 inf
82.5 0.0 inf
83.5 0.0 inf
84.5 0.0 inf
85.5 0.0 inf
86.5 0.0 inf
87.5 0.0 inf
88.5 0.0 inf
89.5 0.0 inf
90.5 0.0 inf
91.5 0.0 inf
92.5 0.0 inf
93.5 0.0 inf
94.5 0.0 inf
95.5 0.0 inf
96.5 0.0 inf
97.5 0.0 inf
