0.5 38.9481 0.0016023480707509925
1.5 20.623900000000003 0.0022019862506690215
2.5 20.8566 0.002189667860677549
3.5 19.1751 0.002283658613238114
4.5 16.890900000000002 0.0024331764512286374
5.5 15.2103 0.0025640772774690908
6.5 13.3385 0.0027380823354559033
7.5 11.7711 0.0029146839896411116
8.5 10.6147 0.0030693480471738017
9.5 9.2884 0.0032811761423253124
10.5 8.276 0.0034760799685566598
11.5 7.2707999999999995 0.0037085906643696473
12.5 6.545299999999999 0.003908725944806536
13.5 5.6523 0.0042061755819931676
14.5 4.9458 0.0044965737919433375
15.5 4.3353 0.00480275488186579
16.5 3.8527 0.005094685779214694
17.5 3.3385 0.005472985653503638
18.5 2.8350999999999997 0.0059390339652215345
19.5 2.415 0.006434894520877869
20.5 2.1007 0.006899505771605444
21.5 1.8026 0.007448182623096492
22.5 1.4828999999999999 0.008211907852333965
23.5 1.2661 0.008887221319855233
24.5 1.0662 0.009684577098520617
25.5 0.8758999999999999 0.010684955968589236
26.5 0.7187 0.011795766787067874
27.5 0.5887 0.013033257689973352
28.5 0.5046999999999999 0.01407613254520419
29.5 0.4071 0.015672903110733747
30.5 0.32699999999999996 0.017487435419566728
31.5 0.2723 0.019163559494160487
32.5 0.2044 0.02211869776019044
33.5 0.16599999999999998 0.0245440346836908
34.5 0.1241 0.02838664779018298
35.5 0.1057 0.03075831259604325
36.5 0.0816 0.03500700210070024
37.5 0.0621 0.040128617695256406
38.5 0.046299999999999994 0.04647394123401731
39.5 0.038099999999999995 0.051231551957856
40.5 0.027800000000000002 0.05997601439040672
41.5 0.0246 0.06375767130633382
42.5 0.018099999999999998 0.07432941462471664
43.5 0.011200000000000002 0.0944911182523068
44.5 0.0089 0.105999788000636
45.5 0.0094 0.10314212462587934
46.5 0.0060999999999999995 0.12803687993289598
47.5 0.0035 0.1690308509457033
48.5 0.0029 0.18569533817705186
49.5 0.0035 0.1690308509457033
50.5 0.0013 0.2773500981126146
51.5 0.0015999999999999999 0.25000000000000006
52.5 0.0007 0.3779644730092272
53.5 0.0006000000000000001 0.40824829046386296
54.5 0.00030000000000000003 0.5773502691896257
55.5 0.0001 1.0
56.5 0.0001 1.0
57.5 0.00030000000000000003 0.5773502691896257
58.5 0.0001 1.0
59.5 0.0002 0.7071067811865475
60.5 0.0001 1.0
61.5 0.0 inf
62.5 0.0 inf
63.5 0.0001 1.0
64.5 0.0001 1.0
65.5 0.0001 1.0
66.5 0.0 inf
67.5 0.0 inf
68.5 0.0 inf
69.5 0.0 inf
70.5 0.0 inf
71.5 0.0 inf
72.5 0.0 inf
73.5 0.0 inf
74.5 0.0 inf
75.5 0.0 inf
76.5 0.0 inf
77.5 0.0 inf
78.5 0.0 inf
79.5 0.0 inf
80.5 0.0 inf
81.5 0.0 inf
82.5 0.0 inf
83.5 0.0 inf
84.5 0.0 inf
85.5 0.0 inf
86.5 0.0 inf
87.5 0.0 inf
88.5 0.0 inf
89.5 0.0 inf
90.5 0.0 inf
91.5 0.0 inf
92.5 0.0 inf
93.5 0.0 inf
94.5 0.0 inf
95.5 0.0 inf
96.5 0.0 inf
97.5 0.0 inf
