0.5 2441546.0 0.0006399816834743468
1.5 557452.0 0.0013393567200118653
2.5 362486.0 0.0016609416707408797
3.5 218981.0 0.0021369619171253736
4.5 135293.0 0.0027187065687439725
5.5 90122.0 0.0033310763683960663
6.5 60558.0 0.0040636307514639175
7.5 42853.0 0.004830692404505487
8.5 30943.0 0.005684847138860594
9.5 22942.0 0.006602134418950143
10.5 17134.0 0.0076395999765714855
11.5 12584.0 0.008914369779008365
12.5 9838.0 0.010081997627141645
13.5 7649.0 0.011433986353293884
14.5 5891.0 0.013028832135451885
15.5 4485.0 0.014932027335788824
16.5 3564.0 0.0167506302543202
17.5 2830.0 0.018797789509922808
18.5 2122.0 0.02170837475265037
19.5 1655.0 0.02458108230429969
20.5 1301.0 0.027724348650071385
21.5 1013.0 0.03141921118033474
22.5 779.0 0.03582871819500093
23.5 589.0 0.04120428217151646
24.5 522.0 0.04376881095324085
25.5 338.0 0.05439282932204212
26.5 320.0 0.05590169943749474
27.5 220.0 0.06741998624632421
28.5 169.0 0.07692307692307693
29.5 119.0 0.09166984970282113
30.5 116.0 0.09284766908852593
31.5 65.0 0.12403473458920847
32.5 49.0 0.14285714285714285
33.5 48.0 0.14433756729740646
34.5 28.0 0.1889822365046136
35.5 32.0 0.17677669529663687
36.5 20.0 0.22360679774997896
37.5 15.0 0.2581988897471611
38.5 15.0 0.2581988897471611
39.5 7.0 0.3779644730092272
40.5 4.0 0.5
41.5 5.0 0.4472135954999579
42.5 1.0 1.0
43.5 3.0 0.5773502691896258
44.5 1.0 1.0
45.5 0.0 inf
46.5 0.0 inf
47.5 0.0 inf
48.5 0.0 inf
49.5 0.0 inf
50.5 0.0 inf
51.5 0.0 inf
52.5 0.0 inf
53.5 0.0 inf
54.5 0.0 inf
55.5 0.0 inf
56.5 0.0 inf
57.5 0.0 inf
58.5 0.0 inf
59.5 0.0 inf
60.5 0.0 inf
61.5 0.0 inf
62.5 0.0 inf
63.5 0.0 inf
64.5 0.0 inf
65.5 0.0 inf
66.5 0.0 inf
67.5 0.0 inf
68.5 0.0 inf
69.5 0.0 inf
70.5 0.0 inf
71.5 0.0 inf
72.5 0.0 inf
73.5 0.0 inf
74.5 0.0 inf
75.5 0.0 inf
76.5 0.0 inf
77.5 0.0 inf
78.5 0.0 inf
79.5 0.0 inf
80.5 0.0 inf
81.5 0.0 inf
82.5 0.0 inf
83.5 0.0 inf
84.5 0.0 inf
85.5 0.0 inf
86.5 0.0 inf
87.5 0.0 inf
88.5 0.0 inf
89.5 0.0 inf
90.5 0.0 inf
91.5 0.0 inf
92.5 0.0 inf
93.5 0.0 inf
94.5 0.0 inf
95.5 0.0 inf
96.5 0.0 inf
97.5 0.0 inf
