0.5 40.2547 0.001576128792738005
1.5 21.3217 0.0021656540690992414
2.5 21.668999999999997 0.0021482289513658154
3.5 19.8992 0.0022417242585480645
4.5 17.5119 0.002389644877484975
5.5 15.7135 0.002522687963535013
6.5 13.859 0.0026861734523034304
7.5 12.3339 0.002847408574568624
8.5 10.9953 0.0030157577901405767
9.5 9.6082 0.003226108598721271
10.5 8.662199999999999 0.00339770677817631
11.5 7.5299 0.003644226783528369
12.5 6.7377 0.003852513462908719
13.5 5.9274000000000004 0.004107408354139788
14.5 5.2291 0.004373070978712536
15.5 4.5207999999999995 0.00470318814899217
16.5 3.9783999999999997 0.005013554922205705
17.5 3.4416 0.005390385227942924
18.5 2.9829 0.0057900278532854845
19.5 2.5318 0.0062847108642299955
20.5 2.1818 0.006770060212506287
21.5 1.8538000000000001 0.007344606980581904
22.5 1.5861 0.007940259890547474
23.5 1.3115 0.008732042735769571
24.5 1.1015 0.009528131652247949
25.5 0.9000999999999999 0.010540339975716557
26.5 0.743 0.01160127156904977
27.5 0.6144000000000001 0.012757759076995718
28.5 0.5365 0.013652592788242301
29.5 0.4266 0.01531050707248751
30.5 0.3295 0.017420968301749516
31.5 0.2681 0.019313082381200473
32.5 0.2092 0.021863473472331304
33.5 0.17359999999999998 0.02400076803686597
34.5 0.1391 0.02681244600858593
35.5 0.11069999999999999 0.03005565448891441
36.5 0.0859 0.03411955969674702
37.5 0.06570000000000001 0.039013715732043514
38.5 0.0535 0.043233770116711694
39.5 0.039599999999999996 0.050251890762960605
40.5 0.0293 0.0584206237836986
41.5 0.0245 0.06388765649999399
42.5 0.019200000000000002 0.07216878364870322
43.5 0.012799999999999999 0.08838834764831845
44.5 0.011 0.09534625892455924
45.5 0.009500000000000001 0.1025978352085154
46.5 0.006 0.12909944487358055
47.5 0.0055 0.13483997249264842
48.5 0.0031000000000000003 0.17960530202677488
49.5 0.0029 0.18569533817705186
50.5 0.0015999999999999999 0.25000000000000006
51.5 0.0018 0.23570226039551587
52.5 0.0006000000000000001 0.40824829046386296
53.5 0.00030000000000000003 0.5773502691896257
54.5 0.0007999999999999999 0.3535533905932738
55.5 0.00039999999999999996 0.5000000000000001
56.5 0.00030000000000000003 0.5773502691896257
57.5 0.0001 1.0
58.5 0.0 inf
59.5 0.0001 1.0
60.5 0.0001 1.0
61.5 0.0 inf
62.5 0.0 inf
63.5 0.0 inf
64.5 0.0 inf
65.5 0.0 inf
66.5 0.0 inf
67.5 0.0 inf
68.5 0.0 inf
69.5 0.0 inf
70.5 0.0 inf
71.5 0.0 inf
72.5 0.0 inf
73.5 0.0 inf
74.5 0.0 inf
75.5 0.0 inf
76.5 0.0 inf
77.5 0.0 inf
78.5 0.0 inf
79.5 0.0 inf
80.5 0.0 inf
81.5 0.0 inf
82.5 0.0 inf
83.5 0.0 inf
84.5 0.0 inf
85.5 0.0 inf
86.5 0.0 inf
87.5 0.0 inf
88.5 0.0 inf
89.5 0.0 inf
90.5 0.0 inf
91.5 0.0 inf
92.5 0.0 inf
93.5 0.0 inf
94.5 0.0 inf
95.5 0.0 inf
96.5 0.0 inf
97.5 0.0 inf
