0.5 531383.0 0.0013718169726793946
1.5 186288.0 0.0023169014424619535
2.5 143904.0 0.002636110233384183
3.5 100442.0 0.003155312108855641
4.5 69683.0 0.0037882321030905373
5.5 49851.0 0.004478814367536769
6.5 36134.0 0.005260681148694154
7.5 26533.0 0.006139129880520171
8.5 20011.0 0.007069124069974004
9.5 15365.0 0.008067402357668833
10.5 11865.0 0.009180495640797601
11.5 9096.0 0.01048515304975054
12.5 7014.0 0.011940351705851214
13.5 5736.0 0.013203693325496157
14.5 4470.0 0.014957060089885258
15.5 3386.0 0.017185276463055118
16.5 2792.0 0.018925279102611613
17.5 2223.0 0.02120949209919259
18.5 1670.0 0.024470439211619822
19.5 1314.0 0.027586862953412266
20.5 1095.0 0.03021989426077497
21.5 841.0 0.034482758620689655
22.5 689.0 0.03809696588797296
23.5 515.0 0.044065264923923174
24.5 431.0 0.0481683050859088
25.5 280.0 0.05976143046671968
26.5 235.0 0.06523280730534423
27.5 190.0 0.07254762501100116
28.5 136.0 0.08574929257125441
29.5 122.0 0.09053574604251853
30.5 65.0 0.12403473458920847
31.5 77.0 0.11396057645963795
32.5 56.0 0.1336306209562122
33.5 33.0 0.17407765595569785
34.5 23.0 0.20851441405707477
35.5 22.0 0.21320071635561041
36.5 18.0 0.23570226039551587
37.5 11.0 0.30151134457776363
38.5 11.0 0.30151134457776363
39.5 4.0 0.5
40.5 7.0 0.3779644730092272
41.5 5.0 0.4472135954999579
42.5 2.0 0.7071067811865475
43.5 3.0 0.5773502691896258
44.5 3.0 0.5773502691896258
45.5 0.0 inf
46.5 1.0 1.0
47.5 0.0 inf
48.5 0.0 inf
49.5 0.0 inf
50.5 0.0 inf
51.5 0.0 inf
52.5 0.0 inf
53.5 0.0 inf
54.5 0.0 inf
55.5 0.0 inf
56.5 0.0 inf
57.5 0.0 inf
58.5 0.0 inf
59.5 0.0 inf
60.5 0.0 inf
61.5 0.0 inf
62.5 0.0 inf
63.5 0.0 inf
64.5 0.0 inf
65.5 0.0 inf
66.5 0.0 inf
67.5 0.0 inf
68.5 0.0 inf
69.5 0.0 inf
70.5 0.0 inf
71.5 0.0 inf
72.5 0.0 inf
73.5 0.0 inf
74.5 0.0 inf
75.5 0.0 inf
76.5 0.0 inf
77.5 0.0 inf
78.5 0.0 inf
79.5 0.0 inf
80.5 0.0 inf
81.5 0.0 inf
82.5 0.0 inf
83.5 0.0 inf
84.5 0.0 inf
85.5 0.0 inf
86.5 0.0 inf
87.5 0.0 inf
88.5 0.0 inf
89.5 0.0 inf
90.5 0.0 inf
91.5 0.0 inf
92.5 0.0 inf
93.5 0.0 inf
94.5 0.0 inf
95.5 0.0 inf
96.5 0.0 inf
97.5 0.0 inf
