0.5 39.297799999999995 0.0015952027181215709
1.5 20.7672 0.002194375911903958
2.5 21.0917 0.0021774300253482324
3.5 19.42 0.0022692136494882288
4.5 17.0315 0.00242311234701599
5.5 15.3391 0.0025532895079702785
6.5 13.432400000000001 0.002728495186571754
7.5 11.972100000000001 0.00289011305750941
8.5 10.6779 0.0030602511889939827
9.5 9.3932 0.0032628207479860204
10.5 8.3931 0.0034517457692604743
11.5 7.337 0.00369182188924827
12.5 6.5428 0.003909472634418716
13.5 5.738099999999999 0.004174610332661874
14.5 5.0781 0.004437612493169107
15.5 4.3934 0.004770892458392565
16.5 3.8669000000000002 0.005085322843005692
17.5 3.3597 0.0054556908189624526
18.5 2.8716999999999997 0.005901065917289673
19.5 2.4516 0.006386680543661228
20.5 2.1089 0.0068860790917413435
21.5 1.8388 0.007374502929164207
22.5 1.5177 0.008117214695241506
23.5 1.2883 0.008810316224223411
24.5 1.0688 0.00967279040667671
25.5 0.8763 0.010682517037726925
26.5 0.746 0.01157792111618723
27.5 0.5972 0.01294017353406675
28.5 0.5032 0.014097096860865023
29.5 0.40559999999999996 0.015701857325533194
30.5 0.3288 0.017439502660378896
31.5 0.271 0.019209468759882463
32.5 0.20929999999999999 0.02185824984939871
33.5 0.17099999999999999 0.024182541670333724
34.5 0.1287 0.027874733666903025
35.5 0.10830000000000001 0.0303868562731382
36.5 0.07780000000000001 0.03585173696910373
37.5 0.067 0.03863337046431279
38.5 0.0506 0.044455422447438706
39.5 0.038400000000000004 0.05103103630798287
40.5 0.027700000000000002 0.06008417681261097
41.5 0.022600000000000002 0.06651901052377392
42.5 0.017599999999999998 0.07537783614444092
43.5 0.0135 0.08606629658238704
44.5 0.008199999999999999 0.11043152607484656
45.5 0.0086 0.10783277320343841
46.5 0.0067 0.12216944435630522
47.5 0.0055 0.13483997249264842
48.5 0.0034 0.17149858514250882
49.5 0.0018 0.23570226039551587
50.5 0.0016 0.25
51.5 0.0021 0.2182178902359924
52.5 0.001 0.31622776601683794
53.5 0.0005 0.4472135954999579
54.5 0.00030000000000000003 0.5773502691896257
55.5 0.0005 0.4472135954999579
56.5 0.0002 0.7071067811865475
57.5 0.0001 1.0
58.5 0.0001 1.0
59.5 0.0001 1.0
60.5 0.0001 1.0
61.5 0.0 inf
62.5 0.0001 1.0
63.5 0.0 inf
64.5 0.0002 0.7071067811865475
65.5 0.0 inf
66.5 0.0 inf
67.5 0.0001 1.0
68.5 0.0 inf
69.5 0.0 inf
70.5 0.0 inf
71.5 0.0 inf
72.5 0.0 inf
73.5 0.0 inf
74.5 0.0 inf
75.5 0.0 inf
76.5 0.0 inf
77.5 0.0 inf
78.5 0.0 inf
79.5 0.0 inf
80.5 0.0 inf
81.5 0.0 inf
82.5 0.0 inf
83.5 0.0 inf
84.5 0.0 inf
85.5 0.0 inf
86.5 0.0 inf
87.5 0.0 inf
88.5 0.0 inf
89.5 0.0 inf
90.5 0.0 inf
91.5 0.0 inf
92.5 0.0 inf
93.5 0.0 inf
94.5 0.0 inf
95.5 0.0 inf
96.5 0.0 inf
97.5 0.0 inf
