0.5 66010.0 0.0038921998683494555
1.5 7042.0 0.011916589788359697
2.5 3939.0 0.015933346823572687
3.5 2034.0 0.022173003507924643
4.5 1151.0 0.029475578546806908
5.5 769.0 0.036060922298730945
6.5 481.0 0.04559607525875532
7.5 317.0 0.05616559563017304
8.5 215.0 0.06819943394704735
9.5 169.0 0.07692307692307693
10.5 112.0 0.0944911182523068
11.5 75.0 0.11547005383792514
12.5 74.0 0.11624763874381928
13.5 44.0 0.15075567228888181
14.5 37.0 0.1643989873053573
15.5 18.0 0.23570226039551587
16.5 16.0 0.25
17.5 13.0 0.2773500981126146
18.5 5.0 0.4472135954999579
19.5 4.0 0.5
20.5 1.0 1.0
21.5 1.0 1.0
22.5 1.0 1.0
23.5 0.0 inf
24.5 0.0 inf
25.5 0.0 inf
26.5 0.0 inf
27.5 0.0 inf
28.5 0.0 inf
29.5 0.0 inf
30.5 0.0 inf
31.5 0.0 inf
32.5 0.0 inf
33.5 0.0 inf
34.5 0.0 inf
35.5 0.0 inf
36.5 0.0 inf
37.5 0.0 inf
38.5 0.0 inf
39.5 0.0 inf
40.5 0.0 inf
41.5 0.0 inf
42.5 0.0 inf
43.5 0.0 inf
44.5 0.0 inf
45.5 0.0 inf
46.5 0.0 inf
47.5 0.0 inf
48.5 0.0 inf
49.5 0.0 inf
50.5 0.0 inf
51.5 0.0 inf
52.5 0.0 inf
53.5 0.0 inf
54.5 0.0 inf
55.5 0.0 inf
56.5 0.0 inf
57.5 0.0 inf
58.5 0.0 inf
59.5 0.0 inf
60.5 0.0 inf
61.5 0.0 inf
62.5 0.0 inf
63.5 0.0 inf
64.5 0.0 inf
65.5 0.0 inf
66.5 0.0 inf
67.5 0.0 inf
68.5 0.0 inf
69.5 0.0 inf
70.5 0.0 inf
71.5 0.0 inf
72.5 0.0 inf
73.5 0.0 inf
74.5 0.0 inf
75.5 0.0 inf
76.5 0.0 inf
77.5 0.0 inf
78.5 0.0 inf
79.5 0.0 inf
80.5 0.0 inf
81.5 0.0 inf
82.5 0.0 inf
83.5 0.0 inf
84.5 0.0 inf
85.5 0.0 inf
86.5 0.0 inf
87.5 0.0 inf
88.5 0.0 inf
89.5 0.0 inf
90.5 0.0 inf
91.5 0.0 inf
92.5 0.0 inf
93.5 0.0 inf
94.5 0.0 inf
95.5 0.0 inf
96.5 0.0 inf
97.5 0.0 inf
