0.5 56.778000000000006 0.001327119268511681
1.5 30.706899999999997 0.0018046044030415724
2.5 30.957900000000002 0.0017972738418123415
3.5 28.3872 0.0018768895713004799
4.5 24.8612 0.0020055752260119525
5.5 22.331400000000002 0.0021161284431773127
6.5 19.4326 0.0022684778568452255
7.5 17.2967 0.002404464522650086
8.5 15.3574 0.0025517677944697915
9.5 13.3656 0.002735305068353976
10.5 11.967500000000001 0.0028906684468050815
11.5 10.389800000000001 0.0031023901023171903
12.5 9.2913 0.0032806640421124246
13.5 8.0515 0.00352420855713308
14.5 7.0825 0.003757566786352633
15.5 6.1051 0.0040471901461970545
16.5 5.3596 0.004319503306410426
17.5 4.6604 0.004632211743015919
18.5 3.9331 0.005042344404177076
19.5 3.372 0.005445731402675222
20.5 2.8849 0.005887550132242848
21.5 2.4413 0.006400139268545742
22.5 2.0381 0.007004663155511649
23.5 1.7248999999999999 0.007614090577745044
24.5 1.4405999999999999 0.008331597764568634
25.5 1.1842000000000001 0.009189406676625026
26.5 0.9669 0.010169725247735944
27.5 0.8064 0.01113588507968435
28.5 0.6722 0.01219693602664066
29.5 0.5386 0.01362595108199686
30.5 0.4229 0.01537733789348698
31.5 0.3466 0.016985788839624958
32.5 0.2746 0.019083135479350182
33.5 0.2179 0.021422560838887206
34.5 0.1693 0.02430365104718368
35.5 0.1436 0.026388990698462976
36.5 0.1104 0.0300964632714423
37.5 0.0845 0.034401045807689073
38.5 0.0653 0.03913302400974161
39.5 0.0516 0.04402254531628119
40.5 0.0376 0.05157106231293967
41.5 0.0295 0.0582222509739582
42.5 0.023 0.0659380473395787
43.5 0.0169 0.07692307692307693
44.5 0.0135 0.08606629658238704
45.5 0.0093 0.10369516947304253
46.5 0.0074 0.11624763874381928
47.5 0.0063999999999999994 0.12500000000000003
48.5 0.0034999999999999996 0.16903085094570333
49.5 0.0034000000000000002 0.17149858514250882
50.5 0.0023 0.20851441405707477
51.5 0.0018 0.23570226039551587
52.5 0.0007 0.3779644730092272
53.5 0.0013 0.2773500981126146
54.5 0.0007 0.3779644730092272
55.5 0.0004 0.5
56.5 0.00030000000000000003 0.5773502691896257
57.5 0.0002 0.7071067811865475
58.5 0.0 inf
59.5 0.0002 0.7071067811865475
60.5 0.0 inf
61.5 0.0001 1.0
62.5 0.0 inf
63.5 0.0001 1.0
64.5 0.0 inf
65.5 0.0 inf
66.5 0.0 inf
67.5 0.0 inf
68.5 0.0001 1.0
69.5 0.0 inf
70.5 0.0 inf
71.5 0.0 inf
72.5 0.0 inf
73.5 0.0 inf
74.5 0.0 inf
75.5 0.0 inf
76.5 0.0 inf
77.5 0.0 inf
78.5 0.0 inf
79.5 0.0 inf
80.5 0.0 inf
81.5 0.0 inf
82.5 0.0 inf
83.5 0.0 inf
84.5 0.0 inf
85.5 0.0 inf
86.5 0.0 inf
87.5 0.0 inf
88.5 0.0 inf
89.5 0.0 inf
90.5 0.0 inf
91.5 0.0 inf
92.5 0.0 inf
93.5 0.0 inf
94.5 0.0 inf
95.5 0.0 inf
96.5 0.0 inf
97.5 0.0 inf
