0.5 39.7904 0.0015852977655914638
1.5 21.1139 0.002176285005725539
2.5 21.42 0.0021606790785072146
3.5 19.6693 0.0022547871329736233
4.5 17.343 0.0024012528202918535
5.5 15.577100000000002 0.0025337087779644
6.5 13.6388 0.0027077709181469413
7.5 12.127600000000001 0.0028715247761524516
8.5 10.873999999999999 0.0030325316042613994
9.5 9.4668 0.003250112537094929
10.5 8.5236 0.0034252199875366134
11.5 7.4916 0.0036535302668451205
12.5 6.6594999999999995 0.003875066754654622
13.5 5.817500000000001 0.004146023926151212
14.5 5.1625 0.0044011884813566155
15.5 4.4635 0.004733280373481434
16.5 3.9426 0.0050362657805890975
17.5 3.3945999999999996 0.005427573289932864
18.5 2.9133 0.00585878276864357
19.5 2.4814 0.006348214768004536
20.5 2.1557 0.006810920940660971
21.5 1.823 0.007406391511166272
22.5 1.5655000000000001 0.007992331041534954
23.5 1.2896999999999998 0.008805533021980788
24.5 1.093 0.009565108902971731
25.5 0.9054 0.010509444351990528
26.5 0.7532000000000001 0.011522450320630448
27.5 0.6048 0.012858612496840992
28.5 0.5284 0.013756837127468773
29.5 0.4117 0.015585099041086523
30.5 0.33089999999999997 0.017384076178023157
31.5 0.26239999999999997 0.01952172023607576
32.5 0.2158 0.021526542445480877
33.5 0.1617 0.02486823656509969
34.5 0.13269999999999998 0.02745140256230141
35.5 0.10089999999999999 0.031481427501027934
36.5 0.0801 0.03533326266687867
37.5 0.06609999999999999 0.0388954920792207
38.5 0.0545 0.042835293687811936
39.5 0.0366 0.05227083734893167
40.5 0.0281 0.05965499862718936
41.5 0.0258 0.062257280636469035
42.5 0.0158 0.079555728417573
43.5 0.014700000000000001 0.08247860988423225
44.5 0.009999999999999998 0.1
45.5 0.009399999999999999 0.10314212462587935
46.5 0.0051 0.14002800840280097
47.5 0.0048000000000000004 0.14433756729740643
48.5 0.0035 0.1690308509457033
49.5 0.0034000000000000002 0.17149858514250882
50.5 0.0014 0.2672612419124244
51.5 0.0013 0.2773500981126146
52.5 0.0011 0.30151134457776363
53.5 0.0010999999999999998 0.3015113445777637
54.5 0.0006000000000000001 0.40824829046386296
55.5 0.00039999999999999996 0.5000000000000001
56.5 0.0003 0.5773502691896258
57.5 0.0001 1.0
58.5 0.0002 0.7071067811865475
59.5 0.0 inf
60.5 0.0001 1.0
61.5 0.0001 1.0
62.5 0.0001 1.0
63.5 0.0 inf
64.5 0.0001 1.0
65.5 0.0 inf
66.5 0.0 inf
67.5 0.0 inf
68.5 0.0 inf
69.5 0.0 inf
70.5 0.0 inf
71.5 0.0 inf
72.5 0.0 inf
73.5 0.0 inf
74.5 0.0 inf
75.5 0.0 inf
76.5 0.0 inf
77.5 0.0 inf
78.5 0.0 inf
79.5 0.0 inf
80.5 0.0 inf
81.5 0.0 inf
82.5 0.0 inf
83.5 0.0 inf
84.5 0.0 inf
85.5 0.0 inf
86.5 0.0 inf
87.5 0.0 inf
88.5 0.0 inf
89.5 0.0 inf
90.5 0.0 inf
91.5 0.0 inf
92.5 0.0 inf
93.5 0.0 inf
94.5 0.0 inf
95.5 0.0 inf
96.5 0.0 inf
97.5 0.0 inf
