0.5 42.2544 0.0015383814354781762
1.5 22.5175 0.0021073657349511047
2.5 22.8326 0.0020927739261038998
3.5 20.987099999999998 0.0021828494519703957
4.5 18.517699999999998 0.002323841365186127
5.5 16.6175 0.002453110753612644
6.5 14.5853 0.0026184381312414546
7.5 12.9941 0.00277413056681202
8.5 11.5434 0.0029432904919917094
9.5 10.1387 0.0031405727903281878
10.5 9.0855 0.0033176119267620003
11.5 7.9964 0.003536329669641898
12.5 7.0709 0.0037606477175384525
13.5 6.2158999999999995 0.004010956855895312
14.5 5.4687 0.004276199418983674
15.5 4.79 0.004569116623849539
16.5 4.184 0.004888821290839616
17.5 3.6722 0.00521839364786118
18.5 3.1055 0.005674586665747646
19.5 2.6627 0.006128283964391498
20.5 2.3149 0.006572549756259058
21.5 1.9329 0.007192755652139517
22.5 1.6558000000000002 0.00777134270015215
23.5 1.3956 0.008464854930136061
24.5 1.1535 0.009310890100790975
25.5 0.9378 0.010326303513479828
26.5 0.7778 0.01133877220897369
27.5 0.6313 0.01258583707142801
28.5 0.5367999999999999 0.013648777260815353
29.5 0.4496 0.01491374965679734
30.5 0.3599 0.016668981963846228
31.5 0.2883 0.01862420223192341
32.5 0.2254 0.02106313659355673
33.5 0.17880000000000001 0.023649188492020103
34.5 0.1407 0.026659558398736394
35.5 0.1172 0.0292103118918493
36.5 0.0958 0.03230853348756192
37.5 0.06989999999999999 0.037823473723611695
38.5 0.0531 0.04339630366027462
39.5 0.0427 0.048393391849582724
40.5 0.0353 0.05322462954123495
41.5 0.0263 0.061662641597820735
42.5 0.0197 0.07124704998790965
43.5 0.014499999999999999 0.08304547985373997
44.5 0.0103 0.09853292781642932
45.5 0.009600000000000001 0.10206207261596574
46.5 0.0060999999999999995 0.12803687993289598
47.5 0.0040999999999999995 0.15617376188860607
48.5 0.0033 0.17407765595569785
49.5 0.0025 0.2
50.5 0.0012000000000000001 0.28867513459481287
51.5 0.0013 0.2773500981126146
52.5 0.0012000000000000001 0.28867513459481287
53.5 0.0009000000000000001 0.3333333333333333
54.5 0.00030000000000000003 0.5773502691896257
55.5 0.0003 0.5773502691896258
56.5 0.0001 1.0
57.5 0.0 inf
58.5 0.00030000000000000003 0.5773502691896257
59.5 0.0001 1.0
60.5 0.0 inf
61.5 0.0 inf
62.5 0.0 inf
63.5 0.0001 1.0
64.5 0.0001 1.0
65.5 0.0 inf
66.5 0.0 inf
67.5 0.0 inf
68.5 0.0 inf
69.5 0.0 inf
70.5 0.0 inf
71.5 0.0 inf
72.5 0.0 inf
73.5 0.0 inf
74.5 0.0 inf
75.5 0.0 inf
76.5 0.0 inf
77.5 0.0 inf
78.5 0.0 inf
79.5 0.0 inf
80.5 0.0 inf
81.5 0.0 inf
82.5 0.0 inf
83.5 0.0 inf
84.5 0.0 inf
85.5 0.0 inf
86.5 0.0 inf
87.5 0.0 inf
88.5 0.0 inf
89.5 0.0 inf
90.5 0.0 inf
91.5 0.0 inf
92.5 0.0 inf
93.5 0.0 inf
94.5 0.0 inf
95.5 0.0 inf
96.5 0.0 inf
97.5 0.0 inf
