0.5 39.6077 0.0015889498416834869
1.5 21.0064 0.002181846455846362
2.5 21.2911 0.0021672097712662833
3.5 19.5991 0.0022588216185589075
4.5 17.176699999999997 0.0024128489490157575
5.5 15.4437 0.0025446281171472383
6.5 13.5937 0.0027122590025503617
7.5 12.0671 0.002878714160593886
8.5 10.782399999999999 0.00304538553427668
9.5 9.425 0.0032573117099222817
10.5 8.4559 0.0034389042260644515
11.5 7.4346 0.0036675090679961467
12.5 6.6434 0.0038797594437492322
13.5 5.8368 0.004139163615828262
14.5 5.1303 0.004414978765824379
15.5 4.4165 0.00475839929627467
16.5 3.8869 0.005072222734062749
17.5 3.4045 0.005419676081060178
18.5 2.9078 0.0058643209903769715
19.5 2.4749 0.006356545677998633
20.5 2.1336000000000004 0.006846104100678744
21.5 1.834 0.007384147008606411
22.5 1.5190000000000001 0.008113740489243782
23.5 1.2897 0.008805533021980786
24.5 1.0796999999999999 0.009623841223943637
25.5 0.9067000000000001 0.010501907582212663
26.5 0.7287 0.01171455013140142
27.5 0.5998 0.012912096682836435
28.5 0.5118 0.013978155234482158
29.5 0.4013 0.015785757253637536
30.5 0.32899999999999996 0.017434201093860166
31.5 0.2659 0.019392813966684824
32.5 0.2056 0.022054054569561544
33.5 0.1679 0.024404766228169002
34.5 0.1336 0.027358782758229137
35.5 0.11099999999999999 0.030015011259383214
36.5 0.0814 0.03504998186163908
37.5 0.0663 0.03883678186903087
38.5 0.0564 0.04210759605332595
39.5 0.0415 0.0490880693673816
40.5 0.0299 0.05783149319662402
41.5 0.0235 0.06523280730534423
42.5 0.0184 0.07372097807744857
43.5 0.0115 0.09325048082403138
44.5 0.009999999999999998 0.1
45.5 0.0083 0.10976425998969035
46.5 0.0062 0.1270001270001905
47.5 0.0039 0.16012815380508713
48.5 0.0033 0.17407765595569785
49.5 0.0023 0.20851441405707477
50.5 0.002 0.22360679774997896
51.5 0.0007 0.3779644730092272
52.5 0.0006 0.4082482904638631
53.5 0.0006000000000000001 0.40824829046386296
54.5 0.0002 0.7071067811865475
55.5 0.0002 0.7071067811865475
56.5 0.0004 0.5
57.5 0.0001 1.0
58.5 0.00030000000000000003 0.5773502691896257
59.5 0.0 inf
60.5 0.0001 1.0
61.5 0.0001 1.0
62.5 0.0 inf
63.5 0.0001 1.0
64.5 0.0 inf
65.5 0.0 inf
66.5 0.0 inf
67.5 0.0 inf
68.5 0.0 inf
69.5 0.0 inf
70.5 0.0 inf
71.5 0.0 inf
72.5 0.0 inf
73.5 0.0 inf
74.5 0.0 inf
75.5 0.0 inf
76.5 0.0 inf
77.5 0.0 inf
78.5 0.0 inf
79.5 0.0 inf
80.5 0.0 inf
81.5 0.0 inf
82.5 0.0 inf
83.5 0.0 inf
84.5 0.0 inf
85.5 0.0 inf
86.5 0.0 inf
87.5 0.0 inf
88.5 0.0 inf
89.5 0.0 inf
90.5 0.0 inf
91.5 0.0 inf
92.5 0.0 inf
93.5 0.0 inf
94.5 0.0 inf
95.5 0.0 inf
96.5 0.0 inf
97.5 0.0 inf
