0.5 38.7509 0.0016064200027132854
1.5 20.4464 0.002211523576333715
2.5 20.7531 0.0021951212330062575
3.5 19.0435 0.0022915356331648937
4.5 16.789700000000003 0.002440498426056874
5.5 15.110800000000001 0.00257250525894572
6.5 13.242899999999999 0.0027479476201988763
7.5 11.737 0.0029189149957633436
8.5 10.536200000000001 0.003080760923617976
9.5 9.2348 0.00329068455530944
10.5 8.215300000000001 0.0034888981090680994
11.5 7.2147 0.003722981356914111
12.5 6.4178999999999995 0.003947330834113185
13.5 5.6597 0.004203424916754989
14.5 4.973599999999999 0.004483989354089241
15.5 4.3002 0.004822316076122633
16.5 3.8333000000000004 0.005107561391389425
17.5 3.2862 0.005516365127405418
18.5 2.8064999999999998 0.005969218505854816
19.5 2.3745 0.006489539990660118
20.5 2.0731 0.00694528184082806
21.5 1.7901 0.0074741421555145834
22.5 1.4917 0.008187649729815208
23.5 1.2612999999999999 0.008904115854840721
24.5 1.0628000000000002 0.009700055678479392
25.5 0.8738 0.010697787819228009
26.5 0.739 0.011632626414255727
27.5 0.5860000000000001 0.013063248606829104
28.5 0.5049 0.01407334436402497
29.5 0.38980000000000004 0.016016922810454557
30.5 0.3123 0.017894270903167298
31.5 0.2542 0.019834087593950483
32.5 0.20829999999999999 0.02191065522274417
33.5 0.1601 0.02499219116020307
34.5 0.1386 0.026860765467512676
35.5 0.10339999999999999 0.031098520678556146
36.5 0.087 0.033903175181040524
37.5 0.0676 0.038461538461538464
38.5 0.0448 0.0472455591261534
39.5 0.0339 0.054312544659356844
40.5 0.0298 0.057928444636349226
41.5 0.024399999999999998 0.06401843996644799
42.5 0.0189 0.07273929674533079
43.5 0.0104 0.09805806756909202
44.5 0.011099999999999999 0.0949157995752499
45.5 0.007 0.11952286093343936
46.5 0.0058 0.13130643285972257
47.5 0.004 0.15811388300841897
48.5 0.0022 0.21320071635561041
49.5 0.0026 0.19611613513818404
50.5 0.0013 0.2773500981126146
51.5 0.0013 0.2773500981126146
52.5 0.001 0.31622776601683794
53.5 0.0006000000000000001 0.40824829046386296
54.5 0.0004 0.5
55.5 0.0005 0.4472135954999579
56.5 0.0003 0.5773502691896258
57.5 0.0 inf
58.5 0.0002 0.7071067811865475
59.5 0.0 inf
60.5 0.0001 1.0
61.5 0.0001 1.0
62.5 0.0 inf
63.5 0.0 inf
64.5 0.0 inf
65.5 0.0 inf
66.5 0.0 inf
67.5 0.0 inf
68.5 0.0 inf
69.5 0.0 inf
70.5 0.0 inf
71.5 0.0 inf
72.5 0.0 inf
73.5 0.0 inf
74.5 0.0 inf
75.5 0.0 inf
76.5 0.0 inf
77.5 0.0 inf
78.5 0.0 inf
79.5 0.0 inf
80.5 0.0 inf
81.5 0.0 inf
82.5 0.0 inf
83.5 0.0 inf
84.5 0.0 inf
85.5 0.0 inf
86.5 0.0 inf
87.5 0.0 inf
88.5 0.0 inf
89.5 0.0 inf
90.5 0.0 inf
91.5 0.0 inf
92.5 0.0 inf
93.5 0.0 inf
94.5 0.0 inf
95.5 0.0 inf
96.5 0.0 inf
97.5 0.0 inf
