0.5 61526.0 0.004031537087946299
1.5 6938.0 0.012005571878327355
2.5 3765.0 0.016297369409447485
3.5 1999.0 0.02236627204212922
4.5 1158.0 0.029386354969211666
5.5 723.0 0.037190400165280094
6.5 456.0 0.0468292905790847
7.5 335.0 0.05463583647081531
8.5 207.0 0.06950480468569159
9.5 160.0 0.07905694150420949
10.5 114.0 0.0936585811581694
11.5 86.0 0.10783277320343841
12.5 62.0 0.1270001270001905
13.5 31.0 0.1796053020267749
14.5 39.0 0.16012815380508713
15.5 21.0 0.2182178902359924
16.5 14.0 0.2672612419124244
17.5 14.0 0.2672612419124244
18.5 7.0 0.3779644730092272
19.5 7.0 0.3779644730092272
20.5 3.0 0.5773502691896258
21.5 2.0 0.7071067811865475
22.5 0.0 inf
23.5 0.0 inf
24.5 0.0 inf
25.5 0.0 inf
26.5 0.0 inf
27.5 0.0 inf
28.5 0.0 inf
29.5 0.0 inf
30.5 0.0 inf
31.5 0.0 inf
32.5 0.0 inf
33.5 0.0 inf
34.5 0.0 inf
35.5 0.0 inf
36.5 0.0 inf
37.5 0.0 inf
38.5 0.0 inf
39.5 0.0 inf
40.5 0.0 inf
41.5 0.0 inf
42.5 0.0 inf
43.5 0.0 inf
44.5 0.0 inf
45.5 0.0 inf
46.5 0.0 inf
47.5 0.0 inf
48.5 0.0 inf
49.5 0.0 inf
50.5 0.0 inf
51.5 0.0 inf
52.5 0.0 inf
53.5 0.0 inf
54.5 0.0 inf
55.5 0.0 inf
56.5 0.0 inf
57.5 0.0 inf
58.5 0.0 inf
59.5 0.0 inf
60.5 0.0 inf
61.5 0.0 inf
62.5 0.0 inf
63.5 0.0 inf
64.5 0.0 inf
65.5 0.0 inf
66.5 0.0 inf
67.5 0.0 inf
68.5 0.0 inf
69.5 0.0 inf
70.5 0.0 inf
71.5 0.0 inf
72.5 0.0 inf
73.5 0.0 inf
74.5 0.0 inf
75.5 0.0 inf
76.5 0.0 inf
77.5 0.0 inf
78.5 0.0 inf
79.5 0.0 inf
80.5 0.0 inf
81.5 0.0 inf
82.5 0.0 inf
83.5 0.0 inf
84.5 0.0 inf
85.5 0.0 inf
86.5 0.0 inf
87.5 0.0 inf
88.5 0.0 inf
89.5 0.0 inf
90.5 0.0 inf
91.5 0.0 inf
92.5 0.0 inf
93.5 0.0 inf
94.5 0.0 inf
95.5 0.0 inf
96.5 0.0 inf
97.5 0.0 inf
