0.5 46.5177 0.0014661921272937997
1.5 24.9796 0.002000816499731829
2.5 25.2426 0.001990366059392865
3.5 23.236600000000003 0.0020745012888968677
4.5 20.4745 0.0022100054647977694
5.5 18.3579 0.0023339336204595755
6.5 16.119 0.002490754664790113
7.5 14.2955 0.0026448456065197084
8.5 12.8213 0.0027927622722680643
9.5 11.183 0.0029903418410291197
10.5 9.9636 0.003168048765414979
11.5 8.7714 0.0033764905747819787
12.5 7.8027999999999995 0.003579931875976553
13.5 6.8411 0.0038232881487278046
14.5 6.0207 0.0040754587913050914
15.5 5.2326 0.004371608196470187
16.5 4.5852 0.004670042771249588
17.5 3.965 0.005022019609518254
18.5 3.4131 0.0054128437861237265
19.5 2.9034 0.005868762893640391
20.5 2.5073999999999996 0.006315215707296792
21.5 2.1136999999999997 0.006878255851430823
22.5 1.7881 0.00747832092256112
23.5 1.5034999999999998 0.008155456653623513
24.5 1.2628 0.008898825966347891
25.5 1.0241 0.009881635198086781
26.5 0.8488 0.010854187376325186
27.5 0.702 0.011935247900657215
28.5 0.5968 0.012944509326962443
29.5 0.47150000000000003 0.014563278388210303
30.5 0.3813 0.016194464706281598
31.5 0.3097 0.017969227094577368
32.5 0.246 0.020161945963637795
33.5 0.1955 0.02261656365159503
34.5 0.1482 0.025976216673306556
35.5 0.1237 0.028432506701809173
36.5 0.0952 0.03241018617760821
37.5 0.0728 0.03706246583305506
38.5 0.0593 0.04106507811765909
39.5 0.041 0.04938647983247948
40.5 0.0359 0.05277798139692595
41.5 0.025 0.06324555320336758
42.5 0.0208 0.06933752452815364
43.5 0.0138 0.08512565307587486
44.5 0.011300000000000001 0.09407208683835973
45.5 0.0108 0.09622504486493763
46.5 0.007 0.11952286093343936
47.5 0.0060999999999999995 0.12803687993289598
48.5 0.0039 0.16012815380508713
49.5 0.0031999999999999997 0.1767766952966369
50.5 0.0017 0.24253562503633297
51.5 0.0015999999999999999 0.25000000000000006
52.5 0.00039999999999999996 0.5000000000000001
53.5 0.0008 0.35355339059327373
54.5 0.0008 0.35355339059327373
55.5 0.0007 0.3779644730092272
56.5 0.00030000000000000003 0.5773502691896257
57.5 0.0001 1.0
58.5 0.0006 0.4082482904638631
59.5 0.0002 0.7071067811865475
60.5 0.0 inf
61.5 0.0001 1.0
62.5 0.0 inf
63.5 0.0 inf
64.5 0.0 inf
65.5 0.0 inf
66.5 0.0 inf
67.5 0.0 inf
68.5 0.0 inf
69.5 0.0 inf
70.5 0.0 inf
71.5 0.0 inf
72.5 0.0 inf
73.5 0.0 inf
74.5 0.0 inf
75.5 0.0 inf
76.5 0.0 inf
77.5 0.0 inf
78.5 0.0 inf
79.5 0.0 inf
80.5 0.0 inf
81.5 0.0 inf
82.5 0.0 inf
83.5 0.0 inf
84.5 0.0 inf
85.5 0.0 inf
86.5 0.0 inf
87.5 0.0 inf
88.5 0.0 inf
89.5 0.0 inf
90.5 0.0 inf
91.5 0.0 inf
92.5 0.0 inf
93.5 0.0 inf
94.5 0.0 inf
95.5 0.0 inf
96.5 0.0 inf
97.5 0.0 inf
