0.5 16067.0 0.00788919340789183
1.5 3503.0 0.016895845568892596
2.5 2252.0 0.02107248759805448
3.5 1305.0 0.027681826617913324
4.5 815.0 0.035028472205202936
5.5 571.0 0.04184869753186872
6.5 343.0 0.05399492471560388
7.5 243.0 0.06415002990995841
8.5 175.0 0.07559289460184544
9.5 130.0 0.08770580193070293
10.5 104.0 0.09805806756909202
11.5 76.0 0.11470786693528087
12.5 52.0 0.1386750490563073
13.5 32.0 0.17677669529663687
14.5 45.0 0.14907119849998599
15.5 16.0 0.25
16.5 8.0 0.35355339059327373
17.5 6.0 0.4082482904638631
18.5 4.0 0.5
19.5 4.0 0.5
20.5 2.0 0.7071067811865475
21.5 2.0 0.7071067811865475
22.5 1.0 1.0
23.5 2.0 0.7071067811865475
24.5 0.0 inf
25.5 0.0 inf
26.5 0.0 inf
27.5 0.0 inf
28.5 0.0 inf
29.5 0.0 inf
30.5 0.0 inf
31.5 0.0 inf
32.5 0.0 inf
33.5 0.0 inf
34.5 0.0 inf
35.5 0.0 inf
36.5 0.0 inf
37.5 0.0 inf
38.5 0.0 inf
39.5 0.0 inf
40.5 0.0 inf
41.5 0.0 inf
42.5 0.0 inf
43.5 0.0 inf
44.5 0.0 inf
45.5 0.0 inf
46.5 0.0 inf
47.5 0.0 inf
48.5 0.0 inf
49.5 0.0 inf
50.5 0.0 inf
51.5 0.0 inf
52.5 0.0 inf
53.5 0.0 inf
54.5 0.0 inf
55.5 0.0 inf
56.5 0.0 inf
57.5 0.0 inf
58.5 0.0 inf
59.5 0.0 inf
60.5 0.0 inf
61.5 0.0 inf
62.5 0.0 inf
63.5 0.0 inf
64.5 0.0 inf
65.5 0.0 inf
66.5 0.0 inf
67.5 0.0 inf
68.5 0.0 inf
69.5 0.0 inf
70.5 0.0 inf
71.5 0.0 inf
72.5 0.0 inf
73.5 0.0 inf
74.5 0.0 inf
75.5 0.0 inf
76.5 0.0 inf
77.5 0.0 inf
78.5 0.0 inf
79.5 0.0 inf
80.5 0.0 inf
81.5 0.0 inf
82.5 0.0 inf
83.5 0.0 inf
84.5 0.0 inf
85.5 0.0 inf
86.5 0.0 inf
87.5 0.0 inf
88.5 0.0 inf
89.5 0.0 inf
90.5 0.0 inf
91.5 0.0 inf
92.5 0.0 inf
93.5 0.0 inf
94.5 0.0 inf
95.5 0.0 inf
96.5 0.0 inf
97.5 0.0 inf
