0.5 38.5884 0.001609798854999291
1.5 20.3261 0.002218058371453899
2.5 20.651699999999998 0.0022005036649097236
3.5 18.9164 0.0022992212017395736
4.5 16.7116 0.002446194492111825
5.5 14.962900000000001 0.0025851878924350816
6.5 13.1728 0.0027552496187382277
7.5 11.712 0.0029220286388261527
8.5 10.4403 0.00309487783663472
9.5 9.1105 0.0033130568927238653
10.5 8.206900000000001 0.0034906831465899403
11.5 7.1627 0.003736471027944265
12.5 6.3918 0.003955381803844057
13.5 5.6323 0.004213636917895066
14.5 4.9181 0.0045092189399320816
15.5 4.2854 0.004830636041965398
16.5 3.7834 0.005141133368502958
17.5 3.2868000000000004 0.005515861602679126
18.5 2.7885 0.0059884534166271
19.5 2.3750999999999998 0.006488720242031741
20.5 2.1075999999999997 0.006888202483947431
21.5 1.7849 0.007485021553057031
22.5 1.5081 0.008143009285605
23.5 1.2506 0.008942126057216868
24.5 1.0428000000000002 0.00979263322686593
25.5 0.8416 0.010900518004923684
26.5 0.7258 0.011737930076466722
27.5 0.5815 0.013113696868991484
28.5 0.487 0.01432964790338226
29.5 0.39549999999999996 0.015901084888526044
30.5 0.3007 0.01823615546505513
31.5 0.2529 0.01988499954239645
32.5 0.19729999999999998 0.022513159974164025
33.5 0.1631 0.024761275912089115
34.5 0.1227 0.02854813347699592
35.5 0.10619999999999999 0.030685820596610777
36.5 0.07669999999999999 0.036107907233705945
37.5 0.0669 0.038662233651352955
38.5 0.051699999999999996 0.04397994971335425
39.5 0.039400000000000004 0.05037927218598784
40.5 0.0322 0.05572782125753528
41.5 0.0234 0.06537204504606134
42.5 0.017 0.07669649888473704
43.5 0.013399999999999999 0.08638684255813601
44.5 0.009600000000000001 0.10206207261596574
45.5 0.0078 0.11322770341445956
46.5 0.0057 0.13245323570650439
47.5 0.0042 0.1543033499620919
48.5 0.0033 0.17407765595569785
49.5 0.0031000000000000003 0.17960530202677488
50.5 0.0011 0.30151134457776363
51.5 0.0007999999999999999 0.3535533905932738
52.5 0.0009 0.3333333333333333
53.5 0.0005 0.4472135954999579
54.5 0.0006 0.4082482904638631
55.5 0.0002 0.7071067811865475
56.5 0.00030000000000000003 0.5773502691896257
57.5 0.00030000000000000003 0.5773502691896257
58.5 0.0001 1.0
59.5 0.0001 1.0
60.5 0.0 inf
61.5 0.0 inf
62.5 0.0 inf
63.5 0.0 inf
64.5 0.0 inf
65.5 0.0 inf
66.5 0.0 inf
67.5 0.0 inf
68.5 0.0 inf
69.5 0.0 inf
70.5 0.0 inf
71.5 0.0 inf
72.5 0.0 inf
73.5 0.0 inf
74.5 0.0 inf
75.5 0.0 inf
76.5 0.0 inf
77.5 0.0 inf
78.5 0.0 inf
79.5 0.0 inf
80.5 0.0 inf
81.5 0.0 inf
82.5 0.0 inf
83.5 0.0 inf
84.5 0.0 inf
85.5 0.0 inf
86.5 0.0 inf
87.5 0.0 inf
88.5 0.0 inf
89.5 0.0 inf
90.5 0.0 inf
91.5 0.0 inf
92.5 0.0 inf
93.5 0.0 inf
94.5 0.0 inf
95.5 0.0 inf
96.5 0.0 inf
97.5 0.0 inf
