0.5 196073.0 0.0022583492364807722
1.5 22480.0 0.006669631606402601
2.5 12401.0 0.00897990301577517
3.5 6672.0 0.012242552671859794
4.5 3701.0 0.016437677572823703
5.5 2437.0 0.020256865075416467
6.5 1482.0 0.025976216673306556
7.5 1081.0 0.030414953233623677
8.5 773.0 0.03596750006328032
9.5 514.0 0.04410810913912309
10.5 405.0 0.049690399499995326
11.5 258.0 0.062257280636469035
12.5 253.0 0.06286946134619315
13.5 166.0 0.07761505257063328
14.5 112.0 0.0944911182523068
15.5 104.0 0.09805806756909202
16.5 62.0 0.1270001270001905
17.5 63.0 0.1259881576697424
18.5 45.0 0.14907119849998599
19.5 32.0 0.17677669529663687
20.5 20.0 0.22360679774997896
21.5 11.0 0.30151134457776363
22.5 11.0 0.30151134457776363
23.5 4.0 0.5
24.5 1.0 1.0
25.5 2.0 0.7071067811865475
26.5 3.0 0.5773502691896258
27.5 0.0 inf
28.5 0.0 inf
29.5 0.0 inf
30.5 0.0 inf
31.5 1.0 1.0
32.5 0.0 inf
33.5 0.0 inf
34.5 0.0 inf
35.5 0.0 inf
36.5 0.0 inf
37.5 0.0 inf
38.5 0.0 inf
39.5 0.0 inf
40.5 0.0 inf
41.5 0.0 inf
42.5 0.0 inf
43.5 0.0 inf
44.5 0.0 inf
45.5 0.0 inf
46.5 0.0 inf
47.5 0.0 inf
48.5 0.0 inf
49.5 0.0 inf
50.5 0.0 inf
51.5 0.0 inf
52.5 0.0 inf
53.5 0.0 inf
54.5 0.0 inf
55.5 0.0 inf
56.5 0.0 inf
57.5 0.0 inf
58.5 0.0 inf
59.5 0.0 inf
60.5 0.0 inf
61.5 0.0 inf
62.5 0.0 inf
63.5 0.0 inf
64.5 0.0 inf
65.5 0.0 inf
66.5 0.0 inf
67.5 0.0 inf
68.5 0.0 inf
69.5 0.0 inf
70.5 0.0 inf
71.5 0.0 inf
72.5 0.0 inf
73.5 0.0 inf
74.5 0.0 inf
75.5 0.0 inf
76.5 0.0 inf
77.5 0.0 inf
78.5 0.0 inf
79.5 0.0 inf
80.5 0.0 inf
81.5 0.0 inf
82.5 0.0 inf
83.5 0.0 inf
84.5 0.0 inf
85.5 0.0 inf
86.5 0.0 inf
87.5 0.0 inf
88.5 0.0 inf
89.5 0.0 inf
90.5 0.0 inf
91.5 0.0 inf
92.5 0.0 inf
93.5 0.0 inf
94.5 0.0 inf
95.5 0.0 inf
96.5 0.0 inf
97.5 0.0 inf
