0.5 38.5619 0.0016103518923648106
1.5 20.3672 0.0022158192753648923
2.5 20.6421 0.002201015298406989
3.5 18.936500000000002 0.002298000632570721
4.5 16.668 0.00244939176907185
5.5 14.9407 0.002587107811448967
6.5 13.2249 0.0027498170573194056
7.5 11.6883 0.0029249895916258688
8.5 10.4197 0.003097935650367586
9.5 9.1352 0.003308574894771348
10.5 8.214500000000001 0.003489067994668846
11.5 7.1781 0.0037324607362475494
12.5 6.4143 0.003948438390485743
13.5 5.5941 0.004227999110124665
14.5 4.948 0.0044955740382859434
15.5 4.2968 0.004824223615743131
16.5 3.7862 0.005139232011492772
17.5 3.2679 0.005531789183946693
18.5 2.7796000000000003 0.00599803296772699
19.5 2.4068 0.0064458470860551545
20.5 2.0741 0.006943607350883809
21.5 1.7650000000000001 0.007527099294949815
22.5 1.5045000000000002 0.008152745848611406
23.5 1.2553 0.00892537013998548
24.5 1.0493999999999999 0.009761790210957046
25.5 0.8531 0.010826797874778605
26.5 0.7129 0.011843653487339989
27.5 0.5883 0.013037687757297063
28.5 0.4961 0.014197614717146007
29.5 0.3936 0.015939417826583455
30.5 0.31810000000000005 0.017730384976049764
31.5 0.2631 0.0194957333382473
32.5 0.20729999999999998 0.02196343933976307
33.5 0.1622 0.024829877392851134
34.5 0.1243 0.02836380138986998
35.5 0.1041 0.030993786368687184
36.5 0.0784 0.03571428571428571
37.5 0.0655 0.03907323325822818
38.5 0.0471 0.04607756775840914
39.5 0.037000000000000005 0.05198752449100363
40.5 0.0298 0.057928444636349226
41.5 0.0194 0.07179581586177382
42.5 0.0161 0.07881104062391006
43.5 0.013399999999999999 0.08638684255813601
44.5 0.0103 0.09853292781642932
45.5 0.0083 0.10976425998969035
46.5 0.0052 0.1386750490563073
47.5 0.0041 0.15617376188860607
48.5 0.0029 0.18569533817705186
49.5 0.0021000000000000003 0.21821789023599233
50.5 0.0015 0.2581988897471611
51.5 0.0019000000000000002 0.22941573387056174
52.5 0.0011 0.30151134457776363
53.5 0.0008 0.35355339059327373
54.5 0.0003 0.5773502691896258
55.5 0.0002 0.7071067811865475
56.5 0.0002 0.7071067811865475
57.5 0.00039999999999999996 0.5000000000000001
58.5 0.0002 0.7071067811865475
59.5 0.0002 0.7071067811865475
60.5 0.0 inf
61.5 0.0002 0.7071067811865475
62.5 0.0002 0.7071067811865475
63.5 0.0 inf
64.5 0.0 inf
65.5 0.0 inf
66.5 0.0 inf
67.5 0.0 inf
68.5 0.0 inf
69.5 0.0 inf
70.5 0.0 inf
71.5 0.0 inf
72.5 0.0 inf
73.5 0.0 inf
74.5 0.0 inf
75.5 0.0 inf
76.5 0.0 inf
77.5 0.0 inf
78.5 0.0 inf
79.5 0.0 inf
80.5 0.0 inf
81.5 0.0 inf
82.5 0.0 inf
83.5 0.0 inf
84.5 0.0 inf
85.5 0.0 inf
86.5 0.0 inf
87.5 0.0 inf
88.5 0.0 inf
89.5 0.0 inf
90.5 0.0 inf
91.5 0.0 inf
92.5 0.0 inf
93.5 0.0 inf
94.5 0.0 inf
95.5 0.0 inf
96.5 0.0 inf
97.5 0.0 inf
