0.5 123755.0 0.0028426187920125986
1.5 18333.0 0.0073855566004887956
2.5 10552.0 0.009734924972248867
3.5 5917.0 0.013000175503553956
4.5 3420.0 0.017099639201419235
5.5 2212.0 0.021262162778128115
6.5 1376.0 0.026958193300859603
7.5 996.0 0.031686212526223896
8.5 686.0 0.038180177416060626
9.5 550.0 0.04264014327112208
10.5 357.0 0.05292561240249631
11.5 286.0 0.05913123959890826
12.5 204.0 0.07001400420140048
13.5 147.0 0.08247860988423225
14.5 120.0 0.09128709291752768
15.5 87.0 0.10721125348377948
16.5 77.0 0.11396057645963795
17.5 59.0 0.13018891098082389
18.5 34.0 0.17149858514250882
19.5 38.0 0.16222142113076254
20.5 20.0 0.22360679774997896
21.5 15.0 0.2581988897471611
22.5 7.0 0.3779644730092272
23.5 8.0 0.35355339059327373
24.5 3.0 0.5773502691896258
25.5 7.0 0.3779644730092272
26.5 1.0 1.0
27.5 0.0 inf
28.5 0.0 inf
29.5 0.0 inf
30.5 0.0 inf
31.5 0.0 inf
32.5 0.0 inf
33.5 0.0 inf
34.5 0.0 inf
35.5 0.0 inf
36.5 0.0 inf
37.5 0.0 inf
38.5 0.0 inf
39.5 0.0 inf
40.5 0.0 inf
41.5 0.0 inf
42.5 0.0 inf
43.5 0.0 inf
44.5 0.0 inf
45.5 0.0 inf
46.5 0.0 inf
47.5 0.0 inf
48.5 0.0 inf
49.5 0.0 inf
50.5 0.0 inf
51.5 0.0 inf
52.5 0.0 inf
53.5 0.0 inf
54.5 0.0 inf
55.5 0.0 inf
56.5 0.0 inf
57.5 0.0 inf
58.5 0.0 inf
59.5 0.0 inf
60.5 0.0 inf
61.5 0.0 inf
62.5 0.0 inf
63.5 0.0 inf
64.5 0.0 inf
65.5 0.0 inf
66.5 0.0 inf
67.5 0.0 inf
68.5 0.0 inf
69.5 0.0 inf
70.5 0.0 inf
71.5 0.0 inf
72.5 0.0 inf
73.5 0.0 inf
74.5 0.0 inf
75.5 0.0 inf
76.5 0.0 inf
77.5 0.0 inf
78.5 0.0 inf
79.5 0.0 inf
80.5 0.0 inf
81.5 0.0 inf
82.5 0.0 inf
83.5 0.0 inf
84.5 0.0 inf
85.5 0.0 inf
86.5 0.0 inf
87.5 0.0 inf
88.5 0.0 inf
89.5 0.0 inf
90.5 0.0 inf
91.5 0.0 inf
92.5 0.0 inf
93.5 0.0 inf
94.5 0.0 inf
95.5 0.0 inf
96.5 0.0 inf
97.5 0.0 inf
