0.5 38.5287 0.0016110455592992636
1.5 20.3368 0.002217474790282215
2.5 20.6087 0.0022027981413214777
3.5 18.8619 0.0023025405165861437
4.5 16.7323 0.002444680895757555
5.5 14.951 0.00258621650647039
6.5 13.160599999999999 0.0027565263940685023
7.5 11.6384 0.0029312533764394274
8.5 10.4494 0.003093529935195367
9.5 9.117 0.0033118756538561707
10.5 8.1887 0.0034945601461230727
11.5 7.1888000000000005 0.003729681955234563
12.5 6.4239 0.003945486976186482
13.5 5.589700000000001 0.004229662843114984
14.5 4.9254 0.00450587611456781
15.5 4.267200000000001 0.004840926634298972
16.5 3.7914000000000003 0.00513570650957925
17.5 3.2666 0.005532889810072222
18.5 2.8326000000000002 0.005941654227578992
19.5 2.4054 0.006447722631334475
20.5 2.0431 0.006996086783860568
21.5 1.7347000000000001 0.007592552625042508
22.5 1.4815 0.008215787014069118
23.5 1.2382 0.008986790140419648
24.5 1.0565 0.009728933823214566
25.5 0.8495 0.010849714452835318
26.5 0.7229 0.011761450567990028
27.5 0.58 0.013130643285972255
28.5 0.4921 0.014255200087214454
29.5 0.3952 0.015907119074394443
30.5 0.3235 0.017581780649842196
31.5 0.25949999999999995 0.01963049807622355
32.5 0.2024 0.022227711223719353
33.5 0.15539999999999998 0.025367314471592056
34.5 0.1349 0.027226638505866506
35.5 0.1073 0.03052812554363318
36.5 0.0796 0.03544406025041679
37.5 0.0653 0.03913302400974161
38.5 0.0493 0.0450377349111045
39.5 0.036699999999999997 0.052199575097188054
40.5 0.0315 0.0563436169819011
41.5 0.022400000000000003 0.06681531047810609
42.5 0.0177 0.07516460280028289
43.5 0.0126 0.0890870806374748
44.5 0.011099999999999999 0.0949157995752499
45.5 0.007299999999999999 0.11704114719613057
46.5 0.0057 0.13245323570650439
47.5 0.0034000000000000002 0.17149858514250882
48.5 0.0045000000000000005 0.14907119849998599
49.5 0.0026 0.19611613513818404
50.5 0.0013 0.2773500981126146
51.5 0.001 0.31622776601683794
52.5 0.0009 0.3333333333333333
53.5 0.0007 0.3779644730092272
54.5 0.0002 0.7071067811865475
55.5 0.00030000000000000003 0.5773502691896257
56.5 0.0001 1.0
57.5 0.0 inf
58.5 0.0 inf
59.5 0.0 inf
60.5 0.0 inf
61.5 0.0 inf
62.5 0.0 inf
63.5 0.0 inf
64.5 0.0 inf
65.5 0.0 inf
66.5 0.0 inf
67.5 0.0 inf
68.5 0.0 inf
69.5 0.0 inf
70.5 0.0 inf
71.5 0.0 inf
72.5 0.0 inf
73.5 0.0 inf
74.5 0.0 inf
75.5 0.0 inf
76.5 0.0 inf
77.5 0.0 inf
78.5 0.0 inf
79.5 0.0 inf
80.5 0.0 inf
81.5 0.0 inf
82.5 0.0 inf
83.5 0.0 inf
84.5 0.0 inf
85.5 0.0 inf
86.5 0.0 inf
87.5 0.0 inf
88.5 0.0 inf
89.5 0.0 inf
90.5 0.0 inf
91.5 0.0 inf
92.5 0.0 inf
93.5 0.0 inf
94.5 0.0 inf
95.5 0.0 inf
96.5 0.0 inf
97.5 0.0 inf
