0.5 39.1009 0.0015992141473460042
1.5 20.738799999999998 0.0021958779022537354
2.5 20.9357 0.002185527405910459
3.5 19.275199999999998 0.0022777211447733725
4.5 17.0081 0.0024247786513022142
5.5 15.1943 0.002565426942868526
6.5 13.3314 0.002738811358547786
7.5 11.9282 0.0028954264929158557
8.5 10.6568 0.0030632792729216054
9.5 9.2943 0.0032801345355088964
10.5 8.3205 0.003466772058139209
11.5 7.3089 0.003698911921653597
12.5 6.5061 0.003920483522663342
13.5 5.700699999999999 0.004188281915606856
14.5 5.0118 0.004466868156744032
15.5 4.3861 0.004774861022231781
16.5 3.8646000000000003 0.0050868358718850724
17.5 3.3325 0.005477910356647768
18.5 2.8593 0.0059138477268038826
19.5 2.4577999999999998 0.006378619997066017
20.5 2.1136 0.006878418563734386
21.5 1.8084 0.007436228920156707
22.5 1.5048 0.008151933134075308
23.5 1.2624 0.008900235681361305
24.5 1.0716 0.00966014505009894
25.5 0.8736 0.010699012312772822
26.5 0.7399 0.011625549411016563
27.5 0.5963 0.012949935201923848
28.5 0.4969 0.0141861811620665
29.5 0.39990000000000003 0.015813365095036135
30.5 0.32630000000000003 0.017506182962730887
31.5 0.2556 0.01977969430323089
32.5 0.2135 0.02164218276749025
33.5 0.1648 0.02463323195410733
34.5 0.1262 0.028149476494978783
35.5 0.1016 0.03137279025690793
36.5 0.0813 0.03507153119159472
37.5 0.06570000000000001 0.039013715732043514
38.5 0.0523 0.04372694694466261
39.5 0.0378 0.05143444998736397
40.5 0.0279 0.05986843400892496
41.5 0.0223 0.06696495301824251
42.5 0.0158 0.079555728417573
43.5 0.0118 0.09205746178983235
44.5 0.0114 0.0936585811581694
45.5 0.006999999999999999 0.11952286093343939
46.5 0.0075 0.11547005383792514
47.5 0.003 0.18257418583505536
48.5 0.0034000000000000002 0.17149858514250882
49.5 0.002 0.22360679774997896
50.5 0.0017000000000000001 0.24253562503633297
51.5 0.0014 0.2672612419124244
52.5 0.0005 0.4472135954999579
53.5 0.0005 0.4472135954999579
54.5 0.0006000000000000001 0.40824829046386296
55.5 0.0001 1.0
56.5 0.0001 1.0
57.5 0.0002 0.7071067811865475
58.5 0.0 inf
59.5 0.0005 0.4472135954999579
60.5 0.0001 1.0
61.5 0.0001 1.0
62.5 0.0 inf
63.5 0.0001 1.0
64.5 0.0 inf
65.5 0.0 inf
66.5 0.0 inf
67.5 0.0 inf
68.5 0.0 inf
69.5 0.0 inf
70.5 0.0 inf
71.5 0.0 inf
72.5 0.0 inf
73.5 0.0 inf
74.5 0.0 inf
75.5 0.0 inf
76.5 0.0 inf
77.5 0.0 inf
78.5 0.0 inf
79.5 0.0 inf
80.5 0.0 inf
81.5 0.0 inf
82.5 0.0 inf
83.5 0.0 inf
84.5 0.0 inf
85.5 0.0 inf
86.5 0.0 inf
87.5 0.0 inf
88.5 0.0 inf
89.5 0.0 inf
90.5 0.0 inf
91.5 0.0 inf
92.5 0.0 inf
93.5 0.0 inf
94.5 0.0 inf
95.5 0.0 inf
96.5 0.0 inf
97.5 0.0 inf
