0.5 38.4854 0.0016119515998036505
1.5 20.346 0.002216973387677689
2.5 20.612000000000002 0.002202621799267276
3.5 18.8654 0.0023023269174675494
4.5 16.692999999999998 0.0024475569359611355
5.5 14.9833 0.0025834274058905695
6.5 13.1067 0.0027621885490779264
7.5 11.694600000000001 0.002924201624664299
8.5 10.424299999999999 0.003097252051639506
9.5 9.0564 0.003322937722822478
10.5 8.182 0.0034959906497757515
11.5 7.133900000000001 0.0037440056146947416
12.5 6.3853 0.003957394508188389
13.5 5.5832 0.004232124228279888
14.5 4.9738 0.004483899200998424
15.5 4.3232 0.004809471287330506
16.5 3.7842000000000002 0.005140589908314495
17.5 3.2555 0.0055423142941016055
18.5 2.7996 0.005976569959773679
19.5 2.4198 0.006428509111693309
20.5 2.0709 0.0069489699870847205
21.5 1.7626 0.007532222094518512
22.5 1.4743 0.008235824191210378
23.5 1.2410999999999999 0.00897628456738078
24.5 1.0455 0.009779980332479326
25.5 0.8424 0.010895340841010225
26.5 0.7148 0.011827902287547987
27.5 0.5824 0.013103560459023979
28.5 0.4871 0.01432817691349968
29.5 0.3942 0.015927282752249885
30.5 0.3265 0.01750082037018273
31.5 0.26439999999999997 0.01944774603961035
32.5 0.20679999999999998 0.021989974856677124
33.5 0.1653 0.02459594839716409
34.5 0.1225 0.02857142857142857
35.5 0.10200000000000001 0.03131121455425747
36.5 0.0785 0.03569153051241249
37.5 0.0634 0.03971507353947688
38.5 0.0471 0.04607756775840914
39.5 0.0371 0.0519174131651165
40.5 0.028900000000000002 0.058823529411764705
41.5 0.024399999999999998 0.06401843996644799
42.5 0.0183 0.07392212709545729
43.5 0.012 0.09128709291752768
44.5 0.0087 0.10721125348377948
45.5 0.0072 0.11785113019775793
46.5 0.0072 0.11785113019775793
47.5 0.0049 0.14285714285714285
48.5 0.0039 0.16012815380508713
49.5 0.0031999999999999997 0.1767766952966369
50.5 0.0026 0.19611613513818404
51.5 0.001 0.31622776601683794
52.5 0.0007999999999999999 0.3535533905932738
53.5 0.0007999999999999999 0.3535533905932738
54.5 0.0005 0.4472135954999579
55.5 0.0001 1.0
56.5 0.0001 1.0
57.5 0.00030000000000000003 0.5773502691896257
58.5 0.0004 0.5
59.5 0.0002 0.7071067811865475
60.5 0.0001 1.0
61.5 0.0001 1.0
62.5 0.0 inf
63.5 0.0 inf
64.5 0.0 inf
65.5 0.0 inf
66.5 0.0 inf
67.5 0.0 inf
68.5 0.0 inf
69.5 0.0 inf
70.5 0.0 inf
71.5 0.0 inf
72.5 0.0 inf
73.5 0.0 inf
74.5 0.0 inf
75.5 0.0 inf
76.5 0.0 inf
77.5 0.0 inf
78.5 0.0 inf
79.5 0.0 inf
80.5 0.0 inf
81.5 0.0 inf
82.5 0.0 inf
83.5 0.0 inf
84.5 0.0 inf
85.5 0.0 inf
86.5 0.0 inf
87.5 0.0 inf
88.5 0.0 inf
89.5 0.0 inf
90.5 0.0 inf
91.5 0.0 inf
92.5 0.0 inf
93.5 0.0 inf
94.5 0.0 inf
95.5 0.0 inf
96.5 0.0 inf
97.5 0.0 inf
