0.5 45.5601 0.0014815205014653292
1.5 24.3708 0.002025653259504952
2.5 24.7555 0.002009852325998431
3.5 22.820700000000002 0.002093319500165564
4.5 20.0548 0.002233010845344673
5.5 18.0593 0.0023531496307919787
6.5 15.840599999999998 0.0025125469524821236
7.5 14.072 0.0026657663820444637
8.5 12.607099999999999 0.002816387454857888
9.5 10.982 0.003017583388485747
10.5 9.8613 0.0031844388559006866
11.5 8.6571 0.0033987074454461153
12.5 7.7237 0.0035982165901054077
13.5 6.782 0.003839910546485852
14.5 5.9335 0.004105296478026301
15.5 5.1968 0.004386640039647478
16.5 4.5604 0.004682723679794742
17.5 3.9245 0.005047866181629792
18.5 3.3761 0.0054424236982818525
19.5 2.9109 0.00586119751692483
20.5 2.493 0.0063334283354708875
21.5 2.0914 0.006914829054919211
22.5 1.7662 0.007524541811679337
23.5 1.4952 0.008178061191884843
24.5 1.2530999999999999 0.008933201599358393
25.5 1.0298 0.00985424955134773
26.5 0.8527 0.010829336992513977
27.5 0.7169000000000001 0.011810565970567406
28.5 0.5818 0.013110315452406242
29.5 0.478 0.014463921353509292
30.5 0.3821 0.016177502706648094
31.5 0.32230000000000003 0.01761448082809464
32.5 0.2407 0.020382711378539392
33.5 0.1973 0.02251315997416402
34.5 0.1532 0.0255488065153798
35.5 0.1251 0.0282729643226657
36.5 0.0937 0.03266857601924006
37.5 0.0758 0.0363216356146074
38.5 0.057800000000000004 0.04159451654038515
39.5 0.045 0.04714045207910317
40.5 0.0336 0.0545544725589981
41.5 0.0295 0.0582222509739582
42.5 0.019799999999999998 0.07106690545187015
43.5 0.0153 0.08084520834544433
44.5 0.010499999999999999 0.09759000729485333
45.5 0.0098 0.10101525445522107
46.5 0.0056 0.1336306209562122
47.5 0.0051 0.14002800840280097
48.5 0.0034000000000000002 0.17149858514250882
49.5 0.0027 0.19245008972987526
50.5 0.0021 0.2182178902359924
51.5 0.0021999999999999997 0.21320071635561047
52.5 0.0007 0.3779644730092272
53.5 0.0012000000000000001 0.28867513459481287
54.5 0.0006 0.4082482904638631
55.5 0.0002 0.7071067811865475
56.5 0.0002 0.7071067811865475
57.5 0.0 inf
58.5 0.0001 1.0
59.5 0.00039999999999999996 0.5000000000000001
60.5 0.0 inf
61.5 0.0001 1.0
62.5 0.0 inf
63.5 0.0001 1.0
64.5 0.0 inf
65.5 0.0 inf
66.5 0.0 inf
67.5 0.0 inf
68.5 0.0 inf
69.5 0.0 inf
70.5 0.0 inf
71.5 0.0 inf
72.5 0.0 inf
73.5 0.0 inf
74.5 0.0 inf
75.5 0.0 inf
76.5 0.0 inf
77.5 0.0 inf
78.5 0.0 inf
79.5 0.0 inf
80.5 0.0 inf
81.5 0.0 inf
82.5 0.0 inf
83.5 0.0 inf
84.5 0.0 inf
85.5 0.0 inf
86.5 0.0 inf
87.5 0.0 inf
88.5 0.0 inf
89.5 0.0 inf
90.5 0.0 inf
91.5 0.0 inf
92.5 0.0 inf
93.5 0.0 inf
94.5 0.0 inf
95.5 0.0 inf
96.5 0.0 inf
97.5 0.0 inf
