0.5 12339.0 0.009002435488243919
1.5 4149.0 0.015524881094420745
2.5 3052.0 0.018101215356399913
3.5 2225.0 0.0211999576001272
4.5 1497.0 0.02584574765818718
5.5 1075.0 0.030499714066520935
6.5 806.0 0.03522349768381734
7.5 555.0 0.04244763599780089
8.5 403.0 0.04981354813867179
9.5 302.0 0.0575435337648436
10.5 235.0 0.06523280730534423
11.5 185.0 0.07352146220938077
12.5 141.0 0.0842151921066519
13.5 103.0 0.09853292781642932
14.5 97.0 0.10153461651336192
15.5 63.0 0.1259881576697424
16.5 51.0 0.14002800840280097
17.5 33.0 0.17407765595569785
18.5 25.0 0.2
19.5 21.0 0.2182178902359924
20.5 16.0 0.25
21.5 7.0 0.3779644730092272
22.5 8.0 0.35355339059327373
23.5 4.0 0.5
24.5 4.0 0.5
25.5 3.0 0.5773502691896258
26.5 2.0 0.7071067811865475
27.5 0.0 inf
28.5 0.0 inf
29.5 0.0 inf
30.5 0.0 inf
31.5 0.0 inf
32.5 0.0 inf
33.5 0.0 inf
34.5 0.0 inf
35.5 0.0 inf
36.5 0.0 inf
37.5 0.0 inf
38.5 0.0 inf
39.5 0.0 inf
40.5 0.0 inf
41.5 0.0 inf
42.5 0.0 inf
43.5 0.0 inf
44.5 0.0 inf
45.5 0.0 inf
46.5 0.0 inf
47.5 0.0 inf
48.5 0.0 inf
49.5 0.0 inf
50.5 0.0 inf
51.5 0.0 inf
52.5 0.0 inf
53.5 0.0 inf
54.5 0.0 inf
55.5 0.0 inf
56.5 0.0 inf
57.5 0.0 inf
58.5 0.0 inf
59.5 0.0 inf
60.5 0.0 inf
61.5 0.0 inf
62.5 0.0 inf
63.5 0.0 inf
64.5 0.0 inf
65.5 0.0 inf
66.5 0.0 inf
67.5 0.0 inf
68.5 0.0 inf
69.5 0.0 inf
70.5 0.0 inf
71.5 0.0 inf
72.5 0.0 inf
73.5 0.0 inf
74.5 0.0 inf
75.5 0.0 inf
76.5 0.0 inf
77.5 0.0 inf
78.5 0.0 inf
79.5 0.0 inf
80.5 0.0 inf
81.5 0.0 inf
82.5 0.0 inf
83.5 0.0 inf
84.5 0.0 inf
85.5 0.0 inf
86.5 0.0 inf
87.5 0.0 inf
88.5 0.0 inf
89.5 0.0 inf
90.5 0.0 inf
91.5 0.0 inf
92.5 0.0 inf
93.5 0.0 inf
94.5 0.0 inf
95.5 0.0 inf
96.5 0.0 inf
97.5 0.0 inf
