0.5 3003.0 0.018248296715045298
1.5 1345.0 0.027267094157460592
2.5 1075.0 0.030499714066520935
3.5 901.0 0.03331483023263848
4.5 659.0 0.03895446935658099
5.5 521.0 0.04381079543383235
6.5 386.0 0.050898659855928764
7.5 308.0 0.05698028822981897
8.5 230.0 0.0659380473395787
9.5 154.0 0.08058229640253803
10.5 138.0 0.08512565307587486
11.5 125.0 0.08944271909999159
12.5 82.0 0.11043152607484653
13.5 58.0 0.13130643285972254
14.5 64.0 0.125
15.5 39.0 0.16012815380508713
16.5 30.0 0.18257418583505536
17.5 28.0 0.1889822365046136
18.5 20.0 0.22360679774997896
19.5 15.0 0.2581988897471611
20.5 8.0 0.35355339059327373
21.5 4.0 0.5
22.5 4.0 0.5
23.5 0.0 inf
24.5 0.0 inf
25.5 2.0 0.7071067811865475
26.5 1.0 1.0
27.5 1.0 1.0
28.5 0.0 inf
29.5 0.0 inf
30.5 0.0 inf
31.5 0.0 inf
32.5 0.0 inf
33.5 0.0 inf
34.5 0.0 inf
35.5 0.0 inf
36.5 0.0 inf
37.5 0.0 inf
38.5 0.0 inf
39.5 0.0 inf
40.5 0.0 inf
41.5 0.0 inf
42.5 0.0 inf
43.5 0.0 inf
44.5 0.0 inf
45.5 0.0 inf
46.5 0.0 inf
47.5 0.0 inf
48.5 0.0 inf
49.5 0.0 inf
50.5 0.0 inf
51.5 0.0 inf
52.5 0.0 inf
53.5 0.0 inf
54.5 0.0 inf
55.5 0.0 inf
56.5 0.0 inf
57.5 0.0 inf
58.5 0.0 inf
59.5 0.0 inf
60.5 0.0 inf
61.5 0.0 inf
62.5 0.0 inf
63.5 0.0 inf
64.5 0.0 inf
65.5 0.0 inf
66.5 0.0 inf
67.5 0.0 inf
68.5 0.0 inf
69.5 0.0 inf
70.5 0.0 inf
71.5 0.0 inf
72.5 0.0 inf
73.5 0.0 inf
74.5 0.0 inf
75.5 0.0 inf
76.5 0.0 inf
77.5 0.0 inf
78.5 0.0 inf
79.5 0.0 inf
80.5 0.0 inf
81.5 0.0 inf
82.5 0.0 inf
83.5 0.0 inf
84.5 0.0 inf
85.5 0.0 inf
86.5 0.0 inf
87.5 0.0 inf
88.5 0.0 inf
89.5 0.0 inf
90.5 0.0 inf
91.5 0.0 inf
92.5 0.0 inf
93.5 0.0 inf
94.5 0.0 inf
95.5 0.0 inf
96.5 0.0 inf
97.5 0.0 inf
