0.5 67.2363 0.001219545749415148
1.5 36.588300000000004 0.0016532132764950501
2.5 37.3319 0.0016366655952057003
3.5 34.1814 0.0017104291000837862
4.5 30.1744 0.0018204580615748937
5.5 27.0514 0.0019226716688735277
6.5 23.7578 0.002051619834254048
7.5 21.1679 0.002173507346274075
8.5 18.8474 0.00230342606097232
9.5 16.477 0.0024635474362689064
10.5 14.712900000000001 0.0026070589919977498
11.5 12.9421 0.002779698062801451
12.5 11.4755 0.0029519853057621967
13.5 10.081399999999999 0.003149485235084842
14.5 8.8193 0.0033673087745228
15.5 7.6648 0.003612015342949087
16.5 6.7346 0.003853400035066403
17.5 5.8422 0.00413725023980253
18.5 5.0004 0.00447195708029379
19.5 4.2532 0.004848887380729504
20.5 3.6489000000000003 0.005235028125198716
21.5 3.1065 0.005673673251389093
22.5 2.6185 0.006179789909253622
23.5 2.1897 0.006757836665372529
24.5 1.8344 0.007383341889811171
25.5 1.5096 0.008138962667412649
26.5 1.2572999999999999 0.008918268475796114
27.5 1.0049 0.009975589671416268
28.5 0.8502000000000001 0.01084524705455941
29.5 0.7082999999999999 0.011882050096658653
30.5 0.5636 0.013320315386177048
31.5 0.4344 0.015172428225860112
32.5 0.3555 0.01677182018088759
33.5 0.2919 0.018508999875628776
34.5 0.22139999999999999 0.021252557102111276
35.5 0.1824 0.02341464528954235
36.5 0.137 0.02701716134791496
37.5 0.1106 0.030069238966213184
38.5 0.08499999999999999 0.03429971702850177
39.5 0.0646 0.039344473768231684
40.5 0.048 0.04564354645876384
41.5 0.0373 0.05177803730784977
42.5 0.030899999999999997 0.056888012398857435
43.5 0.021900000000000003 0.06757373783994859
44.5 0.0151 0.08137884587711594
45.5 0.0128 0.08838834764831843
46.5 0.008199999999999999 0.11043152607484656
47.5 0.007 0.11952286093343936
48.5 0.005900000000000001 0.13018891098082386
49.5 0.0038 0.16222142113076254
50.5 0.0031 0.1796053020267749
51.5 0.0029 0.18569533817705186
52.5 0.0015999999999999999 0.25000000000000006
53.5 0.0012 0.2886751345948129
54.5 0.0012000000000000001 0.28867513459481287
55.5 0.0006 0.4082482904638631
56.5 0.0004 0.5
57.5 0.0004 0.5
58.5 0.0002 0.7071067811865475
59.5 0.0001 1.0
60.5 0.0 inf
61.5 0.0 inf
62.5 0.0 inf
63.5 0.0001 1.0
64.5 0.0002 0.7071067811865475
65.5 0.0 inf
66.5 0.0 inf
67.5 0.0 inf
68.5 0.0 inf
69.5 0.0 inf
70.5 0.0 inf
71.5 0.0 inf
72.5 0.0 inf
73.5 0.0 inf
74.5 0.0 inf
75.5 0.0 inf
76.5 0.0 inf
77.5 0.0 inf
78.5 0.0 inf
79.5 0.0 inf
80.5 0.0 inf
81.5 0.0 inf
82.5 0.0 inf
83.5 0.0 inf
84.5 0.0 inf
85.5 0.0 inf
86.5 0.0 inf
87.5 0.0 inf
88.5 0.0 inf
89.5 0.0 inf
90.5 0.0 inf
91.5 0.0 inf
92.5 0.0 inf
93.5 0.0 inf
94.5 0.0 inf
95.5 0.0 inf
96.5 0.0 inf
97.5 0.0 inf
