0.5 38.4755 0.0016121589693560254
1.5 20.3164 0.002218587810693361
2.5 20.6102 0.0022027179805919933
3.5 18.8764 0.0023016559927489634
4.5 16.6211 0.002452845076943925
5.5 14.9598 0.0025854557324909632
6.5 13.1706 0.0027554797257969047
7.5 11.665099999999999 0.0029278968128031925
8.5 10.343800000000002 0.003109280782476944
9.5 9.049199999999999 0.0033242594084124896
10.5 8.193000000000001 0.00349364298630489
11.5 7.1565 0.003738089214563474
12.5 6.4108 0.003949516075694681
13.5 5.601 0.0042253940231598746
14.5 4.966200000000001 0.0044873288460246805
15.5 4.2883 0.004829002386003425
16.5 3.7744 0.005147259196515851
17.5 3.2801 0.005521492135296422
18.5 2.7991 0.005977103729832507
19.5 2.3982 0.0064573942207176716
20.5 2.0642 0.006960238367188897
21.5 1.7464 0.00756707674607503
22.5 1.4828000000000001 0.008212184753109667
23.5 1.2443 0.008964734859897064
24.5 1.0377 0.009816667734229342
25.5 0.8517 0.010835692610757274
26.5 0.7119 0.011851968908912965
27.5 0.5668 0.013282660709046375
28.5 0.49939999999999996 0.014150628549503205
29.5 0.4056 0.015701857325533194
30.5 0.3274 0.017476749542968805
31.5 0.2616 0.019551547175144377
32.5 0.2021 0.022244202665006454
33.5 0.1637 0.024715856229864275
34.5 0.1283 0.027918152281484514
35.5 0.101 0.03146583877637763
36.5 0.0854 0.034219295541457743
37.5 0.06259999999999999 0.03996803834887158
38.5 0.0518 0.04393747751637468
39.5 0.0401 0.04993761694389224
40.5 0.0271 0.0607456739230787
41.5 0.021699999999999997 0.06788442333021306
42.5 0.0165 0.0778498944161523
43.5 0.013399999999999999 0.08638684255813601
44.5 0.008799999999999999 0.10660035817780524
45.5 0.007600000000000001 0.11470786693528087
46.5 0.0067 0.12216944435630522
47.5 0.0039 0.16012815380508713
48.5 0.0038 0.16222142113076254
49.5 0.002 0.22360679774997896
50.5 0.0017 0.24253562503633297
51.5 0.001 0.31622776601683794
52.5 0.0006000000000000001 0.40824829046386296
53.5 0.0005 0.4472135954999579
54.5 0.0007 0.3779644730092272
55.5 0.0001 1.0
56.5 0.0003 0.5773502691896258
57.5 0.0002 0.7071067811865475
58.5 0.0001 1.0
59.5 0.0 inf
60.5 0.0001 1.0
61.5 0.0001 1.0
62.5 0.0 inf
63.5 0.0 inf
64.5 0.0 inf
65.5 0.0001 1.0
66.5 0.0 inf
67.5 0.0 inf
68.5 0.0 inf
69.5 0.0 inf
70.5 0.0 inf
71.5 0.0 inf
72.5 0.0 inf
73.5 0.0 inf
74.5 0.0 inf
75.5 0.0 inf
76.5 0.0 inf
77.5 0.0 inf
78.5 0.0 inf
79.5 0.0 inf
80.5 0.0 inf
81.5 0.0 inf
82.5 0.0 inf
83.5 0.0 inf
84.5 0.0 inf
85.5 0.0 inf
86.5 0.0 inf
87.5 0.0 inf
88.5 0.0 inf
89.5 0.0 inf
90.5 0.0 inf
91.5 0.0 inf
92.5 0.0 inf
93.5 0.0 inf
94.5 0.0 inf
95.5 0.0 inf
96.5 0.0 inf
97.5 0.0 inf
