0.5 38.745999999999995 0.0016065215771876016
1.5 20.475900000000003 0.002209929911084887
2.5 20.7417 0.0021957243885947987
3.5 19.0081 0.0022936684772585677
4.5 16.8455 0.0024364530497904264
5.5 15.0657 0.0025763528494608602
6.5 13.223700000000001 0.002749941822158731
7.5 11.754999999999999 0.002916679325892602
8.5 10.5139 0.0030840263426565855
9.5 9.204 0.0032961858827007845
10.5 8.2256 0.0034867130461473162
11.5 7.2451 0.0037151624444317875
12.5 6.445600000000001 0.003938839864253413
13.5 5.6051 0.004223848351833686
14.5 4.9554 0.004492216117953541
15.5 4.3203 0.004811085194577726
16.5 3.8213999999999997 0.00511550779012244
17.5 3.3122 0.005494671378889094
18.5 2.8112000000000004 0.005964226498330873
19.5 2.4274 0.006418437642047423
20.5 2.0942 0.00691020485536842
21.5 1.7817 0.007491740227332555
22.5 1.4979 0.00817068729360367
23.5 1.2656 0.008888976681684724
24.5 1.0386 0.00981241349015773
25.5 0.8696 0.010723590825091781
26.5 0.7116 0.011854466952761744
27.5 0.5838 0.013087839325038072
28.5 0.4989 0.014157717688041934
29.5 0.4075 0.015665208999759147
30.5 0.3228 0.017600833595219075
31.5 0.2663 0.01937824385646364
32.5 0.1946 0.022668802672263903
33.5 0.1592 0.025062735355854276
34.5 0.1303 0.027703063158526546
35.5 0.10400000000000001 0.031008683647302117
36.5 0.0752 0.03646624787447364
37.5 0.0615 0.04032389192727559
38.5 0.0487 0.04531432544294438
39.5 0.037000000000000005 0.05198752449100363
40.5 0.0295 0.0582222509739582
41.5 0.0224 0.0668153104781061
42.5 0.018000000000000002 0.07453559924999299
43.5 0.012799999999999999 0.08838834764831845
44.5 0.0118 0.09205746178983235
45.5 0.0083 0.10976425998969035
46.5 0.006699999999999999 0.12216944435630522
47.5 0.0033 0.17407765595569785
48.5 0.0031999999999999997 0.1767766952966369
49.5 0.0026 0.19611613513818404
50.5 0.0016 0.25
51.5 0.0010999999999999998 0.3015113445777637
52.5 0.0007 0.3779644730092272
53.5 0.0004 0.5
54.5 0.0006000000000000001 0.40824829046386296
55.5 0.0005 0.4472135954999579
56.5 0.0002 0.7071067811865475
57.5 0.0001 1.0
58.5 0.0002 0.7071067811865475
59.5 0.0 inf
60.5 0.0 inf
61.5 0.0 inf
62.5 0.0001 1.0
63.5 0.0 inf
64.5 0.0 inf
65.5 0.0 inf
66.5 0.0 inf
67.5 0.0 inf
68.5 0.0 inf
69.5 0.0 inf
70.5 0.0 inf
71.5 0.0 inf
72.5 0.0 inf
73.5 0.0 inf
74.5 0.0 inf
75.5 0.0 inf
76.5 0.0 inf
77.5 0.0 inf
78.5 0.0 inf
79.5 0.0 inf
80.5 0.0 inf
81.5 0.0 inf
82.5 0.0 inf
83.5 0.0 inf
84.5 0.0 inf
85.5 0.0 inf
86.5 0.0 inf
87.5 0.0 inf
88.5 0.0 inf
89.5 0.0 inf
90.5 0.0 inf
91.5 0.0 inf
92.5 0.0 inf
93.5 0.0 inf
94.5 0.0 inf
95.5 0.0 inf
96.5 0.0 inf
97.5 0.0 inf
