0.5 48.2769 0.0014392303626146103
1.5 26.0323 0.0019599443023102475
2.5 26.3901 0.001946612384450105
3.5 24.2924 0.0020289193692178374
4.5 21.4324 0.00216005394326868
5.5 19.288600000000002 0.0022769298285015816
6.5 16.8617 0.002435282348604753
7.5 15.110199999999999 0.002572556333313803
8.5 13.488800000000001 0.002722784955650084
9.5 11.7682 0.002915043095659802
10.5 10.5703 0.0030757876110832235
11.5 9.2215 0.0032930567472084483
12.5 8.2907 0.003472996932992553
13.5 7.2055 0.0037253573545812297
14.5 6.3797 0.003959130996435898
15.5 5.5648 0.004239115209254379
16.5 4.8959 0.004519430692441058
17.5 4.23 0.0048621663832631515
18.5 3.6411 0.005240632389629536
19.5 3.1021 0.005677695577607477
20.5 2.6431 0.006150964246913788
21.5 2.267 0.006641623304848842
22.5 1.9085 0.007238588989077232
23.5 1.6061 0.00789066687593417
24.5 1.3543 0.008592955461078605
25.5 1.1104 0.009489870225014041
26.5 0.9188000000000001 0.010432526744729437
27.5 0.7455 0.011581803068053625
28.5 0.6471 0.012431235677136691
29.5 0.52 0.013867504905630728
30.5 0.4174 0.015478318452528122
31.5 0.32430000000000003 0.017560081436822507
32.5 0.2633 0.019488327551336875
33.5 0.20829999999999999 0.02191065522274417
34.5 0.1613 0.024899052235614633
35.5 0.13069999999999998 0.027660638840895518
36.5 0.1022 0.031280562354492725
37.5 0.0865 0.034001020045902296
38.5 0.06559999999999999 0.03904344047215152
39.5 0.047299999999999995 0.04598004898717029
40.5 0.0419 0.04885319687460315
41.5 0.0274 0.0604122093330177
42.5 0.022 0.06741998624632421
43.5 0.0161 0.07881104062391006
44.5 0.0133 0.086710996952412
45.5 0.009600000000000001 0.10206207261596574
46.5 0.0075 0.11547005383792514
47.5 0.0052 0.1386750490563073
48.5 0.0040999999999999995 0.15617376188860607
49.5 0.0027 0.19245008972987526
50.5 0.0015999999999999999 0.25000000000000006
51.5 0.0014 0.2672612419124244
52.5 0.0009 0.3333333333333333
53.5 0.0013 0.2773500981126146
54.5 0.0008 0.35355339059327373
55.5 0.0004 0.5
56.5 0.0002 0.7071067811865475
57.5 0.0003 0.5773502691896258
58.5 0.0002 0.7071067811865475
59.5 0.0 inf
60.5 0.0 inf
61.5 0.0 inf
62.5 0.0 inf
63.5 0.0 inf
64.5 0.0001 1.0
65.5 0.0 inf
66.5 0.0 inf
67.5 0.0 inf
68.5 0.0 inf
69.5 0.0 inf
70.5 0.0 inf
71.5 0.0 inf
72.5 0.0 inf
73.5 0.0 inf
74.5 0.0 inf
75.5 0.0 inf
76.5 0.0 inf
77.5 0.0 inf
78.5 0.0 inf
79.5 0.0 inf
80.5 0.0 inf
81.5 0.0 inf
82.5 0.0 inf
83.5 0.0 inf
84.5 0.0 inf
85.5 0.0 inf
86.5 0.0 inf
87.5 0.0 inf
88.5 0.0 inf
89.5 0.0 inf
90.5 0.0 inf
91.5 0.0 inf
92.5 0.0 inf
93.5 0.0 inf
94.5 0.0 inf
95.5 0.0 inf
96.5 0.0 inf
97.5 0.0 inf
