0.5 56.9203 0.001325459340070292
1.5 30.8479 0.001800475424290569
2.5 31.3673 0.0017855064821606995
3.5 28.9225 0.0018594396400302225
4.5 25.4483 0.0019823056192704485
5.5 22.886499999999998 0.0020903081273346254
6.5 20.0616 0.002232632367040758
7.5 17.8674 0.0023657525666428733
8.5 15.9866 0.002501047533027624
9.5 13.924 0.002679896322176593
10.5 12.5191 0.0028262686796861943
11.5 11.0206 0.003012294162381785
12.5 9.770299999999999 0.003199234322897743
13.5 8.5763 0.003414680054900661
14.5 7.5085999999999995 0.0036493919980764215
15.5 6.5547 0.003905922215716286
16.5 5.7805 0.004159271758631383
17.5 5.0019 0.0044712864912576315
18.5 4.2479 0.004851911356350457
19.5 3.633 0.005246471295210964
20.5 3.1433999999999997 0.005640273654667435
21.5 2.6665 0.0061239157323148665
22.5 2.2383 0.006684067894272448
23.5 1.8937 0.007266820127379659
24.5 1.5941 0.007920310710379313
25.5 1.264 0.00889460083706025
26.5 1.0954000000000002 0.009554624673767347
27.5 0.887 0.010617889224776644
28.5 0.7434000000000001 0.011598150010653683
29.5 0.6084 0.01282051282051282
30.5 0.4837 0.014378446185147881
31.5 0.38339999999999996 0.016150052770383644
32.5 0.3044 0.018124985839860344
33.5 0.248 0.02008048322256247
34.5 0.1881 0.02305714879553582
35.5 0.1513 0.02570872483645304
36.5 0.1197 0.028903665650804
37.5 0.0979 0.03196013860502966
38.5 0.0746 0.03661260129691062
39.5 0.0565 0.04207031619116713
40.5 0.0446 0.04735137238103784
41.5 0.032799999999999996 0.05521576303742328
42.5 0.0281 0.05965499862718936
43.5 0.020900000000000002 0.06917144638660747
44.5 0.014499999999999999 0.08304547985373997
45.5 0.0114 0.0936585811581694
46.5 0.007 0.11952286093343936
47.5 0.006 0.12909944487358055
48.5 0.0056 0.1336306209562122
49.5 0.0021000000000000003 0.21821789023599233
50.5 0.0018 0.23570226039551587
51.5 0.0024999999999999996 0.2
52.5 0.0011 0.30151134457776363
53.5 0.0013000000000000002 0.2773500981126145
54.5 0.0008 0.35355339059327373
55.5 0.0005 0.4472135954999579
56.5 0.0006 0.4082482904638631
57.5 0.0005 0.4472135954999579
58.5 0.0 inf
59.5 0.0002 0.7071067811865475
60.5 0.0001 1.0
61.5 0.0 inf
62.5 0.0 inf
63.5 0.0 inf
64.5 0.0 inf
65.5 0.0 inf
66.5 0.0 inf
67.5 0.0 inf
68.5 0.0 inf
69.5 0.0 inf
70.5 0.0 inf
71.5 0.0 inf
72.5 0.0 inf
73.5 0.0 inf
74.5 0.0 inf
75.5 0.0 inf
76.5 0.0 inf
77.5 0.0 inf
78.5 0.0 inf
79.5 0.0 inf
80.5 0.0 inf
81.5 0.0 inf
82.5 0.0 inf
83.5 0.0 inf
84.5 0.0 inf
85.5 0.0 inf
86.5 0.0 inf
87.5 0.0 inf
88.5 0.0 inf
89.5 0.0 inf
90.5 0.0 inf
91.5 0.0 inf
92.5 0.0 inf
93.5 0.0 inf
94.5 0.0 inf
95.5 0.0 inf
96.5 0.0 inf
97.5 0.0 inf
