0.5 39.7818 0.0015854691105788759
1.5 21.099800000000002 0.0021770120385375897
2.5 21.4481 0.002159263219259814
3.5 19.6627 0.002255165523186938
4.5 17.3413 0.0024013705170549187
5.5 15.525500000000001 0.002537915757543327
6.5 13.6388 0.0027077709181469413
7.5 12.1323 0.0028709685141992303
8.5 10.8889 0.0030304560875059616
9.5 9.4918 0.0032458295567339493
10.5 8.5531 0.0034193080219074436
11.5 7.4629 0.003660548698072511
12.5 6.658 0.003875503242547721
13.5 5.8225 0.004144243370378241
14.5 5.1251999999999995 0.004417174855057052
15.5 4.4391 0.004746271044126245
16.5 3.9651 0.005021956281338967
17.5 3.42 0.005407380704358751
18.5 2.9314999999999998 0.00584056754384199
19.5 2.5296000000000003 0.006287443185348211
20.5 2.1502 0.006819626210164196
21.5 1.8417 0.007368694577119063
22.5 1.5513 0.008028827067217957
23.5 1.2905 0.008802803258907524
24.5 1.1228 0.009437322535767442
25.5 0.8833 0.010640104290557324
26.5 0.7474000000000001 0.01156707238241958
27.5 0.6019 0.012889552160934584
28.5 0.5118 0.013978155234482158
29.5 0.41759999999999997 0.015474611514754323
30.5 0.3335 0.017316179571791195
31.5 0.27 0.019245008972987525
32.5 0.2062 0.022021944790965527
33.5 0.1634 0.02473853479976467
34.5 0.13319999999999999 0.02739983121755955
35.5 0.11019999999999999 0.0301237616564389
36.5 0.0839 0.034523833987986266
37.5 0.06839999999999999 0.03823595564509363
38.5 0.0514 0.04410810913912309
39.5 0.042300000000000004 0.048621663832631515
40.5 0.0279 0.05986843400892496
41.5 0.0222 0.06711560552140243
42.5 0.019000000000000003 0.07254762501100116
43.5 0.0134 0.08638684255813601
44.5 0.0092 0.10425720702853739
45.5 0.0075 0.11547005383792514
46.5 0.0058 0.13130643285972257
47.5 0.0041 0.15617376188860607
48.5 0.0036 0.16666666666666666
49.5 0.0025 0.2
50.5 0.0015999999999999999 0.25000000000000006
51.5 0.0012000000000000001 0.28867513459481287
52.5 0.0013 0.2773500981126146
53.5 0.0008 0.35355339059327373
54.5 0.0003 0.5773502691896258
55.5 0.00039999999999999996 0.5000000000000001
56.5 0.0002 0.7071067811865475
57.5 0.00030000000000000003 0.5773502691896257
58.5 0.0 inf
59.5 0.0001 1.0
60.5 0.0001 1.0
61.5 0.0002 0.7071067811865475
62.5 0.0 inf
63.5 0.0 inf
64.5 0.0 inf
65.5 0.0 inf
66.5 0.0 inf
67.5 0.0 inf
68.5 0.0 inf
69.5 0.0 inf
70.5 0.0 inf
71.5 0.0 inf
72.5 0.0 inf
73.5 0.0001 1.0
74.5 0.0 inf
75.5 0.0 inf
76.5 0.0 inf
77.5 0.0 inf
78.5 0.0 inf
79.5 0.0 inf
80.5 0.0 inf
81.5 0.0 inf
82.5 0.0 inf
83.5 0.0 inf
84.5 0.0 inf
85.5 0.0 inf
86.5 0.0 inf
87.5 0.0 inf
88.5 0.0 inf
89.5 0.0 inf
90.5 0.0 inf
91.5 0.0 inf
92.5 0.0 inf
93.5 0.0 inf
94.5 0.0 inf
95.5 0.0 inf
96.5 0.0 inf
97.5 0.0 inf
