0.5 187486.0 0.00230948729922719
1.5 45545.0 0.004685755750054749
2.5 30022.0 0.005771386904521197
3.5 18634.0 0.007325663309321639
4.5 11658.0 0.009261641675163669
5.5 7691.0 0.011402723523686733
6.5 5388.0 0.013623421903119947
7.5 3759.0 0.016310370902867074
8.5 2692.0 0.019273583612292495
9.5 2001.0 0.022355091700494795
10.5 1548.0 0.025416428388767447
11.5 1182.0 0.029086486358157505
12.5 885.0 0.033614632272640714
13.5 661.0 0.038895492079220696
14.5 545.0 0.042835293687811936
15.5 419.0 0.04885319687460315
16.5 326.0 0.05538487756217113
17.5 232.0 0.06565321642986127
18.5 180.0 0.07453559924999299
19.5 145.0 0.08304547985373997
20.5 108.0 0.09622504486493763
21.5 92.0 0.10425720702853739
22.5 62.0 0.1270001270001905
23.5 56.0 0.1336306209562122
24.5 35.0 0.1690308509457033
25.5 21.0 0.2182178902359924
26.5 23.0 0.20851441405707477
27.5 18.0 0.23570226039551587
28.5 10.0 0.31622776601683794
29.5 10.0 0.31622776601683794
30.5 8.0 0.35355339059327373
31.5 5.0 0.4472135954999579
32.5 2.0 0.7071067811865475
33.5 1.0 1.0
34.5 3.0 0.5773502691896258
35.5 1.0 1.0
36.5 1.0 1.0
37.5 0.0 inf
38.5 0.0 inf
39.5 0.0 inf
40.5 0.0 inf
41.5 0.0 inf
42.5 0.0 inf
43.5 0.0 inf
44.5 0.0 inf
45.5 0.0 inf
46.5 0.0 inf
47.5 0.0 inf
48.5 0.0 inf
49.5 0.0 inf
50.5 0.0 inf
51.5 0.0 inf
52.5 0.0 inf
53.5 0.0 inf
54.5 0.0 inf
55.5 0.0 inf
56.5 0.0 inf
57.5 0.0 inf
58.5 0.0 inf
59.5 0.0 inf
60.5 0.0 inf
61.5 0.0 inf
62.5 0.0 inf
63.5 0.0 inf
64.5 0.0 inf
65.5 0.0 inf
66.5 0.0 inf
67.5 0.0 inf
68.5 0.0 inf
69.5 0.0 inf
70.5 0.0 inf
71.5 0.0 inf
72.5 0.0 inf
73.5 0.0 inf
74.5 0.0 inf
75.5 0.0 inf
76.5 0.0 inf
77.5 0.0 inf
78.5 0.0 inf
79.5 0.0 inf
80.5 0.0 inf
81.5 0.0 inf
82.5 0.0 inf
83.5 0.0 inf
84.5 0.0 inf
85.5 0.0 inf
86.5 0.0 inf
87.5 0.0 inf
88.5 0.0 inf
89.5 0.0 inf
90.5 0.0 inf
91.5 0.0 inf
92.5 0.0 inf
93.5 0.0 inf
94.5 0.0 inf
95.5 0.0 inf
96.5 0.0 inf
97.5 0.0 inf
