0.5 595392.0 0.001295980606137479
1.5 88141.0 0.0033683019232175985
2.5 50831.0 0.004435429423636493
3.5 27997.0 0.005976463222921004
4.5 16477.0 0.007790421022478247
5.5 10310.0 0.009848513109869263
6.5 6823.0 0.012106324603800078
7.5 4778.0 0.0144669482283679
8.5 3369.0 0.017228580422595965
9.5 2380.0 0.020498001542269693
10.5 1803.0 0.023550608702786628
11.5 1323.0 0.02749286996141075
12.5 996.0 0.031686212526223896
13.5 745.0 0.03663716527236558
14.5 587.0 0.0412744171706498
15.5 429.0 0.04828045495852676
16.5 389.0 0.05070201265633938
17.5 284.0 0.05933908290969266
18.5 229.0 0.06608186004550898
19.5 142.0 0.08391813582966891
20.5 123.0 0.09016696346674323
21.5 93.0 0.10369516947304253
22.5 73.0 0.11704114719613057
23.5 60.0 0.12909944487358055
24.5 30.0 0.18257418583505536
25.5 23.0 0.20851441405707477
26.5 33.0 0.17407765595569785
27.5 12.0 0.2886751345948129
28.5 15.0 0.2581988897471611
29.5 8.0 0.35355339059327373
30.5 8.0 0.35355339059327373
31.5 1.0 1.0
32.5 1.0 1.0
33.5 3.0 0.5773502691896258
34.5 3.0 0.5773502691896258
35.5 0.0 inf
36.5 1.0 1.0
37.5 1.0 1.0
38.5 1.0 1.0
39.5 0.0 inf
40.5 0.0 inf
41.5 0.0 inf
42.5 0.0 inf
43.5 0.0 inf
44.5 0.0 inf
45.5 0.0 inf
46.5 0.0 inf
47.5 0.0 inf
48.5 0.0 inf
49.5 0.0 inf
50.5 0.0 inf
51.5 0.0 inf
52.5 0.0 inf
53.5 0.0 inf
54.5 0.0 inf
55.5 0.0 inf
56.5 0.0 inf
57.5 0.0 inf
58.5 0.0 inf
59.5 0.0 inf
60.5 0.0 inf
61.5 0.0 inf
62.5 0.0 inf
63.5 0.0 inf
64.5 0.0 inf
65.5 0.0 inf
66.5 0.0 inf
67.5 0.0 inf
68.5 0.0 inf
69.5 0.0 inf
70.5 0.0 inf
71.5 0.0 inf
72.5 0.0 inf
73.5 0.0 inf
74.5 0.0 inf
75.5 0.0 inf
76.5 0.0 inf
77.5 0.0 inf
78.5 0.0 inf
79.5 0.0 inf
80.5 0.0 inf
81.5 0.0 inf
82.5 0.0 inf
83.5 0.0 inf
84.5 0.0 inf
85.5 0.0 inf
86.5 0.0 inf
87.5 0.0 inf
88.5 0.0 inf
89.5 0.0 inf
90.5 0.0 inf
91.5 0.0 inf
92.5 0.0 inf
93.5 0.0 inf
94.5 0.0 inf
95.5 0.0 inf
96.5 0.0 inf
97.5 0.0 inf
