0.5 73423.0 0.0036904891877576258
1.5 23510.0 0.00652189324126412
2.5 17587.0 0.00754056899811778
3.5 11611.0 0.009280367777125993
4.5 7904.0 0.011248031766646188
5.5 5452.0 0.013543224462197162
6.5 3965.0 0.0158810204201071
7.5 2866.0 0.01867935633541406
8.5 2166.0 0.021486752129677003
9.5 1625.0 0.02480694691784169
10.5 1199.0 0.02887954911289539
11.5 968.0 0.03214121732666125
12.5 674.0 0.03851856078856727
13.5 576.0 0.041666666666666664
14.5 421.0 0.04873701788285793
15.5 354.0 0.05314940034527339
16.5 270.0 0.06085806194501846
17.5 216.0 0.06804138174397717
18.5 179.0 0.07474350927519359
19.5 111.0 0.0949157995752499
20.5 98.0 0.10101525445522107
21.5 81.0 0.1111111111111111
22.5 51.0 0.14002800840280097
23.5 40.0 0.15811388300841897
24.5 37.0 0.1643989873053573
25.5 27.0 0.19245008972987526
26.5 16.0 0.25
27.5 15.0 0.2581988897471611
28.5 14.0 0.2672612419124244
29.5 13.0 0.2773500981126146
30.5 4.0 0.5
31.5 3.0 0.5773502691896258
32.5 3.0 0.5773502691896258
33.5 0.0 inf
34.5 0.0 inf
35.5 1.0 1.0
36.5 0.0 inf
37.5 1.0 1.0
38.5 0.0 inf
39.5 0.0 inf
40.5 0.0 inf
41.5 0.0 inf
42.5 0.0 inf
43.5 0.0 inf
44.5 0.0 inf
45.5 0.0 inf
46.5 0.0 inf
47.5 0.0 inf
48.5 0.0 inf
49.5 0.0 inf
50.5 0.0 inf
51.5 0.0 inf
52.5 0.0 inf
53.5 0.0 inf
54.5 0.0 inf
55.5 0.0 inf
56.5 0.0 inf
57.5 0.0 inf
58.5 0.0 inf
59.5 0.0 inf
60.5 0.0 inf
61.5 0.0 inf
62.5 0.0 inf
63.5 0.0 inf
64.5 0.0 inf
65.5 0.0 inf
66.5 0.0 inf
67.5 0.0 inf
68.5 0.0 inf
69.5 0.0 inf
70.5 0.0 inf
71.5 0.0 inf
72.5 0.0 inf
73.5 0.0 inf
74.5 0.0 inf
75.5 0.0 inf
76.5 0.0 inf
77.5 0.0 inf
78.5 0.0 inf
79.5 0.0 inf
80.5 0.0 inf
81.5 0.0 inf
82.5 0.0 inf
83.5 0.0 inf
84.5 0.0 inf
85.5 0.0 inf
86.5 0.0 inf
87.5 0.0 inf
88.5 0.0 inf
89.5 0.0 inf
90.5 0.0 inf
91.5 0.0 inf
92.5 0.0 inf
93.5 0.0 inf
94.5 0.0 inf
95.5 0.0 inf
96.5 0.0 inf
97.5 0.0 inf
