0.5 388487.0 0.001604396680451896
1.5 70478.0 0.003766805660174588
2.5 42800.0 0.004833682445228318
3.5 24387.0 0.00640355008767367
4.5 14707.0 0.008245897913067936
5.5 9549.0 0.010233425997425279
6.5 6310.0 0.012588828594761015
7.5 4460.0 0.014973818705886995
8.5 3157.0 0.017797651932695783
9.5 2215.0 0.02124775914356676
10.5 1738.0 0.023986954644045835
11.5 1326.0 0.027461751819054487
12.5 952.0 0.03241018617760822
13.5 713.0 0.03745029431365691
14.5 566.0 0.04203313517091986
15.5 448.0 0.0472455591261534
16.5 359.0 0.05277798139692595
17.5 274.0 0.0604122093330177
18.5 203.0 0.07018624063435965
19.5 167.0 0.07738232325341368
20.5 119.0 0.09166984970282113
21.5 75.0 0.11547005383792514
22.5 69.0 0.1203858530857692
23.5 60.0 0.12909944487358055
24.5 37.0 0.1643989873053573
25.5 32.0 0.17677669529663687
26.5 37.0 0.1643989873053573
27.5 15.0 0.2581988897471611
28.5 16.0 0.25
29.5 7.0 0.3779644730092272
30.5 5.0 0.4472135954999579
31.5 2.0 0.7071067811865475
32.5 0.0 inf
33.5 2.0 0.7071067811865475
34.5 1.0 1.0
35.5 3.0 0.5773502691896258
36.5 0.0 inf
37.5 0.0 inf
38.5 0.0 inf
39.5 0.0 inf
40.5 0.0 inf
41.5 0.0 inf
42.5 0.0 inf
43.5 0.0 inf
44.5 0.0 inf
45.5 0.0 inf
46.5 0.0 inf
47.5 0.0 inf
48.5 0.0 inf
49.5 0.0 inf
50.5 0.0 inf
51.5 0.0 inf
52.5 0.0 inf
53.5 0.0 inf
54.5 0.0 inf
55.5 0.0 inf
56.5 0.0 inf
57.5 0.0 inf
58.5 0.0 inf
59.5 0.0 inf
60.5 0.0 inf
61.5 0.0 inf
62.5 0.0 inf
63.5 0.0 inf
64.5 0.0 inf
65.5 0.0 inf
66.5 0.0 inf
67.5 0.0 inf
68.5 0.0 inf
69.5 0.0 inf
70.5 0.0 inf
71.5 0.0 inf
72.5 0.0 inf
73.5 0.0 inf
74.5 0.0 inf
75.5 0.0 inf
76.5 0.0 inf
77.5 0.0 inf
78.5 0.0 inf
79.5 0.0 inf
80.5 0.0 inf
81.5 0.0 inf
82.5 0.0 inf
83.5 0.0 inf
84.5 0.0 inf
85.5 0.0 inf
86.5 0.0 inf
87.5 0.0 inf
88.5 0.0 inf
89.5 0.0 inf
90.5 0.0 inf
91.5 0.0 inf
92.5 0.0 inf
93.5 0.0 inf
94.5 0.0 inf
95.5 0.0 inf
96.5 0.0 inf
97.5 0.0 inf
