0.5 41.6244 0.0015499796876492892
1.5 22.1291 0.0021257790580957335
2.5 22.479 0.0021091696157052907
3.5 20.6646 0.002199816718906153
4.5 18.2842 0.0023386327027489114
5.5 16.3801 0.0024708235133521985
6.5 14.3281 0.002641835051499715
7.5 12.758600000000001 0.002799616142949914
8.5 11.462 0.0029537232255895008
9.5 10.0096 0.003160760858901085
10.5 8.9542 0.003341847323693512
11.5 7.8652999999999995 0.0035656799081849075
12.5 7.068 0.003761419135191252
13.5 6.1009 0.004048582995951417
14.5 5.436299999999999 0.004288923425980956
15.5 4.6838999999999995 0.004620576795803359
16.5 4.1372 0.0049163947019653445
17.5 3.6241 0.0052529094401780035
18.5 3.1176000000000004 0.005663563883588207
19.5 2.6268 0.00617001892594508
20.5 2.2786999999999997 0.00662455063263843
21.5 1.9398 0.00717995169631945
22.5 1.6233 0.007848751980871954
23.5 1.3707 0.008541394747685645
24.5 1.1461999999999999 0.009340492970602163
25.5 0.9533 0.010242010187671149
26.5 0.7778 0.01133877220897369
27.5 0.639 0.01250977708401336
28.5 0.5458000000000001 0.01353577835636781
29.5 0.44 0.015075567228888179
30.5 0.3486 0.016936993022519234
31.5 0.28600000000000003 0.018698939800169144
32.5 0.2254 0.02106313659355673
33.5 0.1721 0.024105134820094756
34.5 0.139 0.026822089039291
35.5 0.1105 0.030082841879809342
36.5 0.0849 0.03431991115272901
37.5 0.07139999999999999 0.03742405942825599
38.5 0.0524 0.0436852028330519
39.5 0.0416 0.04902903378454601
40.5 0.031100000000000003 0.05670479771237427
41.5 0.0258 0.062257280636469035
42.5 0.0199 0.07088812050083358
43.5 0.0134 0.08638684255813601
44.5 0.0118 0.09205746178983235
45.5 0.009000000000000001 0.10540925533894598
46.5 0.0066 0.12309149097933272
47.5 0.0044 0.15075567228888181
48.5 0.0034999999999999996 0.16903085094570333
49.5 0.0021 0.2182178902359924
50.5 0.0021999999999999997 0.21320071635561047
51.5 0.0015 0.2581988897471611
52.5 0.0006000000000000001 0.40824829046386296
53.5 0.0007999999999999999 0.3535533905932738
54.5 0.0004 0.5
55.5 0.0003 0.5773502691896258
56.5 0.0005 0.4472135954999579
57.5 0.0001 1.0
58.5 0.0002 0.7071067811865475
59.5 0.0001 1.0
60.5 0.0002 0.7071067811865475
61.5 0.0 inf
62.5 0.0001 1.0
63.5 0.0 inf
64.5 0.0001 1.0
65.5 0.0 inf
66.5 0.0 inf
67.5 0.0 inf
68.5 0.0 inf
69.5 0.0 inf
70.5 0.0 inf
71.5 0.0 inf
72.5 0.0 inf
73.5 0.0 inf
74.5 0.0 inf
75.5 0.0 inf
76.5 0.0 inf
77.5 0.0 inf
78.5 0.0 inf
79.5 0.0 inf
80.5 0.0 inf
81.5 0.0 inf
82.5 0.0 inf
83.5 0.0 inf
84.5 0.0 inf
85.5 0.0 inf
86.5 0.0 inf
87.5 0.0 inf
88.5 0.0 inf
89.5 0.0 inf
90.5 0.0 inf
91.5 0.0 inf
92.5 0.0 inf
93.5 0.0 inf
94.5 0.0 inf
95.5 0.0 inf
96.5 0.0 inf
97.5 0.0 inf
