0.5 40.012 0.0015809017126097752
1.5 21.2689 0.00216834051871676
2.5 21.5473 0.0021542870502254756
3.5 19.8057 0.0022470094649709475
4.5 17.4743 0.002392214432938105
5.5 15.6662 0.002526493392104763
6.5 13.793099999999999 0.002692582740140115
7.5 12.1715 0.002866341610111307
8.5 10.9444 0.0030227624687542702
9.5 9.5654 0.0032333180900707584
10.5 8.5765 0.003414640240291411
11.5 7.5461 0.003640312960965145
12.5 6.6833 0.0038681608217579653
13.5 5.9187 0.004110426021081018
14.5 5.1894 0.004389766564127559
15.5 4.5142 0.0047066250485709735
16.5 3.9691 0.00501942511700321
17.5 3.4095 0.005415700670798068
18.5 2.9504 0.005821830410407779
19.5 2.5305999999999997 0.006286200779505793
20.5 2.1717 0.006785784827083926
21.5 1.8432 0.007365695637359871
22.5 1.5428000000000002 0.00805091395137373
23.5 1.3163 0.008716107126286739
24.5 1.1021999999999998 0.00952510554470738
25.5 0.8871 0.01061729074723905
26.5 0.75 0.011547005383792516
27.5 0.6048 0.012858612496840992
28.5 0.5274 0.013769873079533793
29.5 0.4265 0.015312301868469587
30.5 0.32030000000000003 0.017669388943903866
31.5 0.2714 0.019195307704688438
32.5 0.2131 0.02166248500719623
33.5 0.1671 0.024463116021507716
34.5 0.1412 0.026612314770617474
35.5 0.1147 0.02952692976787463
36.5 0.08310000000000001 0.03468961565679801
37.5 0.06989999999999999 0.037823473723611695
38.5 0.0511 0.04423739552038088
39.5 0.04 0.05
40.5 0.0296 0.05812381937190964
41.5 0.0246 0.06375767130633382
42.5 0.0165 0.0778498944161523
43.5 0.0121 0.09090909090909091
44.5 0.0103 0.09853292781642932
45.5 0.009399999999999999 0.10314212462587935
46.5 0.0055 0.13483997249264842
47.5 0.0042 0.1543033499620919
48.5 0.0036 0.16666666666666666
49.5 0.0023 0.20851441405707477
50.5 0.0014 0.2672612419124244
51.5 0.0012 0.2886751345948129
52.5 0.0013 0.2773500981126146
53.5 0.0007 0.3779644730092272
54.5 0.0007999999999999999 0.3535533905932738
55.5 0.0001 1.0
56.5 0.0002 0.7071067811865475
57.5 0.0002 0.7071067811865475
58.5 0.0001 1.0
59.5 0.0 inf
60.5 0.0001 1.0
61.5 0.0 inf
62.5 0.0 inf
63.5 0.0001 1.0
64.5 0.0001 1.0
65.5 0.0 inf
66.5 0.0 inf
67.5 0.0 inf
68.5 0.0 inf
69.5 0.0 inf
70.5 0.0 inf
71.5 0.0 inf
72.5 0.0 inf
73.5 0.0 inf
74.5 0.0 inf
75.5 0.0 inf
76.5 0.0 inf
77.5 0.0 inf
78.5 0.0 inf
79.5 0.0 inf
80.5 0.0 inf
81.5 0.0 inf
82.5 0.0 inf
83.5 0.0 inf
84.5 0.0 inf
85.5 0.0 inf
86.5 0.0 inf
87.5 0.0 inf
88.5 0.0 inf
89.5 0.0 inf
90.5 0.0 inf
91.5 0.0 inf
92.5 0.0 inf
93.5 0.0 inf
94.5 0.0 inf
95.5 0.0 inf
96.5 0.0 inf
97.5 0.0 inf
