0.5 649295.0 0.001241020543468755
1.5 91554.0 0.003304922945215212
2.5 52496.0 0.004364524075470798
3.5 28623.0 0.0059107477382662945
4.5 16904.0 0.007691397521601992
5.5 10542.0 0.009739541087531403
6.5 6921.0 0.012020307432910314
7.5 4899.0 0.01428717223482108
8.5 3418.0 0.017104641289927988
9.5 2453.0 0.020190693024117065
10.5 1779.0 0.023708933905523488
11.5 1338.0 0.027338327590690405
12.5 981.0 0.031927542840705044
13.5 770.0 0.036037498507822355
14.5 589.0 0.04120428217151646
15.5 451.0 0.04708816093480111
16.5 374.0 0.051708768999501914
17.5 278.0 0.05997601439040672
18.5 213.0 0.06851887098275317
19.5 159.0 0.07930515857181442
20.5 127.0 0.08873565094161139
21.5 90.0 0.10540925533894598
22.5 69.0 0.1203858530857692
23.5 65.0 0.12403473458920847
24.5 44.0 0.15075567228888181
25.5 18.0 0.23570226039551587
26.5 22.0 0.21320071635561041
27.5 22.0 0.21320071635561041
28.5 10.0 0.31622776601683794
29.5 4.0 0.5
30.5 8.0 0.35355339059327373
31.5 9.0 0.3333333333333333
32.5 2.0 0.7071067811865475
33.5 3.0 0.5773502691896258
34.5 0.0 inf
35.5 0.0 inf
36.5 0.0 inf
37.5 2.0 0.7071067811865475
38.5 0.0 inf
39.5 0.0 inf
40.5 0.0 inf
41.5 0.0 inf
42.5 0.0 inf
43.5 0.0 inf
44.5 0.0 inf
45.5 0.0 inf
46.5 0.0 inf
47.5 0.0 inf
48.5 0.0 inf
49.5 0.0 inf
50.5 0.0 inf
51.5 0.0 inf
52.5 0.0 inf
53.5 0.0 inf
54.5 0.0 inf
55.5 0.0 inf
56.5 0.0 inf
57.5 0.0 inf
58.5 0.0 inf
59.5 0.0 inf
60.5 0.0 inf
61.5 0.0 inf
62.5 0.0 inf
63.5 0.0 inf
64.5 0.0 inf
65.5 0.0 inf
66.5 0.0 inf
67.5 0.0 inf
68.5 0.0 inf
69.5 0.0 inf
70.5 0.0 inf
71.5 0.0 inf
72.5 0.0 inf
73.5 0.0 inf
74.5 0.0 inf
75.5 0.0 inf
76.5 0.0 inf
77.5 0.0 inf
78.5 0.0 inf
79.5 0.0 inf
80.5 0.0 inf
81.5 0.0 inf
82.5 0.0 inf
83.5 0.0 inf
84.5 0.0 inf
85.5 0.0 inf
86.5 0.0 inf
87.5 0.0 inf
88.5 0.0 inf
89.5 0.0 inf
90.5 0.0 inf
91.5 0.0 inf
92.5 0.0 inf
93.5 0.0 inf
94.5 0.0 inf
95.5 0.0 inf
96.5 0.0 inf
97.5 0.0 inf
