0.5 755150.0 0.0011507563674277
1.5 97877.0 0.003196389352196064
2.5 55277.0 0.004253317152989515
3.5 30004.0 0.00577311783020254
4.5 17348.0 0.007592333791112269
5.5 10900.0 0.009578262852211514
6.5 7198.0 0.011786750182111923
7.5 4824.0 0.01439780709302267
8.5 3367.0 0.01723369655646452
9.5 2501.0 0.01999600119960014
10.5 1795.0 0.02360303082374915
11.5 1348.0 0.027236735535142165
12.5 1055.0 0.030787453590353963
13.5 840.0 0.03450327796711771
14.5 550.0 0.04264014327112208
15.5 433.0 0.04805693313322127
16.5 377.0 0.051502620262460476
17.5 290.0 0.058722021951470346
18.5 197.0 0.07124704998790965
19.5 163.0 0.07832604499879574
20.5 136.0 0.08574929257125441
21.5 106.0 0.09712858623572641
22.5 64.0 0.125
23.5 51.0 0.14002800840280097
24.5 35.0 0.1690308509457033
25.5 32.0 0.17677669529663687
26.5 20.0 0.22360679774997896
27.5 20.0 0.22360679774997896
28.5 15.0 0.2581988897471611
29.5 15.0 0.2581988897471611
30.5 6.0 0.4082482904638631
31.5 4.0 0.5
32.5 3.0 0.5773502691896258
33.5 0.0 inf
34.5 1.0 1.0
35.5 1.0 1.0
36.5 1.0 1.0
37.5 1.0 1.0
38.5 0.0 inf
39.5 0.0 inf
40.5 0.0 inf
41.5 0.0 inf
42.5 0.0 inf
43.5 0.0 inf
44.5 0.0 inf
45.5 0.0 inf
46.5 0.0 inf
47.5 0.0 inf
48.5 0.0 inf
49.5 0.0 inf
50.5 0.0 inf
51.5 0.0 inf
52.5 0.0 inf
53.5 0.0 inf
54.5 0.0 inf
55.5 0.0 inf
56.5 0.0 inf
57.5 0.0 inf
58.5 0.0 inf
59.5 0.0 inf
60.5 0.0 inf
61.5 0.0 inf
62.5 0.0 inf
63.5 0.0 inf
64.5 0.0 inf
65.5 0.0 inf
66.5 0.0 inf
67.5 0.0 inf
68.5 0.0 inf
69.5 0.0 inf
70.5 0.0 inf
71.5 0.0 inf
72.5 0.0 inf
73.5 0.0 inf
74.5 0.0 inf
75.5 0.0 inf
76.5 0.0 inf
77.5 0.0 inf
78.5 0.0 inf
79.5 0.0 inf
80.5 0.0 inf
81.5 0.0 inf
82.5 0.0 inf
83.5 0.0 inf
84.5 0.0 inf
85.5 0.0 inf
86.5 0.0 inf
87.5 0.0 inf
88.5 0.0 inf
89.5 0.0 inf
90.5 0.0 inf
91.5 0.0 inf
92.5 0.0 inf
93.5 0.0 inf
94.5 0.0 inf
95.5 0.0 inf
96.5 0.0 inf
97.5 0.0 inf
