0.5 3160.0 0.0177892016741205
1.5 1615.0 0.024883630089671975
2.5 1509.0 0.025742776142551403
3.5 1212.0 0.0287242494810713
4.5 1096.0 0.03020610466650885
5.5 816.0 0.03500700210070024
6.5 682.0 0.03829197905337418
7.5 547.0 0.04275691248090128
8.5 428.0 0.04833682445228318
9.5 373.0 0.05177803730784977
10.5 274.0 0.0604122093330177
11.5 261.0 0.061898446059017294
12.5 211.0 0.06884283908215143
13.5 176.0 0.07537783614444091
14.5 136.0 0.08574929257125441
15.5 96.0 0.10206207261596577
16.5 80.0 0.11180339887498948
17.5 78.0 0.11322770341445956
18.5 66.0 0.12309149097933272
19.5 28.0 0.1889822365046136
20.5 40.0 0.15811388300841897
21.5 23.0 0.20851441405707477
22.5 29.0 0.18569533817705186
23.5 15.0 0.2581988897471611
24.5 10.0 0.31622776601683794
25.5 8.0 0.35355339059327373
26.5 3.0 0.5773502691896258
27.5 5.0 0.4472135954999579
28.5 5.0 0.4472135954999579
29.5 1.0 1.0
30.5 1.0 1.0
31.5 2.0 0.7071067811865475
32.5 1.0 1.0
33.5 0.0 inf
34.5 1.0 1.0
35.5 0.0 inf
36.5 0.0 inf
37.5 0.0 inf
38.5 0.0 inf
39.5 0.0 inf
40.5 0.0 inf
41.5 0.0 inf
42.5 0.0 inf
43.5 0.0 inf
44.5 0.0 inf
45.5 0.0 inf
46.5 0.0 inf
47.5 0.0 inf
48.5 0.0 inf
49.5 0.0 inf
50.5 0.0 inf
51.5 0.0 inf
52.5 0.0 inf
53.5 0.0 inf
54.5 0.0 inf
55.5 0.0 inf
56.5 0.0 inf
57.5 0.0 inf
58.5 0.0 inf
59.5 0.0 inf
60.5 0.0 inf
61.5 0.0 inf
62.5 0.0 inf
63.5 0.0 inf
64.5 0.0 inf
65.5 0.0 inf
66.5 0.0 inf
67.5 0.0 inf
68.5 0.0 inf
69.5 0.0 inf
70.5 0.0 inf
71.5 0.0 inf
72.5 0.0 inf
73.5 0.0 inf
74.5 0.0 inf
75.5 0.0 inf
76.5 0.0 inf
77.5 0.0 inf
78.5 0.0 inf
79.5 0.0 inf
80.5 0.0 inf
81.5 0.0 inf
82.5 0.0 inf
83.5 0.0 inf
84.5 0.0 inf
85.5 0.0 inf
86.5 0.0 inf
87.5 0.0 inf
88.5 0.0 inf
89.5 0.0 inf
90.5 0.0 inf
91.5 0.0 inf
92.5 0.0 inf
93.5 0.0 inf
94.5 0.0 inf
95.5 0.0 inf
96.5 0.0 inf
97.5 0.0 inf
