0.5 39.2021 0.0015971486323058544
1.5 20.7258 0.002196566462834922
2.5 20.9948 0.002182449127076318
3.5 19.2761 0.0022776679708180893
4.5 17.0277 0.0024233827098147824
5.5 15.2222 0.002563074844008516
6.5 13.421299999999999 0.002729623245594997
7.5 11.9884 0.0028881476214800165
8.5 10.682 0.0030596638348437096
9.5 9.2715 0.0032841652288012873
10.5 8.3636 0.003457827891065948
11.5 7.2929 0.0037029672471014605
12.5 6.5421 0.003909681784205759
13.5 5.721500000000001 0.004180661922254467
14.5 5.0724 0.004440105128725683
15.5 4.3929 0.004771163962223197
16.5 3.8499 0.005096538103612599
17.5 3.3631 0.005452932346217969
18.5 2.8597 0.005913434113170225
19.5 2.4638999999999998 0.006370719170239182
20.5 2.0991 0.00690213478080649
21.5 1.7648 0.007527525795745973
22.5 1.5243 0.00809962244489939
23.5 1.2666 0.008885466997542035
24.5 1.0758999999999999 0.009640821594974034
25.5 0.8726 0.01070514109388654
26.5 0.7163999999999999 0.011814686750138933
27.5 0.5884 0.01303657981697152
28.5 0.504 0.014085904245475275
29.5 0.41600000000000004 0.015504341823651058
30.5 0.328 0.017460757394239454
31.5 0.25939999999999996 0.019634281539316647
32.5 0.2135 0.02164218276749025
33.5 0.1679 0.024404766228169002
34.5 0.1272 0.028038607704602217
35.5 0.1043 0.030964056111131625
36.5 0.08080000000000001 0.03517987723651459
37.5 0.0633 0.039746431675858215
38.5 0.047799999999999995 0.04573893537463483
39.5 0.039900000000000005 0.05006261743217588
40.5 0.031100000000000003 0.05670479771237427
41.5 0.0228 0.06622661785325219
42.5 0.019200000000000002 0.07216878364870322
43.5 0.012299999999999998 0.09016696346674324
44.5 0.008799999999999999 0.10660035817780524
45.5 0.0076 0.11470786693528087
46.5 0.0072 0.11785113019775793
47.5 0.0031999999999999997 0.1767766952966369
48.5 0.0036 0.16666666666666666
49.5 0.0028 0.1889822365046136
50.5 0.0019 0.22941573387056174
51.5 0.0014 0.2672612419124244
52.5 0.0008 0.35355339059327373
53.5 0.0006000000000000001 0.40824829046386296
54.5 0.0003 0.5773502691896258
55.5 0.0004 0.5
56.5 0.0004 0.5
57.5 0.0001 1.0
58.5 0.00039999999999999996 0.5000000000000001
59.5 0.0 inf
60.5 0.0001 1.0
61.5 0.0 inf
62.5 0.0001 1.0
63.5 0.0 inf
64.5 0.0 inf
65.5 0.0 inf
66.5 0.0 inf
67.5 0.0 inf
68.5 0.0 inf
69.5 0.0 inf
70.5 0.0 inf
71.5 0.0 inf
72.5 0.0 inf
73.5 0.0 inf
74.5 0.0 inf
75.5 0.0 inf
76.5 0.0 inf
77.5 0.0 inf
78.5 0.0 inf
79.5 0.0 inf
80.5 0.0 inf
81.5 0.0 inf
82.5 0.0 inf
83.5 0.0 inf
84.5 0.0 inf
85.5 0.0 inf
86.5 0.0 inf
87.5 0.0 inf
88.5 0.0 inf
89.5 0.0 inf
90.5 0.0 inf
91.5 0.0 inf
92.5 0.0 inf
93.5 0.0 inf
94.5 0.0 inf
95.5 0.0 inf
96.5 0.0 inf
97.5 0.0 inf
