0.5 557.0 0.042371359860703575
1.5 314.0 0.05643326479831003
2.5 309.0 0.05688801239885743
3.5 298.0 0.057928444636349226
4.5 251.0 0.06311944030978031
5.5 203.0 0.07018624063435965
6.5 208.0 0.06933752452815364
7.5 142.0 0.08391813582966891
8.5 122.0 0.09053574604251853
9.5 101.0 0.09950371902099892
10.5 96.0 0.10206207261596577
11.5 81.0 0.1111111111111111
12.5 52.0 0.1386750490563073
13.5 46.0 0.14744195615489714
14.5 42.0 0.1543033499620919
15.5 28.0 0.1889822365046136
16.5 29.0 0.18569533817705186
17.5 15.0 0.2581988897471611
18.5 18.0 0.23570226039551587
19.5 11.0 0.30151134457776363
20.5 11.0 0.30151134457776363
21.5 10.0 0.31622776601683794
22.5 3.0 0.5773502691896258
23.5 3.0 0.5773502691896258
24.5 2.0 0.7071067811865475
25.5 1.0 1.0
26.5 1.0 1.0
27.5 0.0 inf
28.5 0.0 inf
29.5 0.0 inf
30.5 0.0 inf
31.5 0.0 inf
32.5 0.0 inf
33.5 0.0 inf
34.5 0.0 inf
35.5 0.0 inf
36.5 0.0 inf
37.5 0.0 inf
38.5 0.0 inf
39.5 0.0 inf
40.5 0.0 inf
41.5 0.0 inf
42.5 0.0 inf
43.5 0.0 inf
44.5 0.0 inf
45.5 0.0 inf
46.5 0.0 inf
47.5 0.0 inf
48.5 0.0 inf
49.5 0.0 inf
50.5 0.0 inf
51.5 0.0 inf
52.5 0.0 inf
53.5 0.0 inf
54.5 0.0 inf
55.5 0.0 inf
56.5 0.0 inf
57.5 0.0 inf
58.5 0.0 inf
59.5 0.0 inf
60.5 0.0 inf
61.5 0.0 inf
62.5 0.0 inf
63.5 0.0 inf
64.5 0.0 inf
65.5 0.0 inf
66.5 0.0 inf
67.5 0.0 inf
68.5 0.0 inf
69.5 0.0 inf
70.5 0.0 inf
71.5 0.0 inf
72.5 0.0 inf
73.5 0.0 inf
74.5 0.0 inf
75.5 0.0 inf
76.5 0.0 inf
77.5 0.0 inf
78.5 0.0 inf
79.5 0.0 inf
80.5 0.0 inf
81.5 0.0 inf
82.5 0.0 inf
83.5 0.0 inf
84.5 0.0 inf
85.5 0.0 inf
86.5 0.0 inf
87.5 0.0 inf
88.5 0.0 inf
89.5 0.0 inf
90.5 0.0 inf
91.5 0.0 inf
92.5 0.0 inf
93.5 0.0 inf
94.5 0.0 inf
95.5 0.0 inf
96.5 0.0 inf
97.5 0.0 inf
