0.5 2350.0 0.02062842492517587
1.5 1203.0 0.0288314965852446
2.5 1102.0 0.0301237616564389
3.5 950.0 0.03244428422615251
4.5 813.0 0.03507153119159472
5.5 657.0 0.03901371573204352
6.5 481.0 0.04559607525875532
7.5 428.0 0.04833682445228318
8.5 358.0 0.05285164225816899
9.5 281.0 0.05965499862718936
10.5 231.0 0.0657951694959769
11.5 175.0 0.07559289460184544
12.5 160.0 0.07905694150420949
13.5 107.0 0.09667364890456635
14.5 110.0 0.09534625892455924
15.5 79.0 0.1125087900926024
16.5 70.0 0.11952286093343936
17.5 55.0 0.13483997249264842
18.5 37.0 0.1643989873053573
19.5 36.0 0.16666666666666666
20.5 30.0 0.18257418583505536
21.5 21.0 0.2182178902359924
22.5 12.0 0.2886751345948129
23.5 6.0 0.4082482904638631
24.5 6.0 0.4082482904638631
25.5 12.0 0.2886751345948129
26.5 1.0 1.0
27.5 6.0 0.4082482904638631
28.5 2.0 0.7071067811865475
29.5 0.0 inf
30.5 1.0 1.0
31.5 0.0 inf
32.5 0.0 inf
33.5 0.0 inf
34.5 0.0 inf
35.5 0.0 inf
36.5 0.0 inf
37.5 0.0 inf
38.5 0.0 inf
39.5 0.0 inf
40.5 0.0 inf
41.5 0.0 inf
42.5 0.0 inf
43.5 0.0 inf
44.5 0.0 inf
45.5 0.0 inf
46.5 0.0 inf
47.5 0.0 inf
48.5 0.0 inf
49.5 0.0 inf
50.5 0.0 inf
51.5 0.0 inf
52.5 0.0 inf
53.5 0.0 inf
54.5 0.0 inf
55.5 0.0 inf
56.5 0.0 inf
57.5 0.0 inf
58.5 0.0 inf
59.5 0.0 inf
60.5 0.0 inf
61.5 0.0 inf
62.5 0.0 inf
63.5 0.0 inf
64.5 0.0 inf
65.5 0.0 inf
66.5 0.0 inf
67.5 0.0 inf
68.5 0.0 inf
69.5 0.0 inf
70.5 0.0 inf
71.5 0.0 inf
72.5 0.0 inf
73.5 0.0 inf
74.5 0.0 inf
75.5 0.0 inf
76.5 0.0 inf
77.5 0.0 inf
78.5 0.0 inf
79.5 0.0 inf
80.5 0.0 inf
81.5 0.0 inf
82.5 0.0 inf
83.5 0.0 inf
84.5 0.0 inf
85.5 0.0 inf
86.5 0.0 inf
87.5 0.0 inf
88.5 0.0 inf
89.5 0.0 inf
90.5 0.0 inf
91.5 0.0 inf
92.5 0.0 inf
93.5 0.0 inf
94.5 0.0 inf
95.5 0.0 inf
96.5 0.0 inf
97.5 0.0 inf
