0.5 41.093599999999995 0.001559957999008295
1.5 21.8637 0.0021386423874304966
2.5 22.1769 0.0021234868745237273
3.5 20.3878 0.002214699551482392
4.5 17.9771 0.0023585233643501303
5.5 16.125799999999998 0.002490229453091201
6.5 14.175699999999999 0.0026559979969108098
7.5 12.6505 0.002811552221853551
8.5 11.3167 0.0029726248119237293
9.5 9.8155 0.00319185964756918
10.5 8.8773 0.003356290561737617
11.5 7.7344 0.003595726788533036
12.5 6.9279 0.0037992615712966835
13.5 6.0785 0.004056035892507147
14.5 5.3113 0.004339099247024175
15.5 4.6234 0.004650710066485251
16.5 4.1019000000000005 0.004937504059941531
17.5 3.5317 0.005321181803950669
18.5 3.0693 0.005707952236192521
19.5 2.6182 0.006180143947117157
20.5 2.2257 0.006702960916110719
21.5 1.8852 0.007283184041729217
22.5 1.6053000000000002 0.007892632784871787
23.5 1.3504 0.008605354885268928
24.5 1.1282 0.009414710114005471
25.5 0.9200999999999999 0.010425154133785426
26.5 0.7847999999999999 0.011288091024643274
27.5 0.639 0.01250977708401336
28.5 0.5333 0.013693491865936448
29.5 0.43789999999999996 0.015111672305609227
30.5 0.3548 0.016788356946826864
31.5 0.27390000000000003 0.019107505086717085
32.5 0.2232 0.021166687833365085
33.5 0.1725 0.02407717061715384
34.5 0.13990000000000002 0.02673567435205867
35.5 0.1055 0.030787453590353963
36.5 0.0887 0.03357671389365373
37.5 0.0699 0.03782347372361169
38.5 0.054 0.04303314829119352
39.5 0.0388 0.05076730825668096
40.5 0.0335 0.05463583647081531
41.5 0.024300000000000002 0.06415002990995841
42.5 0.0201 0.07053456158585983
43.5 0.0123 0.09016696346674323
44.5 0.0083 0.10976425998969035
45.5 0.0073 0.11704114719613057
46.5 0.0064 0.125
47.5 0.004 0.15811388300841897
48.5 0.0025 0.2
49.5 0.0021000000000000003 0.21821789023599233
50.5 0.0021999999999999997 0.21320071635561047
51.5 0.0015 0.2581988897471611
52.5 0.0008 0.35355339059327373
53.5 0.0003 0.5773502691896258
54.5 0.0002 0.7071067811865475
55.5 0.0006 0.4082482904638631
56.5 0.0005 0.4472135954999579
57.5 0.00039999999999999996 0.5000000000000001
58.5 0.00030000000000000003 0.5773502691896257
59.5 0.0002 0.7071067811865475
60.5 0.0 inf
61.5 0.0001 1.0
62.5 0.0 inf
63.5 0.0 inf
64.5 0.0 inf
65.5 0.0 inf
66.5 0.0 inf
67.5 0.0 inf
68.5 0.0 inf
69.5 0.0 inf
70.5 0.0 inf
71.5 0.0 inf
72.5 0.0 inf
73.5 0.0 inf
74.5 0.0 inf
75.5 0.0 inf
76.5 0.0 inf
77.5 0.0 inf
78.5 0.0 inf
79.5 0.0 inf
80.5 0.0 inf
81.5 0.0 inf
82.5 0.0 inf
83.5 0.0 inf
84.5 0.0 inf
85.5 0.0 inf
86.5 0.0 inf
87.5 0.0 inf
88.5 0.0 inf
89.5 0.0 inf
90.5 0.0 inf
91.5 0.0 inf
92.5 0.0 inf
93.5 0.0 inf
94.5 0.0 inf
95.5 0.0 inf
96.5 0.0 inf
97.5 0.0 inf
