0.5 38.9791 0.001601710771912768
1.5 20.606299999999997 0.0022029264166938934
2.5 20.9317 0.00218573622057946
3.5 19.1675 0.002284111308826685
4.5 16.941499999999998 0.0024295400908961253
5.5 15.1414 0.002569904493073139
6.5 13.3012 0.002741918792740774
7.5 11.8399 0.0029062032414391386
8.5 10.6131 0.0030695794014340577
9.5 9.2044 0.00329611425996178
10.5 8.3473 0.0034612023418622035
11.5 7.2645 0.0037101984183690933
12.5 6.5 0.00392232270276368
13.5 5.7324 0.004176685324518576
14.5 5.0575 0.004446640858932085
15.5 4.3544 0.004792209980993016
16.5 3.8266 0.005112030854511917
17.5 3.3265000000000002 0.0054828483778037
18.5 2.8196 0.0059553357209681836
19.5 2.4372 0.006405520350200733
20.5 2.1075 0.0068883659031829065
21.5 1.7776 0.007500375028127344
22.5 1.5004 0.008163877364853404
23.5 1.2563 0.00892181718807527
24.5 1.0744 0.009647549158488413
25.5 0.8749 0.010691060611702006
26.5 0.7222999999999999 0.011766334553487256
27.5 0.5791 0.013140842725612582
28.5 0.5095999999999999 0.014008295367013146
29.5 0.4085 0.015646023188518772
30.5 0.3235 0.017581780649842196
31.5 0.2612 0.019566512004870806
32.5 0.2056 0.022054054569561544
33.5 0.1633 0.02474610820719749
34.5 0.13019999999999998 0.02771369977368467
35.5 0.1049 0.03087537605472192
36.5 0.0829 0.034731435582359395
37.5 0.0686 0.038180177416060626
38.5 0.0521 0.04381079543383235
39.5 0.0385 0.050964719143762556
40.5 0.030100000000000002 0.0576390417704235
41.5 0.0218 0.06772854614785964
42.5 0.0169 0.07692307692307693
43.5 0.0133 0.086710996952412
44.5 0.0109 0.09578262852211514
45.5 0.0074 0.11624763874381928
46.5 0.0057 0.13245323570650439
47.5 0.0041 0.15617376188860607
48.5 0.0038 0.16222142113076254
49.5 0.0024000000000000002 0.20412414523193148
50.5 0.0012000000000000001 0.28867513459481287
51.5 0.0013 0.2773500981126146
52.5 0.0011 0.30151134457776363
53.5 0.0004 0.5
54.5 0.0001 1.0
55.5 0.0002 0.7071067811865475
56.5 0.0001 1.0
57.5 0.0002 0.7071067811865475
58.5 0.00039999999999999996 0.5000000000000001
59.5 0.0001 1.0
60.5 0.0001 1.0
61.5 0.0001 1.0
62.5 0.0 inf
63.5 0.0 inf
64.5 0.0 inf
65.5 0.0 inf
66.5 0.0 inf
67.5 0.0 inf
68.5 0.0 inf
69.5 0.0 inf
70.5 0.0 inf
71.5 0.0 inf
72.5 0.0 inf
73.5 0.0 inf
74.5 0.0 inf
75.5 0.0 inf
76.5 0.0 inf
77.5 0.0 inf
78.5 0.0 inf
79.5 0.0 inf
80.5 0.0 inf
81.5 0.0 inf
82.5 0.0 inf
83.5 0.0 inf
84.5 0.0 inf
85.5 0.0 inf
86.5 0.0 inf
87.5 0.0 inf
88.5 0.0 inf
89.5 0.0 inf
90.5 0.0 inf
91.5 0.0 inf
92.5 0.0 inf
93.5 0.0 inf
94.5 0.0 inf
95.5 0.0 inf
96.5 0.0 inf
97.5 0.0 inf
