0.5 195031.0 0.002264374086732562
1.5 42236.0 0.00486584879703214
2.5 26796.0 0.006108928124985939
3.5 15980.0 0.007910639846338165
4.5 9829.0 0.01008661240061378
5.5 6664.0 0.012249898938750631
6.5 4428.0 0.015027827244457205
7.5 3013.0 0.018217988943396556
8.5 2273.0 0.020974918506045256
9.5 1616.0 0.02487592975524973
10.5 1249.0 0.028295591748714637
11.5 887.0 0.03357671389365373
12.5 689.0 0.03809696588797296
13.5 544.0 0.042874646285627205
14.5 411.0 0.049326362366699
15.5 315.0 0.0563436169819011
16.5 269.0 0.06097107608496923
17.5 205.0 0.06984302957695782
18.5 151.0 0.08137884587711594
19.5 99.0 0.10050378152592121
20.5 85.0 0.10846522890932808
21.5 58.0 0.13130643285972254
22.5 59.0 0.13018891098082389
23.5 29.0 0.18569533817705186
24.5 24.0 0.20412414523193154
25.5 19.0 0.22941573387056174
26.5 17.0 0.24253562503633297
27.5 6.0 0.4082482904638631
28.5 6.0 0.4082482904638631
29.5 5.0 0.4472135954999579
30.5 5.0 0.4472135954999579
31.5 4.0 0.5
32.5 1.0 1.0
33.5 3.0 0.5773502691896258
34.5 0.0 inf
35.5 0.0 inf
36.5 0.0 inf
37.5 0.0 inf
38.5 0.0 inf
39.5 0.0 inf
40.5 1.0 1.0
41.5 0.0 inf
42.5 0.0 inf
43.5 0.0 inf
44.5 0.0 inf
45.5 0.0 inf
46.5 0.0 inf
47.5 0.0 inf
48.5 0.0 inf
49.5 0.0 inf
50.5 0.0 inf
51.5 0.0 inf
52.5 0.0 inf
53.5 0.0 inf
54.5 0.0 inf
55.5 0.0 inf
56.5 0.0 inf
57.5 0.0 inf
58.5 0.0 inf
59.5 0.0 inf
60.5 0.0 inf
61.5 0.0 inf
62.5 0.0 inf
63.5 0.0 inf
64.5 0.0 inf
65.5 0.0 inf
66.5 0.0 inf
67.5 0.0 inf
68.5 0.0 inf
69.5 0.0 inf
70.5 0.0 inf
71.5 0.0 inf
72.5 0.0 inf
73.5 0.0 inf
74.5 0.0 inf
75.5 0.0 inf
76.5 0.0 inf
77.5 0.0 inf
78.5 0.0 inf
79.5 0.0 inf
80.5 0.0 inf
81.5 0.0 inf
82.5 0.0 inf
83.5 0.0 inf
84.5 0.0 inf
85.5 0.0 inf
86.5 0.0 inf
87.5 0.0 inf
88.5 0.0 inf
89.5 0.0 inf
90.5 0.0 inf
91.5 0.0 inf
92.5 0.0 inf
93.5 0.0 inf
94.5 0.0 inf
95.5 0.0 inf
96.5 0.0 inf
97.5 0.0 inf
