0.5 82883.0 0.00347349972544287
1.5 23836.0 0.0064771404089428684
2.5 16889.0 0.007694812328797627
3.5 11036.0 0.00951906196931417
4.5 7116.0 0.011854466952761744
5.5 5016.0 0.014119562368122625
6.5 3376.0 0.017210709770537857
7.5 2404.0 0.020395425411200103
8.5 1833.0 0.023357091793352585
9.5 1293.0 0.02780998390775747
10.5 1080.0 0.03042903097250923
11.5 800.0 0.035355339059327376
12.5 619.0 0.04019339355290704
13.5 466.0 0.04632410546120795
14.5 380.0 0.051298917604257706
15.5 280.0 0.05976143046671968
16.5 231.0 0.0657951694959769
17.5 178.0 0.07495316889958614
18.5 122.0 0.09053574604251853
19.5 93.0 0.10369516947304253
20.5 83.0 0.10976425998969035
21.5 77.0 0.11396057645963795
22.5 44.0 0.15075567228888181
23.5 36.0 0.16666666666666666
24.5 18.0 0.23570226039551587
25.5 16.0 0.25
26.5 16.0 0.25
27.5 13.0 0.2773500981126146
28.5 3.0 0.5773502691896258
29.5 4.0 0.5
30.5 2.0 0.7071067811865475
31.5 1.0 1.0
32.5 1.0 1.0
33.5 0.0 inf
34.5 0.0 inf
35.5 1.0 1.0
36.5 0.0 inf
37.5 0.0 inf
38.5 0.0 inf
39.5 0.0 inf
40.5 0.0 inf
41.5 0.0 inf
42.5 0.0 inf
43.5 0.0 inf
44.5 0.0 inf
45.5 0.0 inf
46.5 0.0 inf
47.5 0.0 inf
48.5 0.0 inf
49.5 0.0 inf
50.5 0.0 inf
51.5 0.0 inf
52.5 0.0 inf
53.5 0.0 inf
54.5 0.0 inf
55.5 0.0 inf
56.5 0.0 inf
57.5 0.0 inf
58.5 0.0 inf
59.5 0.0 inf
60.5 0.0 inf
61.5 0.0 inf
62.5 0.0 inf
63.5 0.0 inf
64.5 0.0 inf
65.5 0.0 inf
66.5 0.0 inf
67.5 0.0 inf
68.5 0.0 inf
69.5 0.0 inf
70.5 0.0 inf
71.5 0.0 inf
72.5 0.0 inf
73.5 0.0 inf
74.5 0.0 inf
75.5 0.0 inf
76.5 0.0 inf
77.5 0.0 inf
78.5 0.0 inf
79.5 0.0 inf
80.5 0.0 inf
81.5 0.0 inf
82.5 0.0 inf
83.5 0.0 inf
84.5 0.0 inf
85.5 0.0 inf
86.5 0.0 inf
87.5 0.0 inf
88.5 0.0 inf
89.5 0.0 inf
90.5 0.0 inf
91.5 0.0 inf
92.5 0.0 inf
93.5 0.0 inf
94.5 0.0 inf
95.5 0.0 inf
96.5 0.0 inf
97.5 0.0 inf
