0.5 38.589 0.00160978633999414
1.5 20.3803 0.002215107021410814
2.5 20.593600000000002 0.002203605580450275
3.5 18.993000000000002 0.0022945800634455384
4.5 16.709699999999998 0.002446333562155639
5.5 14.9824 0.002583504998590975
6.5 13.1013 0.0027627577399791316
7.5 11.6654 0.002927859164085995
8.5 10.455 0.0030927013322285496
9.5 9.143 0.003307163301718369
10.5 8.2057 0.003490938375677285
11.5 7.205 0.003725486615258723
12.5 6.3976 0.003953588442553158
13.5 5.593400000000001 0.004228263663597174
14.5 4.967499999999999 0.00448674163825318
15.5 4.308199999999999 0.004817836658430161
16.5 3.7847 0.005140250333202764
17.5 3.2832 0.005518884821104349
18.5 2.8456 0.0059280665965587695
19.5 2.4012000000000002 0.006453359105519719
20.5 2.0540000000000003 0.00697749895904445
21.5 1.7528000000000001 0.007553249275871915
22.5 1.4857 0.00820416598462418
23.5 1.2338 0.009002800306410675
24.5 1.0651000000000002 0.009689576763201122
25.5 0.843 0.010891462805350444
26.5 0.7050000000000001 0.011909826683508273
27.5 0.5931 0.012984823118860329
28.5 0.49979999999999997 0.014144964899666776
29.5 0.4052 0.01570960559016737
30.5 0.3202 0.01767214784609008
31.5 0.2567 0.019737269249541726
32.5 0.20400000000000001 0.022140372138502378
33.5 0.157 0.025237723256253435
34.5 0.1278 0.02797271194322297
35.5 0.1058 0.030743773095067282
36.5 0.08230000000000001 0.034857808718787485
37.5 0.068 0.03834824944236852
38.5 0.0498 0.04481107149482209
39.5 0.0383 0.0510976130307596
40.5 0.0288 0.05892556509887897
41.5 0.0221 0.06726727939963124
42.5 0.0171 0.07647191129018725
43.5 0.0107 0.09667364890456635
44.5 0.011099999999999999 0.0949157995752499
45.5 0.0062 0.1270001270001905
46.5 0.0045000000000000005 0.14907119849998599
47.5 0.004 0.15811388300841897
48.5 0.0039 0.16012815380508713
49.5 0.002 0.22360679774997896
50.5 0.0014 0.2672612419124244
51.5 0.001 0.31622776601683794
52.5 0.0002 0.7071067811865475
53.5 0.0004 0.5
54.5 0.0005 0.4472135954999579
55.5 0.00030000000000000003 0.5773502691896257
56.5 0.0 inf
57.5 0.0001 1.0
58.5 0.0 inf
59.5 0.0 inf
60.5 0.0 inf
61.5 0.0001 1.0
62.5 0.0001 1.0
63.5 0.0 inf
64.5 0.0 inf
65.5 0.0 inf
66.5 0.0 inf
67.5 0.0 inf
68.5 0.0 inf
69.5 0.0 inf
70.5 0.0 inf
71.5 0.0 inf
72.5 0.0 inf
73.5 0.0 inf
74.5 0.0 inf
75.5 0.0 inf
76.5 0.0 inf
77.5 0.0 inf
78.5 0.0 inf
79.5 0.0 inf
80.5 0.0 inf
81.5 0.0 inf
82.5 0.0 inf
83.5 0.0 inf
84.5 0.0 inf
85.5 0.0 inf
86.5 0.0 inf
87.5 0.0 inf
88.5 0.0 inf
89.5 0.0 inf
90.5 0.0 inf
91.5 0.0 inf
92.5 0.0 inf
93.5 0.0 inf
94.5 0.0 inf
95.5 0.0 inf
96.5 0.0 inf
97.5 0.0 inf
