0.5 61.4464 0.0012757094662284073
1.5 33.4247 0.0017296819007065465
2.5 33.9766 0.00171557631312094
3.5 31.1116 0.0017928288275447135
4.5 27.5426 0.0019054498920555378
5.5 24.698700000000002 0.0020121620437933163
6.5 21.7504 0.0021442053529354094
7.5 19.2391 0.002279857086622119
8.5 17.224 0.0024095336268907955
9.5 14.9919 0.002582686316941528
10.5 13.446200000000001 0.002727094683101281
11.5 11.8244 0.0029081074140710436
12.5 10.4836 0.003088479897518843
13.5 9.190999999999999 0.0032985161664013233
14.5 8.0775 0.003518532093128397
15.5 6.986700000000001 0.003783240517394837
16.5 6.1408000000000005 0.004035408676845632
17.5 5.379899999999999 0.004311346204051733
18.5 4.5714 0.004677086349385106
19.5 3.8752 0.005079873988176831
20.5 3.3594999999999997 0.0054558532124621825
21.5 2.8749000000000002 0.005897780817188983
22.5 2.372 0.006492958957227135
23.5 2.0303 0.007018105503369492
24.5 1.6800000000000002 0.007715167498104596
25.5 1.3929 0.008473055103672043
26.5 1.1503 0.009323832009705789
27.5 0.9151 0.010453596250625193
28.5 0.7946 0.01121826564211757
29.5 0.6215 0.01268467760161046
30.5 0.5159 0.013922500304598205
31.5 0.4119 0.015581314872270007
32.5 0.3255 0.017527682734987296
33.5 0.2495 0.020020030050087657
34.5 0.2004 0.022338352580438516
35.5 0.1636 0.024723408821707437
36.5 0.1295 0.02778850071883642
37.5 0.0988 0.031814238148788886
38.5 0.0825 0.034815531191139566
39.5 0.0605 0.040655781409087086
40.5 0.0461 0.04657464328326223
41.5 0.036000000000000004 0.05270462766947299
42.5 0.0275 0.060302268915552716
43.5 0.0191 0.07235746052924216
44.5 0.0135 0.08606629658238704
45.5 0.011 0.09534625892455924
46.5 0.0086 0.10783277320343841
47.5 0.0081 0.1111111111111111
48.5 0.0051 0.14002800840280097
49.5 0.0043 0.15249857033260467
50.5 0.0033 0.17407765595569785
51.5 0.0015 0.2581988897471611
52.5 0.0014 0.2672612419124244
53.5 0.0009 0.3333333333333333
54.5 0.0005 0.4472135954999579
55.5 0.0005 0.4472135954999579
56.5 0.0003 0.5773502691896258
57.5 0.0002 0.7071067811865475
58.5 0.0002 0.7071067811865475
59.5 0.0002 0.7071067811865475
60.5 0.0001 1.0
61.5 0.0001 1.0
62.5 0.00030000000000000003 0.5773502691896257
63.5 0.0 inf
64.5 0.0 inf
65.5 0.0001 1.0
66.5 0.0 inf
67.5 0.0001 1.0
68.5 0.0 inf
69.5 0.0 inf
70.5 0.0001 1.0
71.5 0.0 inf
72.5 0.0 inf
73.5 0.0 inf
74.5 0.0 inf
75.5 0.0 inf
76.5 0.0 inf
77.5 0.0 inf
78.5 0.0 inf
79.5 0.0 inf
80.5 0.0 inf
81.5 0.0 inf
82.5 0.0 inf
83.5 0.0 inf
84.5 0.0 inf
85.5 0.0 inf
86.5 0.0 inf
87.5 0.0 inf
88.5 0.0 inf
89.5 0.0 inf
90.5 0.0 inf
91.5 0.0 inf
92.5 0.0 inf
93.5 0.0 inf
94.5 0.0 inf
95.5 0.0 inf
96.5 0.0 inf
97.5 0.0 inf
