0.5 847075.0 0.0010865233594609509
1.5 87653.0 0.0033776652642008554
2.5 47503.0 0.004588169790126573
3.5 24859.0 0.006342466365772022
4.5 14185.0 0.008396249393469397
5.5 8765.0 0.010681298198423771
6.5 5684.0 0.013263952726932276
7.5 3815.0 0.016190219204909317
8.5 2777.0 0.018976322832200788
9.5 1909.0 0.022887430356158697
10.5 1431.0 0.02643505285727147
11.5 1104.0 0.0300964632714423
12.5 833.0 0.03464794643376185
13.5 632.0 0.0397778642087865
14.5 461.0 0.04657464328326223
15.5 348.0 0.05360562674188974
16.5 294.0 0.05832118435198043
17.5 205.0 0.06984302957695782
18.5 138.0 0.08512565307587486
19.5 113.0 0.09407208683835973
20.5 101.0 0.09950371902099892
21.5 78.0 0.11322770341445956
22.5 51.0 0.14002800840280097
23.5 43.0 0.15249857033260467
24.5 27.0 0.19245008972987526
25.5 29.0 0.18569533817705186
26.5 18.0 0.23570226039551587
27.5 21.0 0.2182178902359924
28.5 5.0 0.4472135954999579
29.5 6.0 0.4082482904638631
30.5 5.0 0.4472135954999579
31.5 1.0 1.0
32.5 0.0 inf
33.5 0.0 inf
34.5 0.0 inf
35.5 0.0 inf
36.5 1.0 1.0
37.5 1.0 1.0
38.5 0.0 inf
39.5 0.0 inf
40.5 0.0 inf
41.5 0.0 inf
42.5 0.0 inf
43.5 0.0 inf
44.5 0.0 inf
45.5 0.0 inf
46.5 0.0 inf
47.5 0.0 inf
48.5 0.0 inf
49.5 0.0 inf
50.5 0.0 inf
51.5 0.0 inf
52.5 0.0 inf
53.5 0.0 inf
54.5 0.0 inf
55.5 0.0 inf
56.5 0.0 inf
57.5 0.0 inf
58.5 0.0 inf
59.5 0.0 inf
60.5 0.0 inf
61.5 0.0 inf
62.5 0.0 inf
63.5 0.0 inf
64.5 0.0 inf
65.5 0.0 inf
66.5 0.0 inf
67.5 0.0 inf
68.5 0.0 inf
69.5 0.0 inf
70.5 0.0 inf
71.5 0.0 inf
72.5 0.0 inf
73.5 0.0 inf
74.5 0.0 inf
75.5 0.0 inf
76.5 0.0 inf
77.5 0.0 inf
78.5 0.0 inf
79.5 0.0 inf
80.5 0.0 inf
81.5 0.0 inf
82.5 0.0 inf
83.5 0.0 inf
84.5 0.0 inf
85.5 0.0 inf
86.5 0.0 inf
87.5 0.0 inf
88.5 0.0 inf
89.5 0.0 inf
90.5 0.0 inf
91.5 0.0 inf
92.5 0.0 inf
93.5 0.0 inf
94.5 0.0 inf
95.5 0.0 inf
96.5 0.0 inf
97.5 0.0 inf
