0.5 38.4878 0.0016119013404467674
1.5 20.3353 0.0022175565729667477
2.5 20.5917 0.0022037072416542297
3.5 18.8696 0.0023020706769752144
4.5 16.639499999999998 0.002451488520761806
5.5 14.9535 0.002586000309208075
6.5 13.1293 0.0027598101911978945
7.5 11.665199999999999 0.0029278842630694212
8.5 10.4719 0.003090204757724996
9.5 9.069600000000001 0.0033205187214793417
10.5 8.1688 0.0034988141029945684
11.5 7.1131 0.003749475695915911
12.5 6.4056999999999995 0.003951087997918786
13.5 5.612399999999999 0.0042211004965575435
14.5 4.9337 0.004502084384826138
15.5 4.283799999999999 0.004831538079420993
16.5 3.7837 0.005140929550734132
17.5 3.2837 0.005518464632374908
18.5 2.829 0.005945433505536178
19.5 2.3884 0.006470628536912242
20.5 2.0553 0.006975291937335265
21.5 1.7551 0.007548298512787611
22.5 1.4746000000000001 0.008234986379961414
23.5 1.2286000000000001 0.009021832184547678
24.5 1.0625 0.009701425001453318
25.5 0.8556999999999999 0.010810337029942526
26.5 0.7101999999999999 0.011866145411532173
27.5 0.5794 0.013137440271995213
28.5 0.4923 0.014252304160300428
29.5 0.3968 0.015875015875023813
30.5 0.3106 0.017943174234504537
31.5 0.2583 0.019676044536698512
32.5 0.2069 0.021984660059051055
33.5 0.1618 0.02486055050818142
34.5 0.1244 0.028352398856187136
35.5 0.1079 0.03044312827739915
36.5 0.0822 0.03487900532075779
37.5 0.0623 0.0400641540107502
38.5 0.0495 0.044946657497549475
39.5 0.0382 0.05116445100966508
40.5 0.0284 0.05933908290969266
41.5 0.0212 0.06868028197434452
42.5 0.0169 0.07692307692307693
43.5 0.011300000000000001 0.09407208683835973
44.5 0.01 0.1
45.5 0.0077 0.11396057645963795
46.5 0.0052 0.1386750490563073
47.5 0.0037 0.1643989873053573
48.5 0.0022 0.21320071635561041
49.5 0.0028 0.1889822365046136
50.5 0.0019 0.22941573387056174
51.5 0.0012 0.2886751345948129
52.5 0.0011 0.30151134457776363
53.5 0.0007 0.3779644730092272
54.5 0.0007999999999999999 0.3535533905932738
55.5 0.0001 1.0
56.5 0.0 inf
57.5 0.00030000000000000003 0.5773502691896257
58.5 0.0001 1.0
59.5 0.0002 0.7071067811865475
60.5 0.0 inf
61.5 0.0002 0.7071067811865475
62.5 0.0 inf
63.5 0.0 inf
64.5 0.0 inf
65.5 0.0 inf
66.5 0.0001 1.0
67.5 0.0 inf
68.5 0.0 inf
69.5 0.0 inf
70.5 0.0 inf
71.5 0.0 inf
72.5 0.0 inf
73.5 0.0 inf
74.5 0.0 inf
75.5 0.0 inf
76.5 0.0 inf
77.5 0.0 inf
78.5 0.0 inf
79.5 0.0 inf
80.5 0.0 inf
81.5 0.0 inf
82.5 0.0 inf
83.5 0.0 inf
84.5 0.0 inf
85.5 0.0 inf
86.5 0.0 inf
87.5 0.0 inf
88.5 0.0 inf
89.5 0.0 inf
90.5 0.0 inf
91.5 0.0 inf
92.5 0.0 inf
93.5 0.0 inf
94.5 0.0 inf
95.5 0.0 inf
96.5 0.0 inf
97.5 0.0 inf
