0.5 39.8082 0.0015849432977262468
1.5 21.131 0.002175404261665066
2.5 21.314500000000002 0.002166019815251451
3.5 19.7257 0.0022515613659274143
4.5 17.2957 0.002404534032116844
5.5 15.567499999999999 0.0025344898878252955
6.5 13.700700000000001 0.0027016471154913354
7.5 12.1553 0.002868251035336898
8.5 10.9313 0.003024573156041695
9.5 9.475 0.00324870585152958
10.5 8.5007 0.0034298304774439217
11.5 7.4251000000000005 0.0036698545043461314
12.5 6.639900000000001 0.003880781851396595
13.5 5.8613 0.004130503787584387
14.5 5.1554 0.00440421808980679
15.5 4.4441 0.004743600308326061
16.5 3.9706 0.0050184769166187635
17.5 3.4211 0.005406511306068392
18.5 2.9314 0.005840667163780147
19.5 2.4854000000000003 0.006343104306084612
20.5 2.1491 0.0068213712730206
21.5 1.8441 0.0073638980301000655
22.5 1.5348 0.00807186899450017
23.5 1.3023 0.008762831882796699
24.5 1.1082 0.009499285205681397
25.5 0.8881 0.010611311532512865
26.5 0.7368 0.01164998031154991
27.5 0.5955999999999999 0.012957542902333606
28.5 0.5305 0.013729581703773907
29.5 0.4173 0.015480172920689397
30.5 0.3288 0.017439502660378896
31.5 0.2649 0.01942938351447002
32.5 0.2057 0.022048693185121176
33.5 0.175 0.023904572186687872
34.5 0.1355 0.02716629124620806
35.5 0.1109 0.03002854067691021
36.5 0.08449999999999999 0.034401045807689073
37.5 0.0641 0.03949762527666821
38.5 0.049 0.045175395145262566
39.5 0.039 0.05063696835418333
40.5 0.0285 0.05923488777590923
41.5 0.023 0.0659380473395787
42.5 0.0172 0.07624928516630233
43.5 0.0131 0.0873704056661038
44.5 0.009600000000000001 0.10206207261596574
45.5 0.006 0.12909944487358055
46.5 0.0059 0.13018891098082389
47.5 0.0031000000000000003 0.17960530202677488
48.5 0.0036 0.16666666666666666
49.5 0.0019000000000000002 0.22941573387056174
50.5 0.0018 0.23570226039551587
51.5 0.0011 0.30151134457776363
52.5 0.0007 0.3779644730092272
53.5 0.001 0.31622776601683794
54.5 0.0006000000000000001 0.40824829046386296
55.5 0.0002 0.7071067811865475
56.5 0.0004 0.5
57.5 0.00030000000000000003 0.5773502691896257
58.5 0.0 inf
59.5 0.0001 1.0
60.5 0.0001 1.0
61.5 0.0001 1.0
62.5 0.0 inf
63.5 0.0 inf
64.5 0.0 inf
65.5 0.0 inf
66.5 0.0 inf
67.5 0.0 inf
68.5 0.0 inf
69.5 0.0 inf
70.5 0.0 inf
71.5 0.0 inf
72.5 0.0 inf
73.5 0.0 inf
74.5 0.0 inf
75.5 0.0 inf
76.5 0.0 inf
77.5 0.0 inf
78.5 0.0 inf
79.5 0.0 inf
80.5 0.0 inf
81.5 0.0 inf
82.5 0.0 inf
83.5 0.0 inf
84.5 0.0 inf
85.5 0.0 inf
86.5 0.0 inf
87.5 0.0 inf
88.5 0.0 inf
89.5 0.0 inf
90.5 0.0 inf
91.5 0.0 inf
92.5 0.0 inf
93.5 0.0 inf
94.5 0.0 inf
95.5 0.0 inf
96.5 0.0 inf
97.5 0.0 inf
