0.5 774737.0 0.0011361164581602512
1.5 84584.0 0.003438395980065231
2.5 46233.0 0.004650760362647284
3.5 24536.0 0.006384077029410262
4.5 13942.0 0.008469103898494484
5.5 8587.0 0.01079143672345914
6.5 5707.0 0.013237197960578956
7.5 3791.0 0.01624138673580812
8.5 2718.0 0.019181177921614535
9.5 1860.0 0.023186944788008416
10.5 1436.0 0.026388990698462976
11.5 1056.0 0.03077287274483318
12.5 793.0 0.03551104121142175
13.5 641.0 0.03949762527666821
14.5 479.0 0.04569116623849538
15.5 350.0 0.05345224838248487
16.5 264.0 0.06154574548966636
17.5 219.0 0.06757373783994859
18.5 169.0 0.07692307692307693
19.5 104.0 0.09805806756909202
20.5 111.0 0.0949157995752499
21.5 72.0 0.11785113019775793
22.5 53.0 0.13736056394868904
23.5 42.0 0.1543033499620919
24.5 29.0 0.18569533817705186
25.5 14.0 0.2672612419124244
26.5 20.0 0.22360679774997896
27.5 14.0 0.2672612419124244
28.5 8.0 0.35355339059327373
29.5 7.0 0.3779644730092272
30.5 12.0 0.2886751345948129
31.5 0.0 inf
32.5 2.0 0.7071067811865475
33.5 1.0 1.0
34.5 1.0 1.0
35.5 0.0 inf
36.5 0.0 inf
37.5 0.0 inf
38.5 1.0 1.0
39.5 0.0 inf
40.5 0.0 inf
41.5 0.0 inf
42.5 0.0 inf
43.5 0.0 inf
44.5 0.0 inf
45.5 0.0 inf
46.5 0.0 inf
47.5 0.0 inf
48.5 0.0 inf
49.5 0.0 inf
50.5 0.0 inf
51.5 0.0 inf
52.5 0.0 inf
53.5 0.0 inf
54.5 0.0 inf
55.5 0.0 inf
56.5 0.0 inf
57.5 0.0 inf
58.5 0.0 inf
59.5 0.0 inf
60.5 0.0 inf
61.5 0.0 inf
62.5 0.0 inf
63.5 0.0 inf
64.5 0.0 inf
65.5 0.0 inf
66.5 0.0 inf
67.5 0.0 inf
68.5 0.0 inf
69.5 0.0 inf
70.5 0.0 inf
71.5 0.0 inf
72.5 0.0 inf
73.5 0.0 inf
74.5 0.0 inf
75.5 0.0 inf
76.5 0.0 inf
77.5 0.0 inf
78.5 0.0 inf
79.5 0.0 inf
80.5 0.0 inf
81.5 0.0 inf
82.5 0.0 inf
83.5 0.0 inf
84.5 0.0 inf
85.5 0.0 inf
86.5 0.0 inf
87.5 0.0 inf
88.5 0.0 inf
89.5 0.0 inf
90.5 0.0 inf
91.5 0.0 inf
92.5 0.0 inf
93.5 0.0 inf
94.5 0.0 inf
95.5 0.0 inf
96.5 0.0 inf
97.5 0.0 inf
