0.5 38.4866 0.0016119264695375571
1.5 20.3134 0.002218751631563079
2.5 20.5726 0.002204729986552001
3.5 18.9302 0.002298382989853263
4.5 16.6194 0.0024529705246136065
5.5 14.9333 0.002587748735647868
6.5 13.17 0.0027555424922739644
7.5 11.648800000000001 0.002929944578864481
8.5 10.3884 0.003102599143161766
9.5 9.1085 0.003313420605195345
10.5 8.1771 0.0034970379519169707
11.5 7.1241 0.0037465798798973285
12.5 6.3863 0.003957084661372732
13.5 5.5903 0.004229435854777668
14.5 4.9355 0.004501263344313876
15.5 4.3336 0.00480369681037078
16.5 3.7782 0.005144670066039404
17.5 3.2988999999999997 0.005505736524867258
18.5 2.7984999999999998 0.005977744442720543
19.5 2.3876 0.006471712485079142
20.5 2.0473999999999997 0.0069887362453397725
21.5 1.7709000000000001 0.007514550043999297
22.5 1.4672999999999998 0.008255446004985156
23.5 1.2426 0.00897086508698131
24.5 1.0577 0.009723413338285558
25.5 0.8337 0.010952041965851957
26.5 0.7329 0.01168093585800218
27.5 0.5721 0.0132209915031293
28.5 0.48250000000000004 0.01439631501497389
29.5 0.3993 0.015825241450517984
30.5 0.32489999999999997 0.01754385964912281
31.5 0.2606 0.019589023819033338
32.5 0.2046 0.022107884414269093
33.5 0.1553 0.025375480354459794
34.5 0.1231 0.028501713717057404
35.5 0.10450000000000001 0.030934411244487297
36.5 0.0833 0.03464794643376185
37.5 0.0616 0.040291148201269014
38.5 0.045700000000000005 0.04677802697249879
39.5 0.035699999999999996 0.052925612402496325
40.5 0.0295 0.0582222509739582
41.5 0.0225 0.06666666666666667
42.5 0.0154 0.08058229640253803
43.5 0.0121 0.09090909090909091
44.5 0.0108 0.09622504486493763
45.5 0.0075 0.11547005383792514
46.5 0.0053 0.13736056394868904
47.5 0.0045000000000000005 0.14907119849998599
48.5 0.004 0.15811388300841897
49.5 0.0021 0.2182178902359924
50.5 0.0015999999999999999 0.25000000000000006
51.5 0.001 0.31622776601683794
52.5 0.0009 0.3333333333333333
53.5 0.001 0.31622776601683794
54.5 0.0007999999999999999 0.3535533905932738
55.5 0.0005 0.4472135954999579
56.5 0.00039999999999999996 0.5000000000000001
57.5 0.0001 1.0
58.5 0.0002 0.7071067811865475
59.5 0.0001 1.0
60.5 0.0002 0.7071067811865475
61.5 0.0 inf
62.5 0.0 inf
63.5 0.0 inf
64.5 0.0001 1.0
65.5 0.0 inf
66.5 0.0 inf
67.5 0.0 inf
68.5 0.0 inf
69.5 0.0 inf
70.5 0.0 inf
71.5 0.0 inf
72.5 0.0 inf
73.5 0.0 inf
74.5 0.0 inf
75.5 0.0 inf
76.5 0.0 inf
77.5 0.0 inf
78.5 0.0 inf
79.5 0.0 inf
80.5 0.0 inf
81.5 0.0 inf
82.5 0.0 inf
83.5 0.0 inf
84.5 0.0 inf
85.5 0.0 inf
86.5 0.0 inf
87.5 0.0 inf
88.5 0.0 inf
89.5 0.0 inf
90.5 0.0 inf
91.5 0.0 inf
92.5 0.0 inf
93.5 0.0 inf
94.5 0.0 inf
95.5 0.0 inf
96.5 0.0 inf
97.5 0.0 inf
