0.5 167234.0 0.002445331324675973
1.5 38252.0 0.005112966255076046
2.5 24854.0 0.006343104306084613
3.5 15148.0 0.008124980957098198
4.5 9245.0 0.010400316174417628
5.5 6266.0 0.012632950799338207
6.5 4295.0 0.015258730968857688
7.5 2894.0 0.018588773540169683
8.5 2173.0 0.021452116007007204
9.5 1574.0 0.02520563459323681
10.5 1199.0 0.02887954911289539
11.5 886.0 0.03359565703416979
12.5 694.0 0.037959480900056165
13.5 506.0 0.044455422447438706
14.5 405.0 0.049690399499995326
15.5 349.0 0.05352877275721892
16.5 229.0 0.06608186004550898
17.5 190.0 0.07254762501100116
18.5 164.0 0.07808688094430304
19.5 116.0 0.09284766908852593
20.5 78.0 0.11322770341445956
21.5 66.0 0.12309149097933272
22.5 46.0 0.14744195615489714
23.5 41.0 0.15617376188860607
24.5 28.0 0.1889822365046136
25.5 13.0 0.2773500981126146
26.5 19.0 0.22941573387056174
27.5 14.0 0.2672612419124244
28.5 4.0 0.5
29.5 4.0 0.5
30.5 2.0 0.7071067811865475
31.5 2.0 0.7071067811865475
32.5 1.0 1.0
33.5 2.0 0.7071067811865475
34.5 0.0 inf
35.5 0.0 inf
36.5 0.0 inf
37.5 1.0 1.0
38.5 0.0 inf
39.5 0.0 inf
40.5 0.0 inf
41.5 0.0 inf
42.5 0.0 inf
43.5 0.0 inf
44.5 0.0 inf
45.5 0.0 inf
46.5 0.0 inf
47.5 0.0 inf
48.5 0.0 inf
49.5 0.0 inf
50.5 0.0 inf
51.5 0.0 inf
52.5 0.0 inf
53.5 0.0 inf
54.5 0.0 inf
55.5 0.0 inf
56.5 0.0 inf
57.5 0.0 inf
58.5 0.0 inf
59.5 0.0 inf
60.5 0.0 inf
61.5 0.0 inf
62.5 0.0 inf
63.5 0.0 inf
64.5 0.0 inf
65.5 0.0 inf
66.5 0.0 inf
67.5 0.0 inf
68.5 0.0 inf
69.5 0.0 inf
70.5 0.0 inf
71.5 0.0 inf
72.5 0.0 inf
73.5 0.0 inf
74.5 0.0 inf
75.5 0.0 inf
76.5 0.0 inf
77.5 0.0 inf
78.5 0.0 inf
79.5 0.0 inf
80.5 0.0 inf
81.5 0.0 inf
82.5 0.0 inf
83.5 0.0 inf
84.5 0.0 inf
85.5 0.0 inf
86.5 0.0 inf
87.5 0.0 inf
88.5 0.0 inf
89.5 0.0 inf
90.5 0.0 inf
91.5 0.0 inf
92.5 0.0 inf
93.5 0.0 inf
94.5 0.0 inf
95.5 0.0 inf
96.5 0.0 inf
97.5 0.0 inf
