0.5 492153.0 0.00142544324946707
1.5 69343.0 0.003797507905672054
2.5 39826.0 0.005010910608792828
3.5 21796.0 0.00677347606311638
4.5 12705.0 0.008871818844986666
5.5 7987.0 0.011189434999827962
6.5 5327.0 0.013701201442525042
7.5 3655.0 0.016540792339471234
8.5 2568.0 0.01973342594909646
9.5 1816.0 0.023466162723196606
10.5 1360.0 0.02711630722733202
11.5 1047.0 0.03090485136077065
12.5 718.0 0.0373196685431038
13.5 602.0 0.04075695729696112
14.5 477.0 0.04578685464956301
15.5 330.0 0.055048188256318034
16.5 292.0 0.058520573598065284
17.5 193.0 0.07198157507486945
18.5 148.0 0.08219949365267865
19.5 121.0 0.09090909090909091
20.5 76.0 0.11470786693528087
21.5 92.0 0.10425720702853739
22.5 52.0 0.1386750490563073
23.5 57.0 0.13245323570650439
24.5 30.0 0.18257418583505536
25.5 16.0 0.25
26.5 18.0 0.23570226039551587
27.5 6.0 0.4082482904638631
28.5 9.0 0.3333333333333333
29.5 7.0 0.3779644730092272
30.5 4.0 0.5
31.5 0.0 inf
32.5 3.0 0.5773502691896258
33.5 1.0 1.0
34.5 2.0 0.7071067811865475
35.5 0.0 inf
36.5 0.0 inf
37.5 0.0 inf
38.5 0.0 inf
39.5 0.0 inf
40.5 0.0 inf
41.5 0.0 inf
42.5 0.0 inf
43.5 0.0 inf
44.5 0.0 inf
45.5 0.0 inf
46.5 0.0 inf
47.5 0.0 inf
48.5 0.0 inf
49.5 0.0 inf
50.5 0.0 inf
51.5 0.0 inf
52.5 0.0 inf
53.5 0.0 inf
54.5 0.0 inf
55.5 0.0 inf
56.5 0.0 inf
57.5 0.0 inf
58.5 0.0 inf
59.5 0.0 inf
60.5 0.0 inf
61.5 0.0 inf
62.5 0.0 inf
63.5 0.0 inf
64.5 0.0 inf
65.5 0.0 inf
66.5 0.0 inf
67.5 0.0 inf
68.5 0.0 inf
69.5 0.0 inf
70.5 0.0 inf
71.5 0.0 inf
72.5 0.0 inf
73.5 0.0 inf
74.5 0.0 inf
75.5 0.0 inf
76.5 0.0 inf
77.5 0.0 inf
78.5 0.0 inf
79.5 0.0 inf
80.5 0.0 inf
81.5 0.0 inf
82.5 0.0 inf
83.5 0.0 inf
84.5 0.0 inf
85.5 0.0 inf
86.5 0.0 inf
87.5 0.0 inf
88.5 0.0 inf
89.5 0.0 inf
90.5 0.0 inf
91.5 0.0 inf
92.5 0.0 inf
93.5 0.0 inf
94.5 0.0 inf
95.5 0.0 inf
96.5 0.0 inf
97.5 0.0 inf
