0.5 294336.0 0.0018432248133492032
1.5 53367.0 0.00432876096928696
2.5 32497.0 0.005547257995452985
3.5 18734.0 0.007306085361789928
4.5 11226.0 0.009438163164864176
5.5 7124.0 0.011847809009550361
6.5 4750.0 0.014509525002200232
7.5 3359.0 0.01725420676492063
8.5 2435.0 0.02026518240899438
9.5 1728.0 0.024056261216234408
10.5 1279.0 0.02796177442102841
11.5 955.0 0.03235924008452868
12.5 752.0 0.03646624787447364
13.5 539.0 0.0430730492253948
14.5 455.0 0.04688072309384954
15.5 313.0 0.05652334189442215
16.5 244.0 0.06401843996644799
17.5 208.0 0.06933752452815364
18.5 139.0 0.08481889296799709
19.5 127.0 0.08873565094161139
20.5 84.0 0.1091089451179962
21.5 77.0 0.11396057645963795
22.5 57.0 0.13245323570650439
23.5 46.0 0.14744195615489714
24.5 34.0 0.17149858514250882
25.5 22.0 0.21320071635561041
26.5 16.0 0.25
27.5 5.0 0.4472135954999579
28.5 6.0 0.4082482904638631
29.5 5.0 0.4472135954999579
30.5 2.0 0.7071067811865475
31.5 2.0 0.7071067811865475
32.5 1.0 1.0
33.5 0.0 inf
34.5 0.0 inf
35.5 2.0 0.7071067811865475
36.5 0.0 inf
37.5 0.0 inf
38.5 0.0 inf
39.5 0.0 inf
40.5 0.0 inf
41.5 0.0 inf
42.5 0.0 inf
43.5 0.0 inf
44.5 0.0 inf
45.5 0.0 inf
46.5 0.0 inf
47.5 0.0 inf
48.5 0.0 inf
49.5 0.0 inf
50.5 0.0 inf
51.5 0.0 inf
52.5 0.0 inf
53.5 0.0 inf
54.5 0.0 inf
55.5 0.0 inf
56.5 0.0 inf
57.5 0.0 inf
58.5 0.0 inf
59.5 0.0 inf
60.5 0.0 inf
61.5 0.0 inf
62.5 0.0 inf
63.5 0.0 inf
64.5 0.0 inf
65.5 0.0 inf
66.5 0.0 inf
67.5 0.0 inf
68.5 0.0 inf
69.5 0.0 inf
70.5 0.0 inf
71.5 0.0 inf
72.5 0.0 inf
73.5 0.0 inf
74.5 0.0 inf
75.5 0.0 inf
76.5 0.0 inf
77.5 0.0 inf
78.5 0.0 inf
79.5 0.0 inf
80.5 0.0 inf
81.5 0.0 inf
82.5 0.0 inf
83.5 0.0 inf
84.5 0.0 inf
85.5 0.0 inf
86.5 0.0 inf
87.5 0.0 inf
88.5 0.0 inf
89.5 0.0 inf
90.5 0.0 inf
91.5 0.0 inf
92.5 0.0 inf
93.5 0.0 inf
94.5 0.0 inf
95.5 0.0 inf
96.5 0.0 inf
97.5 0.0 inf
