0.5 38.504000000000005 0.0016115622127075852
1.5 20.3851 0.002214846214751156
2.5 20.5611 0.00220534646258207
3.5 18.9471 0.002297357731689937
4.5 16.6336 0.002451923258278354
5.5 14.9825 0.002583496376834561
6.5 13.1009 0.0027627999162670508
7.5 11.6561 0.0029290269500994877
8.5 10.4739 0.0030899097050425084
9.5 9.148499999999999 0.0033061690331055256
10.5 8.171 0.0034983430523754786
11.5 7.1484000000000005 0.0037402064680879627
12.5 6.4047 0.003951396438109883
13.5 5.6442 0.004209192644419383
14.5 4.9374 0.004500397177577155
15.5 4.2562 0.00484717820043199
16.5 3.795 0.005133270023393454
17.5 3.2644 0.005534753905682801
18.5 2.8063 0.005969431209847822
19.5 2.3916 0.006466298184386455
20.5 2.06 0.006967330142916176
21.5 1.7456 0.007568810524708407
22.5 1.4976 0.008171505630757667
23.5 1.2494999999999998 0.008946061301216422
24.5 1.0283 0.009861434219144006
25.5 0.8706 0.010717430319714566
26.5 0.7078 0.011886246180448265
27.5 0.5778000000000001 0.01315561729939764
28.5 0.49850000000000005 0.014163396676512618
29.5 0.3992 0.01582722344582296
30.5 0.3215 0.017636382584553453
31.5 0.26 0.019611613513818404
32.5 0.19519999999999998 0.022633936510629636
33.5 0.1637 0.024715856229864275
34.5 0.1215 0.02868876552746235
35.5 0.1068 0.03059950306810523
36.5 0.08 0.035355339059327376
37.5 0.0653 0.03913302400974161
38.5 0.0516 0.04402254531628119
39.5 0.0376 0.05157106231293967
40.5 0.0304 0.057353933467640436
41.5 0.0237 0.06495698024616309
42.5 0.0144 0.08333333333333333
43.5 0.0132 0.08703882797784893
44.5 0.0092 0.10425720702853739
45.5 0.0071 0.11867816581938533
46.5 0.0051 0.14002800840280097
47.5 0.0034000000000000002 0.17149858514250882
48.5 0.0024999999999999996 0.2
49.5 0.003 0.18257418583505536
50.5 0.0017000000000000001 0.24253562503633297
51.5 0.0019000000000000002 0.22941573387056174
52.5 0.0013 0.2773500981126146
53.5 0.0005 0.4472135954999579
54.5 0.0004 0.5
55.5 0.0005 0.4472135954999579
56.5 0.0 inf
57.5 0.0004 0.5
58.5 0.0 inf
59.5 0.0 inf
60.5 0.0 inf
61.5 0.0001 1.0
62.5 0.0 inf
63.5 0.0001 1.0
64.5 0.0 inf
65.5 0.0 inf
66.5 0.0 inf
67.5 0.0 inf
68.5 0.0 inf
69.5 0.0 inf
70.5 0.0 inf
71.5 0.0 inf
72.5 0.0 inf
73.5 0.0 inf
74.5 0.0 inf
75.5 0.0 inf
76.5 0.0 inf
77.5 0.0 inf
78.5 0.0 inf
79.5 0.0 inf
80.5 0.0 inf
81.5 0.0 inf
82.5 0.0 inf
83.5 0.0 inf
84.5 0.0 inf
85.5 0.0 inf
86.5 0.0 inf
87.5 0.0 inf
88.5 0.0 inf
89.5 0.0 inf
90.5 0.0 inf
91.5 0.0 inf
92.5 0.0 inf
93.5 0.0 inf
94.5 0.0 inf
95.5 0.0 inf
96.5 0.0 inf
97.5 0.0 inf
