0.5 40.3641 0.0015739914295487076
1.5 21.403299999999998 0.002161521852864845
2.5 21.6973 0.0021468275162540526
3.5 19.9286 0.002240070077656397
4.5 17.6326 0.0023814519442450534
5.5 15.808 0.0025151363643297927
6.5 13.878599999999999 0.002684276013039394
7.5 12.3335 0.0028474547477633887
8.5 10.962399999999999 0.0030202797971832025
9.5 9.6693 0.0032158996066354775
10.5 8.6416 0.0034017541245460335
11.5 7.5611 0.0036367002721346734
12.5 6.801 0.0038345430029105704
13.5 5.9394 0.004103256939743545
14.5 5.2722 0.004355159466974497
15.5 4.5314 0.004697684001991417
16.5 3.9852999999999996 0.005009212900848912
17.5 3.4995 0.005345606680934852
18.5 2.9806999999999997 0.005792164215836545
19.5 2.5199 0.006299532875458789
20.5 2.1926 0.006753366125657807
21.5 1.8780999999999999 0.007296937789386568
22.5 1.5753 0.007967431961981996
23.5 1.3142999999999998 0.008722736353839454
24.5 1.1037 0.009518630725425607
25.5 0.9129 0.01046618474484164
26.5 0.7505999999999999 0.011542389351074062
27.5 0.6171 0.012729818945709181
28.5 0.5139 0.01394956584395624
29.5 0.428 0.015285446012893578
30.5 0.3418 0.017104641289927988
31.5 0.277 0.019000285006412657
32.5 0.2049 0.022091694090300196
33.5 0.1769 0.0237758517182737
34.5 0.1321 0.027513674254937545
35.5 0.1126 0.02980099775410749
36.5 0.0849 0.03431991115272901
37.5 0.0659 0.03895446935658099
38.5 0.0571 0.04184869753186872
39.5 0.0403 0.04981354813867179
40.5 0.030199999999999998 0.0575435337648436
41.5 0.0252 0.0629940788348712
42.5 0.016 0.07905694150420949
43.5 0.0154 0.08058229640253803
44.5 0.0103 0.09853292781642932
45.5 0.008400000000000001 0.10910894511799617
46.5 0.0068 0.12126781251816648
47.5 0.0049 0.14285714285714285
48.5 0.0045 0.14907119849998599
49.5 0.0028 0.1889822365046136
50.5 0.0017000000000000001 0.24253562503633297
51.5 0.0007999999999999999 0.3535533905932738
52.5 0.0012000000000000001 0.28867513459481287
53.5 0.0007999999999999999 0.3535533905932738
54.5 0.0005 0.4472135954999579
55.5 0.0009 0.3333333333333333
56.5 0.00030000000000000003 0.5773502691896257
57.5 0.0002 0.7071067811865475
58.5 0.0002 0.7071067811865475
59.5 0.0 inf
60.5 0.0002 0.7071067811865475
61.5 0.0 inf
62.5 0.0 inf
63.5 0.0001 1.0
64.5 0.0 inf
65.5 0.0001 1.0
66.5 0.0 inf
67.5 0.0 inf
68.5 0.0001 1.0
69.5 0.0 inf
70.5 0.0 inf
71.5 0.0 inf
72.5 0.0 inf
73.5 0.0 inf
74.5 0.0 inf
75.5 0.0 inf
76.5 0.0 inf
77.5 0.0 inf
78.5 0.0 inf
79.5 0.0 inf
80.5 0.0 inf
81.5 0.0 inf
82.5 0.0 inf
83.5 0.0 inf
84.5 0.0 inf
85.5 0.0 inf
86.5 0.0 inf
87.5 0.0 inf
88.5 0.0 inf
89.5 0.0 inf
90.5 0.0 inf
91.5 0.0 inf
92.5 0.0 inf
93.5 0.0 inf
94.5 0.0 inf
95.5 0.0 inf
96.5 0.0 inf
97.5 0.0 inf
