0.5 38.7785 0.0016058482286121474
1.5 20.4706 0.0022102159767230186
2.5 20.715600000000002 0.0021971071717848106
3.5 19.0349 0.0022920532345447444
4.5 16.7622 0.002442499541741332
5.5 15.0897 0.002574303203877394
6.5 13.2518 0.002747024694953743
7.5 11.744499999999999 0.0029179828420487154
8.5 10.5171 0.0030835571241884163
9.5 9.2081 0.003295451970883699
10.5 8.1798 0.0034964607506555593
11.5 7.1983 0.0037272200075047254
12.5 6.4247 0.00394524132363889
13.5 5.6334 0.004213225512092716
14.5 4.9527 0.004493440433066336
15.5 4.3167 0.004813090927792115
16.5 3.8305 0.005109427800396162
17.5 3.2727000000000004 0.005527731016186218
18.5 2.7858 0.005991354721173787
19.5 2.4341999999999997 0.006409466337361285
20.5 2.0869999999999997 0.006922114447448446
21.5 1.7746 0.007506712124783881
22.5 1.5027 0.008157627245625118
23.5 1.2686 0.008878460082961585
24.5 1.0367 0.00982140116800372
25.5 0.8453999999999999 0.010875991969692543
26.5 0.7069000000000001 0.011893810347070247
27.5 0.5915 0.013002373149669486
28.5 0.5023 0.014109720501198422
29.5 0.4076 0.015663287241915964
30.5 0.3205 0.017663875013688813
31.5 0.2616 0.019551547175144377
32.5 0.20779999999999998 0.02193699965359284
33.5 0.1704 0.02422507915557546
34.5 0.1305 0.027681826617913324
35.5 0.09820000000000001 0.031911282313630135
36.5 0.0837 0.03456505649101418
37.5 0.058399999999999994 0.041380294430118404
38.5 0.0479 0.04569116623849538
39.5 0.0403 0.04981354813867179
40.5 0.026099999999999998 0.061898446059017294
41.5 0.022699999999999998 0.0663723311599972
42.5 0.0179 0.07474350927519359
43.5 0.0127 0.08873565094161139
44.5 0.0093 0.10369516947304253
45.5 0.0081 0.1111111111111111
46.5 0.0052 0.1386750490563073
47.5 0.0058 0.13130643285972257
48.5 0.0034000000000000002 0.17149858514250882
49.5 0.0018999999999999998 0.2294157338705618
50.5 0.0015999999999999999 0.25000000000000006
51.5 0.0010999999999999998 0.3015113445777637
52.5 0.0005 0.4472135954999579
53.5 0.0007 0.3779644730092272
54.5 0.0007 0.3779644730092272
55.5 0.0008 0.35355339059327373
56.5 0.00030000000000000003 0.5773502691896257
57.5 0.0001 1.0
58.5 0.0 inf
59.5 0.0001 1.0
60.5 0.0002 0.7071067811865475
61.5 0.0 inf
62.5 0.0 inf
63.5 0.0 inf
64.5 0.0001 1.0
65.5 0.0 inf
66.5 0.0 inf
67.5 0.0 inf
68.5 0.0 inf
69.5 0.0 inf
70.5 0.0 inf
71.5 0.0 inf
72.5 0.0 inf
73.5 0.0 inf
74.5 0.0 inf
75.5 0.0 inf
76.5 0.0 inf
77.5 0.0 inf
78.5 0.0 inf
79.5 0.0 inf
80.5 0.0 inf
81.5 0.0 inf
82.5 0.0 inf
83.5 0.0 inf
84.5 0.0 inf
85.5 0.0 inf
86.5 0.0 inf
87.5 0.0 inf
88.5 0.0 inf
89.5 0.0 inf
90.5 0.0 inf
91.5 0.0 inf
92.5 0.0 inf
93.5 0.0 inf
94.5 0.0 inf
95.5 0.0 inf
96.5 0.0 inf
97.5 0.0 inf
