0.5 38.4981 0.0016116856974092856
1.5 20.3176 0.0022185222925050828
2.5 20.5705 0.0022048425218528615
3.5 18.8112 0.0023056413355483467
4.5 16.7392 0.0024441769876603087
5.5 14.9105 0.002589726473938625
6.5 13.0816 0.002764837220023805
7.5 11.6732 0.0029268808069212752
8.5 10.425799999999999 0.0030970292368341884
9.5 9.0779 0.0033190003853044367
10.5 8.211500000000001 0.003489705286767315
11.5 7.1607 0.0037369927939955075
12.5 6.3621 0.003964603449023415
13.5 5.5888 0.004230003394156086
14.5 4.932 0.004502860224652493
15.5 4.269 0.004839905951861306
16.5 3.7619 0.005155803732640434
17.5 3.2717 0.005528575731271786
18.5 2.8144 0.005960834842385096
19.5 2.3939000000000004 0.006463191108104975
20.5 2.0622 0.006963612701205507
21.5 1.7641 0.0075290191196634056
22.5 1.4773999999999998 0.008227179118145347
23.5 1.2597999999999998 0.008909415188252603
24.5 1.0499 0.009759465477002299
25.5 0.8483 0.010857385710771925
26.5 0.7183999999999999 0.01179822945457522
27.5 0.5656 0.013296743760228547
28.5 0.515 0.013934660285832352
29.5 0.3992 0.01582722344582296
30.5 0.3149 0.017820244962334964
31.5 0.2639 0.019466160726095222
32.5 0.20350000000000001 0.022167554926073633
33.5 0.1616 0.02487592975524973
34.5 0.1223 0.028594780785029784
35.5 0.096 0.03227486121839514
36.5 0.0786 0.03566881875032108
37.5 0.061 0.0404888165089458
38.5 0.0501 0.04467670516087703
39.5 0.037000000000000005 0.05198752449100363
40.5 0.0324 0.05555555555555555
41.5 0.0233 0.06551217820804184
42.5 0.0184 0.07372097807744857
43.5 0.0138 0.08512565307587486
44.5 0.009999999999999998 0.1
45.5 0.0068000000000000005 0.12126781251816648
46.5 0.004699999999999999 0.14586499149789456
47.5 0.004 0.15811388300841897
48.5 0.0028 0.1889822365046136
49.5 0.0024000000000000002 0.20412414523193148
50.5 0.0012 0.2886751345948129
51.5 0.0013 0.2773500981126146
52.5 0.001 0.31622776601683794
53.5 0.0007 0.3779644730092272
54.5 0.00039999999999999996 0.5000000000000001
55.5 0.00030000000000000003 0.5773502691896257
56.5 0.00030000000000000003 0.5773502691896257
57.5 0.0004 0.5
58.5 0.0001 1.0
59.5 0.0001 1.0
60.5 0.0 inf
61.5 0.0 inf
62.5 0.0001 1.0
63.5 0.0 inf
64.5 0.0 inf
65.5 0.0 inf
66.5 0.0 inf
67.5 0.0 inf
68.5 0.0 inf
69.5 0.0 inf
70.5 0.0 inf
71.5 0.0 inf
72.5 0.0 inf
73.5 0.0 inf
74.5 0.0 inf
75.5 0.0 inf
76.5 0.0 inf
77.5 0.0 inf
78.5 0.0 inf
79.5 0.0 inf
80.5 0.0 inf
81.5 0.0 inf
82.5 0.0 inf
83.5 0.0 inf
84.5 0.0 inf
85.5 0.0 inf
86.5 0.0 inf
87.5 0.0 inf
88.5 0.0 inf
89.5 0.0 inf
90.5 0.0 inf
91.5 0.0 inf
92.5 0.0 inf
93.5 0.0 inf
94.5 0.0 inf
95.5 0.0 inf
96.5 0.0 inf
97.5 0.0 inf
