0.5 42.3631 0.001536406491846024
1.5 22.2563 0.0021196956895028624
2.5 22.3282 0.0021162800758305184
3.5 20.364800000000002 0.0022159498391216927
4.5 17.854599999999998 0.0023666004211889318
5.5 15.8993 0.0025079045189306017
6.5 13.9683 0.0026756433463206524
7.5 12.3086 0.002850333458639379
8.5 10.9515 0.003021782461763583
9.5 9.4693 0.0032496834759338828
10.5 8.548 0.0034203279020317543
11.5 7.4641 0.00366025443386093
12.5 6.640000000000001 0.0038807526285316645
13.5 5.7928999999999995 0.004154817806456833
14.5 5.1081 0.004424562198786108
15.5 4.4276 0.004752430896058211
16.5 3.8953 0.005066750797947287
17.5 3.3893 0.005431815301778446
18.5 2.8781999999999996 0.005894398797414507
19.5 2.4778000000000002 0.006352824760374865
20.5 2.1364 0.006841616323008224
21.5 1.8031 0.007447149860210305
22.5 1.5225 0.008104408984731078
23.5 1.2881 0.0088110001753345
24.5 1.0682 0.009675506592551376
25.5 0.8848 0.010631081389064058
26.5 0.724 0.01175251236805671
27.5 0.5893999999999999 0.01302551592648065
28.5 0.5067 0.014048325065369655
29.5 0.40969999999999995 0.015623093000542114
30.5 0.3268 0.01749278571353299
31.5 0.25739999999999996 0.01971041319963609
32.5 0.2039 0.022145800696175846
33.5 0.1679 0.024404766228169002
34.5 0.1276 0.027994625547792716
35.5 0.108 0.03042903097250923
36.5 0.08199999999999999 0.034921514788478915
37.5 0.0656 0.03904344047215152
38.5 0.0518 0.04393747751637468
39.5 0.0417 0.048970210687439175
40.5 0.028999999999999998 0.058722021951470346
41.5 0.0215 0.06819943394704735
42.5 0.0182 0.07412493166611012
43.5 0.0135 0.08606629658238704
44.5 0.011 0.09534625892455924
45.5 0.009000000000000001 0.10540925533894598
46.5 0.004399999999999999 0.15075567228888184
47.5 0.0040999999999999995 0.15617376188860607
48.5 0.0026 0.19611613513818404
49.5 0.0024999999999999996 0.2
50.5 0.0014 0.2672612419124244
51.5 0.0017000000000000001 0.24253562503633297
52.5 0.0005 0.4472135954999579
53.5 0.0007 0.3779644730092272
54.5 0.0007 0.3779644730092272
55.5 0.0005 0.4472135954999579
56.5 0.00030000000000000003 0.5773502691896257
57.5 0.0001 1.0
58.5 0.0 inf
59.5 0.0001 1.0
60.5 0.0 inf
61.5 0.0 inf
62.5 0.0 inf
63.5 0.0 inf
64.5 0.0 inf
65.5 0.0 inf
66.5 0.0 inf
67.5 0.0 inf
68.5 0.0 inf
69.5 0.0 inf
70.5 0.0 inf
71.5 0.0 inf
72.5 0.0 inf
73.5 0.0 inf
74.5 0.0 inf
75.5 0.0 inf
76.5 0.0 inf
77.5 0.0 inf
78.5 0.0 inf
79.5 0.0 inf
80.5 0.0 inf
81.5 0.0 inf
82.5 0.0 inf
83.5 0.0 inf
84.5 0.0 inf
85.5 0.0 inf
86.5 0.0 inf
87.5 0.0 inf
88.5 0.0 inf
89.5 0.0 inf
90.5 0.0 inf
91.5 0.0 inf
92.5 0.0 inf
93.5 0.0 inf
94.5 0.0 inf
95.5 0.0 inf
96.5 0.0 inf
97.5 0.0 inf
