0.5 52.0973 0.0013854548967143514
1.5 25.439400000000003 0.001982652344767472
2.5 24.7201 0.002011290898631917
3.5 21.9065 0.002136552171132129
4.5 18.9114 0.0022995251281078747
5.5 16.691 0.0024477035708913787
6.5 14.370899999999999 0.0026378981076191485
7.5 12.6424 0.002812452759979286
8.5 11.286200000000001 0.0029766387353758446
9.5 9.7331 0.0032053422442085556
10.5 8.7272 0.0033850301062531437
11.5 7.5927 0.003629124604127653
12.5 6.7311 0.0038544017396442234
13.5 5.9033999999999995 0.004115749124947328
14.5 5.174300000000001 0.004396167158008774
15.5 4.4902 0.004719186678620118
16.5 3.9120999999999997 0.005055859844771223
17.5 3.4108 0.005414668496256989
18.5 2.9058 0.00586633878660032
19.5 2.4709 0.006361688723201011
20.5 2.165 0.006796276660305848
21.5 1.8136999999999999 0.007425355884952239
22.5 1.521 0.008108404256841999
23.5 1.2762 0.008851984195469079
24.5 1.0781999999999998 0.009630533277616461
25.5 0.8779 0.010672777988830318
26.5 0.7292000000000001 0.011710533209110911
27.5 0.6013 0.012895981400087858
28.5 0.516 0.013921151159742613
29.5 0.4056 0.015701857325533194
30.5 0.3296 0.017418325357290442
31.5 0.2676 0.019331116825676477
32.5 0.2092 0.021863473472331304
33.5 0.16899999999999998 0.024325212770525996
34.5 0.12890000000000001 0.027853100187767633
35.5 0.11180000000000001 0.02990743022772896
36.5 0.08149999999999999 0.03502847220520294
37.5 0.0637 0.03962144258751636
38.5 0.049600000000000005 0.04490132550669372
39.5 0.0383 0.0510976130307596
40.5 0.0288 0.05892556509887897
41.5 0.021699999999999997 0.06788442333021306
42.5 0.0173 0.07602859212697055
43.5 0.0129 0.08804509063256238
44.5 0.0108 0.09622504486493763
45.5 0.0067 0.12216944435630522
46.5 0.0057 0.13245323570650439
47.5 0.0054 0.13608276348795434
48.5 0.004 0.15811388300841897
49.5 0.0023 0.20851441405707477
50.5 0.0013 0.2773500981126146
51.5 0.0012 0.2886751345948129
52.5 0.0 inf
53.5 0.0009 0.3333333333333333
54.5 0.0003 0.5773502691896258
55.5 0.0005 0.4472135954999579
56.5 0.0 inf
57.5 0.0002 0.7071067811865475
58.5 0.0 inf
59.5 0.0 inf
60.5 0.0 inf
61.5 0.0 inf
62.5 0.0001 1.0
63.5 0.0 inf
64.5 0.0 inf
65.5 0.0 inf
66.5 0.0 inf
67.5 0.0 inf
68.5 0.0 inf
69.5 0.0 inf
70.5 0.0 inf
71.5 0.0 inf
72.5 0.0 inf
73.5 0.0 inf
74.5 0.0 inf
75.5 0.0 inf
76.5 0.0 inf
77.5 0.0 inf
78.5 0.0 inf
79.5 0.0 inf
80.5 0.0 inf
81.5 0.0 inf
82.5 0.0 inf
83.5 0.0 inf
84.5 0.0 inf
85.5 0.0 inf
86.5 0.0 inf
87.5 0.0 inf
88.5 0.0 inf
89.5 0.0 inf
90.5 0.0 inf
91.5 0.0 inf
92.5 0.0 inf
93.5 0.0 inf
94.5 0.0 inf
95.5 0.0 inf
96.5 0.0 inf
97.5 0.0 inf
