0.5 38.4554 0.0016125802386976556
1.5 20.3232 0.002218216617690426
2.5 20.582700000000003 0.002204188985972574
3.5 18.831899999999997 0.0023043738081570215
4.5 16.643 0.002451230734876698
5.5 14.9343 0.0025876620964329074
6.5 13.1161 0.002761198573929884
7.5 11.597000000000001 0.0029364808394773158
8.5 10.4378 0.0030952484478437544
9.5 9.0899 0.0033168088783567325
10.5 8.1689 0.0034987926874746646
11.5 7.1241 0.0037465798798973285
12.5 6.3869 0.003956898788213602
13.5 5.5760000000000005 0.004234855708219638
14.5 4.9036 0.004515880924076051
15.5 4.2658000000000005 0.004841720945016319
16.5 3.7999 0.005129959260333804
17.5 3.2782 0.005523091994275617
18.5 2.7927 0.0059839486420476765
19.5 2.3948 0.006461976514273365
20.5 2.0429 0.006996429234081476
21.5 1.7506 0.007557993915122012
22.5 1.4779 0.008225787299502959
23.5 1.2458 0.008959336259616292
24.5 1.0492 0.009762720569806997
25.5 0.8579 0.010796467110271652
26.5 0.7172000000000001 0.01180809557152266
27.5 0.579 0.013141977464419205
28.5 0.5077 0.014034482983906684
29.5 0.3938 0.015935369720403485
30.5 0.3127 0.017882822232191637
31.5 0.2533 0.019869292589280094
32.5 0.2157 0.021531531793663645
33.5 0.1679 0.024404766228169002
34.5 0.1234 0.028467047115478598
35.5 0.09839999999999999 0.03187883565316692
36.5 0.0826 0.03479445003196105
37.5 0.0639 0.03955938860646178
38.5 0.051500000000000004 0.044065264923923174
39.5 0.0373 0.05177803730784977
40.5 0.029599999999999998 0.05812381937190964
41.5 0.0194 0.07179581586177382
42.5 0.0171 0.07647191129018725
43.5 0.0131 0.0873704056661038
44.5 0.009000000000000001 0.10540925533894598
45.5 0.006999999999999999 0.11952286093343939
46.5 0.0060999999999999995 0.12803687993289598
47.5 0.005 0.1414213562373095
48.5 0.0031999999999999997 0.1767766952966369
49.5 0.0018 0.23570226039551587
50.5 0.0017 0.24253562503633297
51.5 0.0017000000000000001 0.24253562503633297
52.5 0.0005 0.4472135954999579
53.5 0.00030000000000000003 0.5773502691896257
54.5 0.00030000000000000003 0.5773502691896257
55.5 0.00030000000000000003 0.5773502691896257
56.5 0.0 inf
57.5 0.0002 0.7071067811865475
58.5 0.0002 0.7071067811865475
59.5 0.0001 1.0
60.5 0.0 inf
61.5 0.0002 0.7071067811865475
62.5 0.0 inf
63.5 0.0 inf
64.5 0.0 inf
65.5 0.0 inf
66.5 0.0 inf
67.5 0.0 inf
68.5 0.0 inf
69.5 0.0 inf
70.5 0.0 inf
71.5 0.0 inf
72.5 0.0 inf
73.5 0.0 inf
74.5 0.0 inf
75.5 0.0 inf
76.5 0.0 inf
77.5 0.0 inf
78.5 0.0 inf
79.5 0.0 inf
80.5 0.0 inf
81.5 0.0 inf
82.5 0.0 inf
83.5 0.0 inf
84.5 0.0 inf
85.5 0.0 inf
86.5 0.0 inf
87.5 0.0 inf
88.5 0.0 inf
89.5 0.0 inf
90.5 0.0 inf
91.5 0.0 inf
92.5 0.0 inf
93.5 0.0 inf
94.5 0.0 inf
95.5 0.0 inf
96.5 0.0 inf
97.5 0.0 inf
