0.5 38.429 0.001613134049742061
1.5 20.32 0.0022183912735402843
2.5 20.5806 0.002204301438447197
3.5 18.9297 0.0022984133438447812
4.5 16.6286 0.0024522918610126137
5.5 14.8281 0.0025969120818234346
6.5 13.125399999999999 0.0027602201771919346
7.5 11.6502 0.002929768528425458
8.5 10.4299 0.0030964204549668393
9.5 9.1549 0.003305013194093446
10.5 8.1141 0.0035105876617054417
11.5 7.1254 0.0037462380902422024
12.5 6.3942 0.0039546394273728335
13.5 5.5771999999999995 0.00423440009427062
14.5 4.9292 0.004504138953316684
15.5 4.2609 0.004844504114748535
16.5 3.7506000000000004 0.005163564726287205
17.5 3.2828999999999997 0.005519136980418263
18.5 2.8167999999999997 0.005958294894179849
19.5 2.3924000000000003 0.006465216954016153
20.5 2.0662000000000003 0.006956868933691743
21.5 1.7679 0.007520923168750969
22.5 1.4676 0.008254602191827642
23.5 1.249 0.008947851766820503
24.5 1.0489000000000002 0.009764116606979433
25.5 0.8431 0.010890816868582367
26.5 0.7069 0.011893810347070247
27.5 0.5756 0.01318073435607412
28.5 0.49720000000000003 0.01418190069493499
29.5 0.4037 0.015738764073941116
30.5 0.3119 0.01790574159082168
31.5 0.264 0.019462473604038074
32.5 0.20129999999999998 0.02228835993459966
33.5 0.16499999999999998 0.02461829819586655
34.5 0.1263 0.028138330394167636
35.5 0.1084 0.03037283696153935
36.5 0.0807 0.03520166719043815
37.5 0.0615 0.04032389192727559
38.5 0.047 0.04612656040144425
39.5 0.0348 0.05360562674188974
40.5 0.032299999999999995 0.055641488407465724
41.5 0.0213 0.06851887098275317
42.5 0.0183 0.07392212709545729
43.5 0.0101 0.09950371902099892
44.5 0.009000000000000001 0.10540925533894598
45.5 0.0071 0.11867816581938533
46.5 0.0045000000000000005 0.14907119849998599
47.5 0.0040999999999999995 0.15617376188860607
48.5 0.0034000000000000002 0.17149858514250882
49.5 0.0018 0.23570226039551587
50.5 0.0012 0.2886751345948129
51.5 0.0009 0.3333333333333333
52.5 0.0007999999999999999 0.3535533905932738
53.5 0.0010999999999999998 0.3015113445777637
54.5 0.00039999999999999996 0.5000000000000001
55.5 0.0005 0.4472135954999579
56.5 0.0002 0.7071067811865475
57.5 0.0002 0.7071067811865475
58.5 0.0 inf
59.5 0.0 inf
60.5 0.0 inf
61.5 0.0001 1.0
62.5 0.0 inf
63.5 0.0 inf
64.5 0.0 inf
65.5 0.0 inf
66.5 0.0 inf
67.5 0.0 inf
68.5 0.0 inf
69.5 0.0 inf
70.5 0.0 inf
71.5 0.0 inf
72.5 0.0 inf
73.5 0.0 inf
74.5 0.0 inf
75.5 0.0 inf
76.5 0.0 inf
77.5 0.0 inf
78.5 0.0 inf
79.5 0.0 inf
80.5 0.0 inf
81.5 0.0 inf
82.5 0.0 inf
83.5 0.0 inf
84.5 0.0 inf
85.5 0.0 inf
86.5 0.0 inf
87.5 0.0 inf
88.5 0.0 inf
89.5 0.0 inf
90.5 0.0 inf
91.5 0.0 inf
92.5 0.0 inf
93.5 0.0 inf
94.5 0.0 inf
95.5 0.0 inf
96.5 0.0 inf
97.5 0.0 inf
