0.5 38.509100000000004 0.001611455494562717
1.5 20.2654 0.002221377710734748
2.5 20.5398 0.002206489650632952
3.5 18.8467 0.0023034688372480377
4.5 16.6265 0.002452446723741011
5.5 14.954 0.002585957076261609
6.5 13.0679 0.0027662861271741603
7.5 11.6571 0.0029289013146597486
8.5 10.389 0.0031025095490543205
9.5 9.137699999999999 0.0033081222642919205
10.5 8.1525 0.0035023100975821488
11.5 7.1808 0.003731758962665826
12.5 6.3515999999999995 0.00396787909186862
13.5 5.5676 0.0042380491291403475
14.5 4.9678 0.004486606161501569
15.5 4.258 0.004846153559399206
16.5 3.7950999999999997 0.0051332023927139064
17.5 3.2869 0.005515777695295929
18.5 2.7891 0.005987809254476404
19.5 2.3856 0.006474424740545884
20.5 2.0592 0.006968683416725756
21.5 1.7448000000000001 0.007570545495625112
22.5 1.4938 0.008181892562997761
23.5 1.2538 0.008930707535646587
24.5 1.0413 0.00979968386729758
25.5 0.8493999999999999 0.010850353103361392
26.5 0.7045 0.011914052274091296
27.5 0.5780000000000001 0.013153341044116407
28.5 0.5043 0.0140817138826738
29.5 0.3951 0.015909131996778254
30.5 0.3126 0.017885682339724072
31.5 0.2569 0.019729584892914265
32.5 0.2036 0.022162110358896814
33.5 0.1575 0.02519763153394848
34.5 0.12309999999999999 0.02850171371705741
35.5 0.09839999999999999 0.03187883565316692
36.5 0.0789 0.03560094272544522
37.5 0.0632 0.0397778642087865
38.5 0.0563 0.04214497519610896
39.5 0.0369 0.052057920629535355
40.5 0.0298 0.057928444636349226
41.5 0.024300000000000002 0.06415002990995841
42.5 0.0161 0.07881104062391006
43.5 0.012299999999999998 0.09016696346674324
44.5 0.0114 0.0936585811581694
45.5 0.0074 0.11624763874381928
46.5 0.0054 0.13608276348795434
47.5 0.0034000000000000002 0.17149858514250882
48.5 0.004 0.15811388300841897
49.5 0.0022 0.21320071635561041
50.5 0.0013 0.2773500981126146
51.5 0.0018 0.23570226039551587
52.5 0.0006000000000000001 0.40824829046386296
53.5 0.0007 0.3779644730092272
54.5 0.00039999999999999996 0.5000000000000001
55.5 0.0002 0.7071067811865475
56.5 0.0002 0.7071067811865475
57.5 0.0001 1.0
58.5 0.0001 1.0
59.5 0.0 inf
60.5 0.0001 1.0
61.5 0.0001 1.0
62.5 0.0 inf
63.5 0.0 inf
64.5 0.0 inf
65.5 0.0 inf
66.5 0.0 inf
67.5 0.0 inf
68.5 0.0 inf
69.5 0.0 inf
70.5 0.0 inf
71.5 0.0 inf
72.5 0.0 inf
73.5 0.0 inf
74.5 0.0 inf
75.5 0.0 inf
76.5 0.0 inf
77.5 0.0 inf
78.5 0.0 inf
79.5 0.0 inf
80.5 0.0 inf
81.5 0.0 inf
82.5 0.0 inf
83.5 0.0 inf
84.5 0.0 inf
85.5 0.0 inf
86.5 0.0 inf
87.5 0.0 inf
88.5 0.0 inf
89.5 0.0 inf
90.5 0.0 inf
91.5 0.0 inf
92.5 0.0 inf
93.5 0.0 inf
94.5 0.0 inf
95.5 0.0 inf
96.5 0.0 inf
97.5 0.0 inf
