0.5 38.5165 0.0016113006863184868
1.5 20.2954 0.0022197353194465226
2.5 20.637700000000002 0.0022012499163920583
3.5 18.904400000000003 0.002299950827576954
4.5 16.6828 0.0024483050497654552
5.5 14.918800000000001 0.0025890059830081533
6.5 13.1903 0.0027534212724660578
7.5 11.585799999999999 0.0029378998455402427
8.5 10.4429 0.003094492542162435
9.5 9.126999999999999 0.003310060827891711
10.5 8.2209 0.0034877096042942265
11.5 7.1516 0.0037393695924343505
12.5 6.3903 0.003955846001501284
13.5 5.6174 0.00421922149550446
14.5 4.9268 0.004505235873969384
15.5 4.2718 0.0048383195060944925
16.5 3.7868 0.005138824852234359
17.5 3.2644 0.005534753905682801
18.5 2.8247999999999998 0.0059498517910378055
19.5 2.388 0.0064711704429084955
20.5 2.0571 0.0069722395156571896
21.5 1.7604 0.0075369271941022435
22.5 1.4844 0.008207757699012682
23.5 1.2658 0.008888274412145276
24.5 1.0405 0.009803450441422362
25.5 0.8584 0.010793322294408639
26.5 0.7068 0.011894651701745163
27.5 0.5724 0.013217526428635735
28.5 0.4898 0.014288630630398279
29.5 0.39580000000000004 0.015895057564452583
30.5 0.3268 0.01749278571353299
31.5 0.26539999999999997 0.019411072904885092
32.5 0.2019 0.02225521737361166
33.5 0.15760000000000002 0.02518963609299392
34.5 0.1249 0.028295591748714637
35.5 0.1065 0.03064257065179478
36.5 0.0821 0.0349002406379888
37.5 0.0653 0.03913302400974161
38.5 0.049 0.045175395145262566
39.5 0.035199999999999995 0.05330017908890262
40.5 0.027200000000000002 0.06063390625908324
41.5 0.0215 0.06819943394704735
42.5 0.0177 0.07516460280028289
43.5 0.0114 0.0936585811581694
44.5 0.0089 0.105999788000636
45.5 0.0068 0.12126781251816648
46.5 0.006 0.12909944487358055
47.5 0.0029 0.18569533817705186
48.5 0.0031 0.1796053020267749
49.5 0.0017000000000000001 0.24253562503633297
50.5 0.0013 0.2773500981126146
51.5 0.0014 0.2672612419124244
52.5 0.0013 0.2773500981126146
53.5 0.0006 0.4082482904638631
54.5 0.0005 0.4472135954999579
55.5 0.00030000000000000003 0.5773502691896257
56.5 0.0001 1.0
57.5 0.0 inf
58.5 0.0002 0.7071067811865475
59.5 0.0 inf
60.5 0.0 inf
61.5 0.0001 1.0
62.5 0.0001 1.0
63.5 0.0 inf
64.5 0.0 inf
65.5 0.0 inf
66.5 0.0001 1.0
67.5 0.0 inf
68.5 0.0 inf
69.5 0.0 inf
70.5 0.0 inf
71.5 0.0 inf
72.5 0.0 inf
73.5 0.0 inf
74.5 0.0 inf
75.5 0.0 inf
76.5 0.0 inf
77.5 0.0 inf
78.5 0.0 inf
79.5 0.0 inf
80.5 0.0 inf
81.5 0.0 inf
82.5 0.0 inf
83.5 0.0 inf
84.5 0.0 inf
85.5 0.0 inf
86.5 0.0 inf
87.5 0.0 inf
88.5 0.0 inf
89.5 0.0 inf
90.5 0.0 inf
91.5 0.0 inf
92.5 0.0 inf
93.5 0.0 inf
94.5 0.0 inf
95.5 0.0 inf
96.5 0.0 inf
97.5 0.0 inf
