0.5 38.538799999999995 0.0016108344392543347
1.5 20.3996 0.0022140589204166475
2.5 20.6216 0.002202109044903395
3.5 18.9581 0.0022966911405802883
4.5 16.6821 0.002448356416066965
5.5 15.0059 0.0025814812560710806
6.5 13.145900000000001 0.002758067164061331
7.5 11.6252 0.002932917071141418
8.5 10.445 0.003094181447810878
9.5 9.157 0.0033046341984793908
10.5 8.1708 0.003498385867297458
11.5 7.1827000000000005 0.003731265359217028
12.5 6.414 0.003948530728938076
13.5 5.6688 0.004200049728883187
14.5 4.9113 0.004512339507046017
15.5 4.2873 0.0048295655284043785
16.5 3.803 0.005127868001351515
17.5 3.2941000000000003 0.005509746408462472
18.5 2.785 0.0059922151771197975
19.5 2.3943 0.006462651204076958
20.5 2.0557 0.006974613274954077
21.5 1.7576 0.00754292827454554
22.5 1.4731 0.008239177995146544
23.5 1.2374 0.008989694726836932
24.5 1.0622 0.009702794904498643
25.5 0.8480000000000001 0.010859306069076735
26.5 0.7133 0.01184033221596584
27.5 0.5840000000000001 0.01308559806475534
28.5 0.4929 0.014243626957572003
29.5 0.40249999999999997 0.015762208124782014
30.5 0.3157 0.017797651932695783
31.5 0.2565 0.019744962591969745
32.5 0.2047 0.02210248368512676
33.5 0.16449999999999998 0.024655683636076897
34.5 0.121 0.02874797872880345
35.5 0.1011 0.031450273186121945
36.5 0.0814 0.03504998186163908
37.5 0.06470000000000001 0.03931405669853757
38.5 0.048799999999999996 0.04526787302125927
39.5 0.036500000000000005 0.05234239225902136
40.5 0.0286 0.05913123959890826
41.5 0.0241 0.06441566264008308
42.5 0.0169 0.07692307692307693
43.5 0.0113 0.09407208683835974
44.5 0.0103 0.09853292781642932
45.5 0.0096 0.10206207261596577
46.5 0.0056 0.1336306209562122
47.5 0.0043 0.15249857033260467
48.5 0.0021000000000000003 0.21821789023599233
49.5 0.002 0.22360679774997896
50.5 0.0010999999999999998 0.3015113445777637
51.5 0.0013 0.2773500981126146
52.5 0.0017000000000000001 0.24253562503633297
53.5 0.0007999999999999999 0.3535533905932738
54.5 0.00039999999999999996 0.5000000000000001
55.5 0.0001 1.0
56.5 0.0002 0.7071067811865475
57.5 0.0002 0.7071067811865475
58.5 0.0002 0.7071067811865475
59.5 0.0 inf
60.5 0.0 inf
61.5 0.0 inf
62.5 0.0 inf
63.5 0.0001 1.0
64.5 0.0 inf
65.5 0.0 inf
66.5 0.0 inf
67.5 0.0 inf
68.5 0.0 inf
69.5 0.0 inf
70.5 0.0 inf
71.5 0.0 inf
72.5 0.0 inf
73.5 0.0 inf
74.5 0.0 inf
75.5 0.0 inf
76.5 0.0 inf
77.5 0.0 inf
78.5 0.0 inf
79.5 0.0 inf
80.5 0.0 inf
81.5 0.0 inf
82.5 0.0 inf
83.5 0.0 inf
84.5 0.0 inf
85.5 0.0 inf
86.5 0.0 inf
87.5 0.0 inf
88.5 0.0 inf
89.5 0.0 inf
90.5 0.0 inf
91.5 0.0 inf
92.5 0.0 inf
93.5 0.0 inf
94.5 0.0 inf
95.5 0.0 inf
96.5 0.0 inf
97.5 0.0 inf
