0.5 40.8739 0.0015641448207501262
1.5 21.564400000000003 0.002153432734445593
2.5 21.8707 0.0021383001099821537
3.5 19.8829 0.002242642952993757
4.5 17.473300000000002 0.002392282885382898
5.5 15.684 0.002525059308027004
6.5 13.7687 0.0026949674946097862
7.5 12.115400000000001 0.0028729702004636304
8.5 10.8765 0.003032183065452536
9.5 9.4396 0.003254791732703058
10.5 8.4505 0.003440002807043436
11.5 7.422 0.0036706208315679233
12.5 6.588699999999999 0.0038958312171738525
13.5 5.7722 0.004162261048200464
14.5 5.0883 0.004433162445603315
15.5 4.4113 0.004761203048992754
16.5 3.9073 0.005058964377141926
17.5 3.3455 0.005467256919286997
18.5 2.8494 0.0059241124011940195
19.5 2.4802 0.006349750316852152
20.5 2.1180000000000003 0.006871270127375408
21.5 1.8090000000000002 0.0074349956124245085
22.5 1.5214 0.008107338273236939
23.5 1.2835999999999999 0.00882643131085606
24.5 1.0632000000000001 0.009698230816140135
25.5 0.8635999999999999 0.010760778282064792
26.5 0.7229000000000001 0.011761450567990024
27.5 0.5878 0.01304323169927373
28.5 0.49 0.014285714285714285
29.5 0.4203 0.015424827112758251
30.5 0.3186 0.017716466781757798
31.5 0.26380000000000003 0.019469849944497734
32.5 0.2028 0.02220577958421638
33.5 0.1636 0.024723408821707437
34.5 0.1291 0.027831516999568835
35.5 0.1049 0.03087537605472192
36.5 0.08710000000000001 0.03388370737858486
37.5 0.0637 0.03962144258751636
38.5 0.0523 0.04372694694466261
39.5 0.035199999999999995 0.05330017908890262
40.5 0.028700000000000003 0.05902813361009551
41.5 0.022699999999999998 0.0663723311599972
42.5 0.019200000000000002 0.07216878364870322
43.5 0.013600000000000001 0.08574929257125441
44.5 0.0084 0.1091089451179962
45.5 0.0071 0.11867816581938533
46.5 0.0063 0.1259881576697424
47.5 0.0036 0.16666666666666666
48.5 0.0034000000000000002 0.17149858514250882
49.5 0.0024000000000000002 0.20412414523193148
50.5 0.0010999999999999998 0.3015113445777637
51.5 0.0017000000000000001 0.24253562503633297
52.5 0.002 0.22360679774997896
53.5 0.0008 0.35355339059327373
54.5 0.0005 0.4472135954999579
55.5 0.00030000000000000003 0.5773502691896257
56.5 0.0 inf
57.5 0.0001 1.0
58.5 0.0001 1.0
59.5 0.00030000000000000003 0.5773502691896257
60.5 0.0 inf
61.5 0.0 inf
62.5 0.0 inf
63.5 0.0 inf
64.5 0.0 inf
65.5 0.0 inf
66.5 0.0 inf
67.5 0.0 inf
68.5 0.0 inf
69.5 0.0 inf
70.5 0.0 inf
71.5 0.0 inf
72.5 0.0 inf
73.5 0.0 inf
74.5 0.0 inf
75.5 0.0 inf
76.5 0.0 inf
77.5 0.0 inf
78.5 0.0 inf
79.5 0.0 inf
80.5 0.0 inf
81.5 0.0 inf
82.5 0.0 inf
83.5 0.0 inf
84.5 0.0 inf
85.5 0.0 inf
86.5 0.0 inf
87.5 0.0 inf
88.5 0.0 inf
89.5 0.0 inf
90.5 0.0 inf
91.5 0.0 inf
92.5 0.0 inf
93.5 0.0 inf
94.5 0.0 inf
95.5 0.0 inf
96.5 0.0 inf
97.5 0.0 inf
