0.5 38.464600000000004 0.0016123873779190607
1.5 20.3229 0.0022182329899239524
2.5 20.543599999999998 0.0022062855712982423
3.5 18.877000000000002 0.002301619413722385
4.5 16.627000000000002 0.0024524098490017127
5.5 14.8733 0.0025929630677604663
6.5 13.115400000000001 0.002761272258804626
7.5 11.697 0.002923901614237259
8.5 10.440999999999999 0.0030947740893500827
9.5 9.0646 0.0033214343881803675
10.5 8.1431 0.003504330963074953
11.5 7.1242 0.0037465535850640325
12.5 6.3901 0.003955907906871295
13.5 5.593 0.004228414859308496
14.5 4.919700000000001 0.004508485629262718
15.5 4.2776 0.004835038253523476
16.5 3.7633 0.005154844628043222
17.5 3.2984 0.0055061538126347275
18.5 2.8151 0.005960093688641072
19.5 2.3886000000000003 0.0064703576349616964
20.5 2.0415 0.006998827794508409
21.5 1.7579 0.007542284615908735
22.5 1.4754 0.008232753466042938
23.5 1.2327 0.00900681623569942
24.5 1.0608 0.009709195467257717
25.5 0.8524 0.010831242503598114
26.5 0.7118 0.011852801414720117
27.5 0.5785 0.01314765557117125
28.5 0.4997 0.014146380174561475
29.5 0.40490000000000004 0.01571542432198867
30.5 0.3284 0.0174501203189944
31.5 0.25329999999999997 0.019869292589280097
32.5 0.2064 0.022011272658140596
33.5 0.1598 0.025015639663712997
34.5 0.1271 0.02804963567266072
35.5 0.1014 0.03140371465106639
36.5 0.0723 0.037190400165280094
37.5 0.0639 0.03955938860646178
38.5 0.0508 0.04436782547080569
39.5 0.0375 0.051639777949432225
40.5 0.0286 0.05913123959890826
41.5 0.0213 0.06851887098275317
42.5 0.0174 0.07580980435789034
43.5 0.010700000000000001 0.09667364890456635
44.5 0.008799999999999999 0.10660035817780524
45.5 0.006200000000000001 0.1270001270001905
46.5 0.0069 0.1203858530857692
47.5 0.003 0.18257418583505536
48.5 0.003 0.18257418583505536
49.5 0.0015999999999999999 0.25000000000000006
50.5 0.0013 0.2773500981126146
51.5 0.0012000000000000001 0.28867513459481287
52.5 0.0009 0.3333333333333333
53.5 0.0006000000000000001 0.40824829046386296
54.5 0.0007999999999999999 0.3535533905932738
55.5 0.0002 0.7071067811865475
56.5 0.0004 0.5
57.5 0.0005 0.4472135954999579
58.5 0.0 inf
59.5 0.0001 1.0
60.5 0.0 inf
61.5 0.0001 1.0
62.5 0.0 inf
63.5 0.0 inf
64.5 0.0001 1.0
65.5 0.0 inf
66.5 0.0001 1.0
67.5 0.0 inf
68.5 0.0 inf
69.5 0.0 inf
70.5 0.0001 1.0
71.5 0.0 inf
72.5 0.0 inf
73.5 0.0 inf
74.5 0.0 inf
75.5 0.0 inf
76.5 0.0 inf
77.5 0.0 inf
78.5 0.0 inf
79.5 0.0 inf
80.5 0.0 inf
81.5 0.0 inf
82.5 0.0 inf
83.5 0.0 inf
84.5 0.0 inf
85.5 0.0 inf
86.5 0.0 inf
87.5 0.0 inf
88.5 0.0 inf
89.5 0.0 inf
90.5 0.0 inf
91.5 0.0 inf
92.5 0.0 inf
93.5 0.0 inf
94.5 0.0 inf
95.5 0.0 inf
96.5 0.0 inf
97.5 0.0 inf
