0.5 62.5768 0.0012641346182088622
1.5 27.7546 0.0018981586731612258
2.5 26.131 0.0019562393251520735
3.5 22.7106 0.0020983875260975563
4.5 19.3733 0.002271947011688781
5.5 16.943199999999997 0.002429418203597347
6.5 14.725999999999999 0.0026058991362480338
7.5 12.8137 0.002793590364348642
8.5 11.391 0.0029629141911143146
9.5 9.825299999999999 0.0031902674301123018
10.5 8.7239 0.0033856702753960392
11.5 7.6065000000000005 0.0036258310620719213
12.5 6.7977 0.003835473645373158
13.5 5.9015 0.004116411608555615
14.5 5.1774000000000004 0.0043948508449191325
15.5 4.4998000000000005 0.004714149967962507
16.5 3.9382 0.0050390784086146315
17.5 3.4331 0.005397054120367625
18.5 2.891 0.005881335497090131
19.5 2.4832 0.00634591353208512
20.5 2.1371 0.006840495756900796
21.5 1.8183 0.007415957472394236
22.5 1.5274 0.00809139880253359
23.5 1.2975 0.008779025626122941
24.5 1.076 0.009640373590996237
25.5 0.8714 0.010712509552549886
26.5 0.737 0.01164839947426581
27.5 0.5912 0.013005671709567717
28.5 0.51 0.0140028008402801
29.5 0.4052 0.01570960559016737
30.5 0.32989999999999997 0.017410403735403916
31.5 0.26870000000000005 0.019291507529132022
32.5 0.21189999999999998 0.02172373626518906
33.5 0.1688 0.024339619175561773
34.5 0.1295 0.02778850071883642
35.5 0.1033 0.031113569564352756
36.5 0.0777 0.03587480016670876
37.5 0.0653 0.03913302400974161
38.5 0.0501 0.04467670516087703
39.5 0.0378 0.05143444998736397
40.5 0.0305 0.057259833431386825
41.5 0.0257 0.06237828615518053
42.5 0.0169 0.07692307692307693
43.5 0.0116 0.09284766908852593
44.5 0.0106 0.09712858623572641
45.5 0.0071 0.11867816581938533
46.5 0.0060999999999999995 0.12803687993289598
47.5 0.0045000000000000005 0.14907119849998599
48.5 0.0039 0.16012815380508713
49.5 0.0036 0.16666666666666666
50.5 0.0015999999999999999 0.25000000000000006
51.5 0.0019 0.22941573387056174
52.5 0.0021999999999999997 0.21320071635561047
53.5 0.0013 0.2773500981126146
54.5 0.0005 0.4472135954999579
55.5 0.0006 0.4082482904638631
56.5 0.0001 1.0
57.5 0.0001 1.0
58.5 0.0002 0.7071067811865475
59.5 0.0001 1.0
60.5 0.0 inf
61.5 0.0 inf
62.5 0.0 inf
63.5 0.0 inf
64.5 0.0 inf
65.5 0.0 inf
66.5 0.0 inf
67.5 0.0 inf
68.5 0.0 inf
69.5 0.0 inf
70.5 0.0 inf
71.5 0.0 inf
72.5 0.0 inf
73.5 0.0 inf
74.5 0.0 inf
75.5 0.0 inf
76.5 0.0 inf
77.5 0.0 inf
78.5 0.0 inf
79.5 0.0 inf
80.5 0.0 inf
81.5 0.0 inf
82.5 0.0 inf
83.5 0.0 inf
84.5 0.0 inf
85.5 0.0 inf
86.5 0.0 inf
87.5 0.0 inf
88.5 0.0 inf
89.5 0.0 inf
90.5 0.0 inf
91.5 0.0 inf
92.5 0.0 inf
93.5 0.0 inf
94.5 0.0 inf
95.5 0.0 inf
96.5 0.0 inf
97.5 0.0 inf
