0.5 38.4446 0.001612806728810925
1.5 20.3289 0.0022179056141156343
2.5 20.5231 0.0022073871974015694
3.5 18.871299999999998 0.0023019669849060117
4.5 16.6468 0.0024509509451145993
5.5 14.9529 0.0025860521916061707
6.5 13.1127 0.0027615565271611143
7.5 11.664200000000001 0.002928009767669484
8.5 10.367799999999999 0.0031056799233687353
9.5 9.1128 0.0033126387714152053
10.5 8.161 0.0035004857260940814
11.5 7.1251999999999995 0.0037462906671776137
12.5 6.3949 0.003954422979628698
13.5 5.5914 0.004229019804389642
14.5 4.9338999999999995 0.0045019931359153425
15.5 4.281 0.0048331178616317855
16.5 3.8075 0.005124836848611387
17.5 3.2491000000000003 0.005547770168231989
18.5 2.8013000000000003 0.0059747562106478545
19.5 2.4074 0.006445043781814495
20.5 2.0447 0.006993348991148437
21.5 1.7529 0.0075530338227084715
22.5 1.4662 0.00825854220196252
23.5 1.2561 0.008922527439016815
24.5 1.0512 0.00975342893301088
25.5 0.837 0.010930430596399216
26.5 0.7094 0.011872834332813964
27.5 0.5922000000000001 0.012994686259757506
28.5 0.492 0.014256648712805027
29.5 0.3889 0.01603544543858973
30.5 0.3246 0.01755196492081838
31.5 0.2526 0.019896804232983473
32.5 0.2071 0.021974042014452445
33.5 0.1608 0.024937733402690822
34.5 0.12409999999999999 0.02838664779018298
35.5 0.1017 0.03135736227945324
36.5 0.0777 0.03587480016670876
37.5 0.0656 0.03904344047215152
38.5 0.0516 0.04402254531628119
39.5 0.0372 0.05184758473652126
40.5 0.0296 0.05812381937190964
41.5 0.0216 0.06804138174397717
42.5 0.0202 0.07035975447302918
43.5 0.009899999999999999 0.10050378152592121
44.5 0.0069 0.1203858530857692
45.5 0.0083 0.10976425998969035
46.5 0.0056 0.1336306209562122
47.5 0.0039 0.16012815380508713
48.5 0.0034 0.17149858514250882
49.5 0.0026 0.19611613513818404
50.5 0.0026 0.19611613513818404
51.5 0.0012000000000000001 0.28867513459481287
52.5 0.0005 0.4472135954999579
53.5 0.0006000000000000001 0.40824829046386296
54.5 0.0002 0.7071067811865475
55.5 0.0001 1.0
56.5 0.0002 0.7071067811865475
57.5 0.00030000000000000003 0.5773502691896257
58.5 0.0001 1.0
59.5 0.0 inf
60.5 0.0002 0.7071067811865475
61.5 0.0 inf
62.5 0.0 inf
63.5 0.0 inf
64.5 0.0 inf
65.5 0.0 inf
66.5 0.0 inf
67.5 0.0 inf
68.5 0.0 inf
69.5 0.0 inf
70.5 0.0 inf
71.5 0.0 inf
72.5 0.0 inf
73.5 0.0 inf
74.5 0.0 inf
75.5 0.0 inf
76.5 0.0 inf
77.5 0.0 inf
78.5 0.0 inf
79.5 0.0 inf
80.5 0.0 inf
81.5 0.0 inf
82.5 0.0 inf
83.5 0.0 inf
84.5 0.0 inf
85.5 0.0 inf
86.5 0.0 inf
87.5 0.0 inf
88.5 0.0 inf
89.5 0.0 inf
90.5 0.0 inf
91.5 0.0 inf
92.5 0.0 inf
93.5 0.0 inf
94.5 0.0 inf
95.5 0.0 inf
96.5 0.0 inf
97.5 0.0 inf
