0.5 47.036100000000005 0.001458090053836503
1.5 24.0061 0.0020409820939905504
2.5 23.680300000000003 0.002054974324206647
3.5 21.268 0.0021683863971684657
4.5 18.4872 0.002325757500474793
5.5 16.4363 0.0024665957009885535
6.5 14.2055 0.0026532106859029074
7.5 12.6051 0.0028166108783727775
8.5 11.145199999999999 0.002995408562201418
9.5 9.648 0.0032194475386927326
10.5 8.6423 0.0034016163558902826
11.5 7.533899999999999 0.00364325923401948
12.5 6.747199999999999 0.0038498003545302866
13.5 5.8634 0.004129764043173711
14.5 5.144500000000001 0.0044088813783386424
15.5 4.4896 0.00471950200931897
16.5 3.9128000000000003 0.005055407577827876
17.5 3.3992 0.005423899588840439
18.5 2.8922 0.005880115260796955
19.5 2.464 0.0063705898929703195
20.5 2.1550000000000002 0.006812027032901715
21.5 1.8069000000000002 0.007439314876599523
22.5 1.5238 0.008100951188521844
23.5 1.2913000000000001 0.008800076032985387
24.5 1.088 0.00958706236059213
25.5 0.8831 0.010641309080720338
26.5 0.7375 0.01164445019479164
27.5 0.5742 0.013196793041081598
28.5 0.5014000000000001 0.014122378114958499
29.5 0.40159999999999996 0.015779860077445078
30.5 0.3302 0.017402492911639783
31.5 0.25960000000000005 0.019626716799471488
32.5 0.20929999999999999 0.02185824984939871
33.5 0.1623 0.02482222683731816
34.5 0.1274 0.02801659073402629
35.5 0.1069 0.0305851875103308
36.5 0.0809 0.035158127696731496
37.5 0.0674 0.03851856078856727
38.5 0.0518 0.04393747751637468
39.5 0.0412 0.04926646390821466
40.5 0.0286 0.05913123959890826
41.5 0.0237 0.06495698024616309
42.5 0.0171 0.07647191129018725
43.5 0.012799999999999999 0.08838834764831845
44.5 0.0098 0.10101525445522107
45.5 0.0078 0.11322770341445956
46.5 0.0058 0.13130643285972257
47.5 0.0038 0.16222142113076254
48.5 0.0040999999999999995 0.15617376188860607
49.5 0.0034000000000000002 0.17149858514250882
50.5 0.0015 0.2581988897471611
51.5 0.0014 0.2672612419124244
52.5 0.0011 0.30151134457776363
53.5 0.0005 0.4472135954999579
54.5 0.0005 0.4472135954999579
55.5 0.0001 1.0
56.5 0.0001 1.0
57.5 0.0 inf
58.5 0.0002 0.7071067811865475
59.5 0.0 inf
60.5 0.0 inf
61.5 0.0 inf
62.5 0.0 inf
63.5 0.0001 1.0
64.5 0.0 inf
65.5 0.0 inf
66.5 0.0 inf
67.5 0.0 inf
68.5 0.0 inf
69.5 0.0 inf
70.5 0.0 inf
71.5 0.0 inf
72.5 0.0 inf
73.5 0.0 inf
74.5 0.0 inf
75.5 0.0 inf
76.5 0.0 inf
77.5 0.0 inf
78.5 0.0 inf
79.5 0.0 inf
80.5 0.0 inf
81.5 0.0 inf
82.5 0.0 inf
83.5 0.0 inf
84.5 0.0 inf
85.5 0.0 inf
86.5 0.0 inf
87.5 0.0 inf
88.5 0.0 inf
89.5 0.0 inf
90.5 0.0 inf
91.5 0.0 inf
92.5 0.0 inf
93.5 0.0 inf
94.5 0.0 inf
95.5 0.0 inf
96.5 0.0 inf
97.5 0.0 inf
