0.5 148.0756 0.0008217850749730229
1.5 35.497499999999995 0.00167842181699365
2.5 30.0668 0.0018237125873360575
3.5 24.688499999999998 0.0020125776610527197
4.5 20.3776 0.0022152537656510494
5.5 17.5351 0.0023880635317601287
6.5 15.049 0.002577781953151434
7.5 13.0542 0.002767737314604839
8.5 11.538499999999999 0.002943915382254401
9.5 9.9745 0.003166317291624081
10.5 8.8244 0.003366335577661782
11.5 7.7258 0.003597727529529951
12.5 6.794600000000001 0.0038363485027912755
13.5 5.8917 0.004119833716979305
14.5 5.225899999999999 0.004374409665403915
15.5 4.5117 0.004707928873411509
16.5 3.9705000000000004 0.0050185401132604775
17.5 3.4288 0.00540043723709879
18.5 2.9228 0.005849253595125649
19.5 2.489 0.006338515427323549
20.5 2.1547 0.006812501237427096
21.5 1.8159 0.007420856536494134
22.5 1.5211000000000001 0.008108137721521285
23.5 1.2997999999999998 0.008771254930940511
24.5 1.0932 0.009564233898725013
25.5 0.8801 0.010659430185543134
26.5 0.743 0.01160127156904977
27.5 0.5954 0.012959718994867604
28.5 0.49470000000000003 0.014217690134308215
29.5 0.40859999999999996 0.01564410848213107
30.5 0.3272 0.017482090031876642
31.5 0.2576 0.019702760155977515
32.5 0.2057 0.022048693185121176
33.5 0.1697 0.02427499107135649
34.5 0.1298 0.027756369082668444
35.5 0.1074 0.030513909884867668
36.5 0.0828 0.034752402342845795
37.5 0.0646 0.039344473768231684
38.5 0.0528 0.04351941398892446
39.5 0.0355 0.05307448924342753
40.5 0.031200000000000002 0.05661385170722978
41.5 0.024800000000000003 0.06350006350009525
42.5 0.0191 0.07235746052924216
43.5 0.0129 0.08804509063256238
44.5 0.0104 0.09805806756909202
45.5 0.0067 0.12216944435630522
46.5 0.0066 0.12309149097933272
47.5 0.0034 0.17149858514250882
48.5 0.0036 0.16666666666666666
49.5 0.0018 0.23570226039551587
50.5 0.0015 0.2581988897471611
51.5 0.0009 0.3333333333333333
52.5 0.0007999999999999999 0.3535533905932738
53.5 0.0006000000000000001 0.40824829046386296
54.5 0.0002 0.7071067811865475
55.5 0.0001 1.0
56.5 0.0007 0.3779644730092272
57.5 0.00030000000000000003 0.5773502691896257
58.5 0.0 inf
59.5 0.0 inf
60.5 0.0 inf
61.5 0.0 inf
62.5 0.0 inf
63.5 0.0 inf
64.5 0.0 inf
65.5 0.0 inf
66.5 0.0 inf
67.5 0.0 inf
68.5 0.0 inf
69.5 0.0 inf
70.5 0.0 inf
71.5 0.0 inf
72.5 0.0 inf
73.5 0.0 inf
74.5 0.0 inf
75.5 0.0 inf
76.5 0.0 inf
77.5 0.0 inf
78.5 0.0 inf
79.5 0.0 inf
80.5 0.0 inf
81.5 0.0 inf
82.5 0.0 inf
83.5 0.0 inf
84.5 0.0 inf
85.5 0.0 inf
86.5 0.0 inf
87.5 0.0 inf
88.5 0.0 inf
89.5 0.0 inf
90.5 0.0 inf
91.5 0.0 inf
92.5 0.0 inf
93.5 0.0 inf
94.5 0.0 inf
95.5 0.0 inf
96.5 0.0 inf
97.5 0.0 inf
