0 2049.0
1 26.0
2 1.0
3 21.0
4 9.0
5 9.0
6 9.0
7 6.0
8 19.0
9 7.0
10 5.0
11 10.0
12 6.0
13 5.0
14 9.0
15 6.0
16 6.0
17 5.0
18 3.0
19 3.0
20 6.0
21 2.0
22 5.0
23 8.0
24 2.0
25 1.0
26 4.0
27 1.0
28 4.0
29 3.0
30 2.0
31 3.0
32 4.0
33 1.0
34 1.0
35 3.0
36 3.0
37 1.0
38 0.0
39 4.0
40 1.0
41 1.0
42 1.0
43 4.0
44 1.0
45 3.0
46 0.0
47 1.0
48 2.0
49 5.0
50 1.0
51 2.0
52 3.0
53 1.0
54 4.0
55 1.0
56 1.0
57 2.0
58 0.0
59 1.0
60 1.0
61 3.0
62 2.0
63 4.0
64 1.0
65 4.0
66 2.0
67 1.0
68 3.0
69 2.0
70 4.0
71 2.0
72 3.0
73 3.0
74 1.0
75 1.0
76 3.0
77 3.0
78 1.0
79 3.0
80 3.0
81 1.0
82 1.0
83 2.0
84 1.0
85 2.0
86 2.0
87 3.0
88 1.0
89 2.0
90 3.0
91 3.0
92 1.0
93 1.0
94 2.0
95 2.0
96 1.0
97 1.0
98 0.0
99 0.0
100 0.0
101 0.0
102 5.0
103 0.0
104 2.0
105 0.0
106 1.0
107 0.0
108 0.0
109 1.0
110 1.0
111 2.0
112 1.0
113 1.0
114 4.0
115 2.0
116 2.0
117 1.0
118 0.0
119 1.0
120 0.0
121 1.0
122 0.0
123 0.0
124 0.0
125 0.0
126 0.0
127 1.0
128 1.0
129 2.0
130 2.0
131 2.0
132 0.0
133 0.0
134 0.0
135 0.0
136 0.0
137 0.0
138 0.0
139 0.0
140 0.0
141 0.0
142 0.0
143 0.0
144 1.0
145 0.0
146 0.0
147 0.0
148 0.0
149 0.0
150 0.0
151 0.0
152 0.0
153 0.0
154 0.0
155 0.0
156 0.0
157 0.0
158 0.0
159 0.0
160 0.0
161 0.0
162 1.0
163 0.0
164 0.0
165 0.0
166 0.0
167 0.0
168 0.0
169 0.0
170 0.0
171 0.0
172 0.0
173 0.0
174 0.0
175 0.0
176 0.0
177 0.0
178 0.0
179 0.0
180 0.0
181 0.0
182 0.0
183 0.0
184 0.0
185 0.0
186 0.0
187 0.0
188 0.0
189 0.0
190 0.0
191 0.0
192 0.0
193 0.0
194 0.0
195 0.0
196 0.0
197 0.0
198 0.0
199 0.0
