0.5 66.6103 0.0012252629608426005
1.5 26.9839 0.0019250749404149906
2.5 25.217100000000002 0.0019913721526800864
3.5 22.0079 0.0021316244744228876
4.5 18.7683 0.002308274913317669
5.5 16.4434 0.002466063124990708
6.5 14.255099999999999 0.002648590798175943
7.5 12.5604 0.0028216183100453537
8.5 11.0673 0.0030059320483254923
9.5 9.6579 0.003217797039997552
10.5 8.6144 0.003407120417504484
11.5 7.4704 0.003658710710185588
12.5 6.6472 0.003878650315580151
13.5 5.8341 0.0041401212998788284
14.5 5.140700000000001 0.004410510597539631
15.5 4.4350000000000005 0.004748464416832624
16.5 3.8850999999999996 0.00507339760004617
17.5 3.3952 0.005427093688162593
18.5 2.864 0.005908993240588318
19.5 2.4586 0.00637758214805214
20.5 2.1157 0.006875004028323853
21.5 1.8058999999999998 0.007441374316573808
22.5 1.5125 0.008131156281817417
23.5 1.2652999999999999 0.008890030398177413
24.5 1.0758 0.009641269661416076
25.5 0.8686 0.010729761966090037
26.5 0.7394000000000001 0.011629479484287617
27.5 0.5966 0.012946678858416036
28.5 0.495 0.01421338109037403
29.5 0.4091 0.01563454548320448
30.5 0.3199 0.017680432313071925
31.5 0.2663 0.01937824385646364
32.5 0.2076 0.021947564065307356
33.5 0.1676 0.024426598437301574
34.5 0.13019999999999998 0.02771369977368467
35.5 0.1041 0.030993786368687184
36.5 0.0801 0.03533326266687867
37.5 0.0682 0.03829197905337418
38.5 0.0503 0.04458779620677098
39.5 0.0363 0.0524863881081478
40.5 0.0322 0.05572782125753528
41.5 0.0243 0.06415002990995841
42.5 0.0173 0.07602859212697055
43.5 0.0109 0.09578262852211514
44.5 0.0109 0.09578262852211514
45.5 0.007299999999999999 0.11704114719613057
46.5 0.0063999999999999994 0.12500000000000003
47.5 0.0033 0.17407765595569785
48.5 0.0037999999999999996 0.16222142113076254
49.5 0.0029 0.18569533817705186
50.5 0.0019000000000000002 0.22941573387056174
51.5 0.0010999999999999998 0.3015113445777637
52.5 0.001 0.31622776601683794
53.5 0.00039999999999999996 0.5000000000000001
54.5 0.0001 1.0
55.5 0.0 inf
56.5 0.0 inf
57.5 0.0 inf
58.5 0.0002 0.7071067811865475
59.5 0.00030000000000000003 0.5773502691896257
60.5 0.0002 0.7071067811865475
61.5 0.0 inf
62.5 0.0 inf
63.5 0.0 inf
64.5 0.0001 1.0
65.5 0.0001 1.0
66.5 0.0 inf
67.5 0.0 inf
68.5 0.0 inf
69.5 0.0 inf
70.5 0.0 inf
71.5 0.0 inf
72.5 0.0 inf
73.5 0.0 inf
74.5 0.0 inf
75.5 0.0 inf
76.5 0.0 inf
77.5 0.0 inf
78.5 0.0 inf
79.5 0.0 inf
80.5 0.0 inf
81.5 0.0 inf
82.5 0.0 inf
83.5 0.0 inf
84.5 0.0 inf
85.5 0.0 inf
86.5 0.0 inf
87.5 0.0 inf
88.5 0.0 inf
89.5 0.0 inf
90.5 0.0 inf
91.5 0.0 inf
92.5 0.0 inf
93.5 0.0 inf
94.5 0.0 inf
95.5 0.0 inf
96.5 0.0 inf
97.5 0.0 inf
