0.5 38.4799 0.00161206679523065
1.5 20.3015 0.002219401812003163
2.5 20.541800000000002 0.002206382233397823
3.5 18.889499999999998 0.0023008577470854754
4.5 16.647 0.002450936221991474
5.5 14.9713 0.002584462550442059
6.5 13.0485 0.002768341766464958
7.5 11.6174 0.002933901495993028
8.5 10.440100000000001 0.003094907480632524
9.5 9.0833 0.003318013669760048
10.5 8.2022 0.003491683113745258
11.5 7.1173 0.003748369228445984
12.5 6.3812 0.0039586656415237075
13.5 5.6480999999999995 0.004207739174573872
14.5 4.927 0.0045051444333037705
15.5 4.2382 0.004857460485964389
16.5 3.7913 0.005135774239284694
17.5 3.2751 0.005525705278686699
18.5 2.7918000000000003 0.00598491309505451
19.5 2.4093 0.006442501965023797
20.5 2.0533 0.006978688223415044
21.5 1.7383 0.007584686504175539
22.5 1.4863 0.008202509859858535
23.5 1.2576999999999998 0.008916850176093158
24.5 1.0493999999999999 0.009761790210957046
25.5 0.8483 0.010857385710771925
26.5 0.7162 0.011816336270112086
27.5 0.5569999999999999 0.013399000471845812
28.5 0.4917 0.01426099724080391
29.5 0.4003 0.015805462363360657
30.5 0.327 0.017487435419566724
31.5 0.25980000000000003 0.019619160796573762
32.5 0.20379999999999998 0.02215123324886303
33.5 0.1654 0.02458851198024517
34.5 0.1251 0.0282729643226657
35.5 0.1001 0.0316069770620507
36.5 0.0815 0.035028472205202936
37.5 0.0681 0.03832008326196737
38.5 0.0482 0.04554875186742769
39.5 0.0395 0.05031546054266276
40.5 0.0273 0.060522753266880246
41.5 0.025 0.06324555320336758
42.5 0.0167 0.07738232325341368
43.5 0.0137 0.0854357657716761
44.5 0.0104 0.09805806756909202
45.5 0.007299999999999999 0.11704114719613057
46.5 0.0063 0.1259881576697424
47.5 0.0038 0.16222142113076254
48.5 0.0031 0.1796053020267749
49.5 0.0025 0.2
50.5 0.0021999999999999997 0.21320071635561047
51.5 0.0013 0.2773500981126146
52.5 0.0007 0.3779644730092272
53.5 0.0007999999999999999 0.3535533905932738
54.5 0.0004 0.5
55.5 0.0005 0.4472135954999579
56.5 0.0001 1.0
57.5 0.0 inf
58.5 0.0001 1.0
59.5 0.0 inf
60.5 0.0 inf
61.5 0.0 inf
62.5 0.0001 1.0
63.5 0.0 inf
64.5 0.0 inf
65.5 0.0 inf
66.5 0.0 inf
67.5 0.0 inf
68.5 0.0 inf
69.5 0.0 inf
70.5 0.0 inf
71.5 0.0 inf
72.5 0.0 inf
73.5 0.0 inf
74.5 0.0 inf
75.5 0.0 inf
76.5 0.0 inf
77.5 0.0 inf
78.5 0.0 inf
79.5 0.0 inf
80.5 0.0 inf
81.5 0.0 inf
82.5 0.0 inf
83.5 0.0 inf
84.5 0.0 inf
85.5 0.0 inf
86.5 0.0 inf
87.5 0.0 inf
88.5 0.0 inf
89.5 0.0 inf
90.5 0.0 inf
91.5 0.0 inf
92.5 0.0 inf
93.5 0.0 inf
94.5 0.0 inf
95.5 0.0 inf
96.5 0.0 inf
97.5 0.0 inf
