0.5 38.4551 0.001612586528801284
1.5 20.2595 0.002221701143554807
2.5 20.6152 0.0022024508413502797
3.5 18.826900000000002 0.0023046797826975778
4.5 16.6446 0.0024511129169828352
5.5 14.9701 0.002584566133347719
6.5 13.1141 0.0027614091177953427
7.5 11.635200000000001 0.002931656436376216
8.5 10.4225 0.0030975194928967
9.5 9.1251 0.003310405415251413
10.5 8.1395 0.0035051058384877863
11.5 7.1084 0.0037507150482155964
12.5 6.3967 0.00395386656286899
13.5 5.5925 0.004228603876758326
14.5 4.9152000000000005 0.004510548978043951
15.5 4.2529 0.004849058398218988
16.5 3.7614 0.005156146399759377
17.5 3.2752999999999997 0.005525536567740055
18.5 2.7858 0.005991354721173787
19.5 2.399 0.0064563174499546894
20.5 2.0522 0.006980558296664059
21.5 1.7513999999999998 0.0075562675574213
22.5 1.487 0.008200578981314842
23.5 1.2368000000000001 0.00899187501582008
24.5 1.0602 0.009711942445801083
25.5 0.8617 0.010772635204927467
26.5 0.7009 0.011944609882123609
27.5 0.5670999999999999 0.013279146932508798
28.5 0.4952 0.014210510570080112
29.5 0.4047 0.015719307070490657
30.5 0.3236 0.017579063848365748
31.5 0.26049999999999995 0.019592783347677306
32.5 0.2034 0.022173003507924643
33.5 0.16620000000000001 0.024529262467676904
34.5 0.12409999999999999 0.02838664779018298
35.5 0.0989 0.03179815003744467
36.5 0.07769999999999999 0.03587480016670876
37.5 0.0648 0.039283710065919304
38.5 0.0532 0.043355498476206
39.5 0.0435 0.04794633014853841
40.5 0.0312 0.05661385170722978
41.5 0.023 0.0659380473395787
42.5 0.0183 0.07392212709545729
43.5 0.0132 0.08703882797784893
44.5 0.0089 0.105999788000636
45.5 0.0058 0.13130643285972257
46.5 0.0059 0.13018891098082389
47.5 0.004399999999999999 0.15075567228888184
48.5 0.0031000000000000003 0.17960530202677488
49.5 0.0024000000000000002 0.20412414523193148
50.5 0.0013 0.2773500981126146
51.5 0.0007999999999999999 0.3535533905932738
52.5 0.0007999999999999999 0.3535533905932738
53.5 0.0007 0.3779644730092272
54.5 0.0004 0.5
55.5 0.00039999999999999996 0.5000000000000001
56.5 0.0002 0.7071067811865475
57.5 0.0002 0.7071067811865475
58.5 0.00030000000000000003 0.5773502691896257
59.5 0.0001 1.0
60.5 0.0 inf
61.5 0.0001 1.0
62.5 0.0 inf
63.5 0.0001 1.0
64.5 0.0001 1.0
65.5 0.0 inf
66.5 0.0 inf
67.5 0.0 inf
68.5 0.0 inf
69.5 0.0 inf
70.5 0.0 inf
71.5 0.0 inf
72.5 0.0 inf
73.5 0.0 inf
74.5 0.0 inf
75.5 0.0 inf
76.5 0.0 inf
77.5 0.0 inf
78.5 0.0 inf
79.5 0.0 inf
80.5 0.0 inf
81.5 0.0 inf
82.5 0.0 inf
83.5 0.0 inf
84.5 0.0 inf
85.5 0.0 inf
86.5 0.0 inf
87.5 0.0 inf
88.5 0.0 inf
89.5 0.0 inf
90.5 0.0 inf
91.5 0.0 inf
92.5 0.0 inf
93.5 0.0 inf
94.5 0.0 inf
95.5 0.0 inf
96.5 0.0 inf
97.5 0.0 inf
