0.5 39.6869 0.001587363579279229
1.5 20.9099 0.0021868753134668155
2.5 21.2644 0.002168569940100938
3.5 19.4726 0.002266146741314902
4.5 17.055 0.00242144237430716
5.5 15.3972 0.0025484676465969067
6.5 13.473700000000001 0.0027243102434378556
7.5 11.885 0.0029006839168596046
8.5 10.65 0.003064257065179478
9.5 9.324300000000001 0.0032748535323809664
10.5 8.3204 0.0034667928910417237
11.5 7.3194 0.003696257843854419
12.5 6.5672999999999995 0.003902173472066551
13.5 5.732200000000001 0.004176758187448924
14.5 5.0342 0.0044569192672978
15.5 4.3256 0.0048081368675256765
16.5 3.8263 0.005112231254271081
17.5 3.3306 0.005479472619564278
18.5 2.8682 0.005904665288625545
19.5 2.4086999999999996 0.0064433043190919225
20.5 2.0932000000000004 0.006911855290046559
21.5 1.7814999999999999 0.0074921607454338296
22.5 1.4952 0.008178061191884843
23.5 1.2604 0.008907294319699261
24.5 1.071 0.009662850594207474
25.5 0.8597 0.010785158616741572
26.5 0.7178 0.011803159420437522
27.5 0.5902000000000001 0.013016685067210312
28.5 0.506 0.014058038927888332
29.5 0.38639999999999997 0.016087236302194673
30.5 0.3106 0.017943174234504537
31.5 0.2606 0.019589023819033338
32.5 0.2077 0.02194227995205747
33.5 0.1708 0.024196695924791362
34.5 0.1306 0.027671226645624276
35.5 0.1008 0.0314970394174356
36.5 0.08460000000000001 0.034380708208626445
37.5 0.067 0.03863337046431279
38.5 0.0501 0.04467670516087703
39.5 0.0377 0.051502620262460476
40.5 0.030699999999999998 0.05707301455353496
41.5 0.0233 0.06551217820804184
42.5 0.0175 0.07559289460184544
43.5 0.0129 0.08804509063256238
44.5 0.0088 0.10660035817780521
45.5 0.0087 0.10721125348377948
46.5 0.0059 0.13018891098082389
47.5 0.0046 0.14744195615489714
48.5 0.0031 0.1796053020267749
49.5 0.0017 0.24253562503633297
50.5 0.0015 0.2581988897471611
51.5 0.0009 0.3333333333333333
52.5 0.0002 0.7071067811865475
53.5 0.0007 0.3779644730092272
54.5 0.0001 1.0
55.5 0.0001 1.0
56.5 0.0002 0.7071067811865475
57.5 0.0 inf
58.5 0.0 inf
59.5 0.0002 0.7071067811865475
60.5 0.0 inf
61.5 0.0001 1.0
62.5 0.0 inf
63.5 0.0 inf
64.5 0.0 inf
65.5 0.0 inf
66.5 0.0 inf
67.5 0.0001 1.0
68.5 0.0 inf
69.5 0.0 inf
70.5 0.0 inf
71.5 0.0 inf
72.5 0.0 inf
73.5 0.0 inf
74.5 0.0 inf
75.5 0.0 inf
76.5 0.0 inf
77.5 0.0 inf
78.5 0.0 inf
79.5 0.0 inf
80.5 0.0 inf
81.5 0.0 inf
82.5 0.0 inf
83.5 0.0 inf
84.5 0.0 inf
85.5 0.0 inf
86.5 0.0 inf
87.5 0.0 inf
88.5 0.0 inf
89.5 0.0 inf
90.5 0.0 inf
91.5 0.0 inf
92.5 0.0 inf
93.5 0.0 inf
94.5 0.0 inf
95.5 0.0 inf
96.5 0.0 inf
97.5 0.0 inf
