0.5 38.4667 0.001612343365049387
1.5 20.23 0.0022233204294660426
2.5 20.5815 0.0022042532424220523
3.5 18.8888 0.0023009003804317285
4.5 16.660899999999998 0.0024499136145065643
5.5 14.9071 0.0025900217885204426
6.5 13.1399 0.002758696792685372
7.5 11.613199999999999 0.0029344319816629544
8.5 10.450299999999999 0.003093396721943646
9.5 9.1219 0.003310986016247295
10.5 8.1414 0.00350469681241791
11.5 7.177 0.003732746757531107
12.5 6.3386 0.003971945921085186
13.5 5.5788 0.004233792837692957
14.5 4.8995999999999995 0.0045177239151841094
15.5 4.268700000000001 0.004840076020767023
16.5 3.7847999999999997 0.0051401824262554095
17.5 3.2571 0.005540952838793417
18.5 2.806 0.005969750308475662
19.5 2.4085 0.006443571837072527
20.5 2.0514 0.006981919294590165
21.5 1.7622 0.0075330769117594775
22.5 1.4855 0.008204718249172255
23.5 1.2393999999999998 0.00898243853489919
24.5 1.0306 0.009850424143769052
25.5 0.8601 0.010782650440285157
26.5 0.707 0.011892969170906879
27.5 0.5797 0.013134040459920514
28.5 0.48960000000000004 0.014291548761875737
29.5 0.4021 0.015770046120355822
30.5 0.3221 0.017619948616780765
31.5 0.264 0.019462473604038074
32.5 0.2023 0.022233204294660427
33.5 0.1592 0.025062735355854276
34.5 0.1243 0.02836380138986998
35.5 0.1064 0.03065696697424829
36.5 0.07930000000000001 0.03551104121142175
37.5 0.0628 0.03990434422338111
38.5 0.0493 0.0450377349111045
39.5 0.0336 0.0545544725589981
40.5 0.0274 0.0604122093330177
41.5 0.0223 0.06696495301824251
42.5 0.0182 0.07412493166611012
43.5 0.0139 0.08481889296799709
44.5 0.0083 0.10976425998969035
45.5 0.008199999999999999 0.11043152607484656
46.5 0.0053 0.13736056394868904
47.5 0.0043 0.15249857033260467
48.5 0.0043 0.15249857033260467
49.5 0.0023 0.20851441405707477
50.5 0.0017000000000000001 0.24253562503633297
51.5 0.0009 0.3333333333333333
52.5 0.0011 0.30151134457776363
53.5 0.0006 0.4082482904638631
54.5 0.00039999999999999996 0.5000000000000001
55.5 0.0002 0.7071067811865475
56.5 0.0002 0.7071067811865475
57.5 0.0002 0.7071067811865475
58.5 0.0 inf
59.5 0.0 inf
60.5 0.0001 1.0
61.5 0.0001 1.0
62.5 0.0 inf
63.5 0.0 inf
64.5 0.0 inf
65.5 0.0 inf
66.5 0.0 inf
67.5 0.0 inf
68.5 0.0 inf
69.5 0.0 inf
70.5 0.0 inf
71.5 0.0 inf
72.5 0.0 inf
73.5 0.0 inf
74.5 0.0 inf
75.5 0.0 inf
76.5 0.0 inf
77.5 0.0 inf
78.5 0.0 inf
79.5 0.0 inf
80.5 0.0 inf
81.5 0.0 inf
82.5 0.0 inf
83.5 0.0 inf
84.5 0.0 inf
85.5 0.0 inf
86.5 0.0 inf
87.5 0.0 inf
88.5 0.0 inf
89.5 0.0 inf
90.5 0.0 inf
91.5 0.0 inf
92.5 0.0 inf
93.5 0.0 inf
94.5 0.0 inf
95.5 0.0 inf
96.5 0.0 inf
97.5 0.0 inf
