0.5 38.5115 0.0016114052815945977
1.5 20.3621 0.002216096750939267
2.5 20.5828 0.0022041836315221026
3.5 18.952399999999997 0.002297036483527564
4.5 16.6734 0.0024489950957281487
5.5 14.9531 0.002586034897126505
6.5 13.1296 0.002759778661380274
7.5 11.6389 0.0029311904133402875
8.5 10.4162 0.003098456083159554
9.5 9.1425 0.003307253734261056
10.5 8.157499999999999 0.003501236592546178
11.5 7.1777999999999995 0.0037325387355315294
12.5 6.4213 0.003946285663987163
13.5 5.615 0.004220123102786389
14.5 4.9167 0.004509860880378884
15.5 4.291399999999999 0.004827257895645365
16.5 3.7721 0.005148828202118897
17.5 3.2573 0.005540782727416026
18.5 2.7675 0.006011130897782882
19.5 2.4222 0.006425323527200525
20.5 2.0627 0.006962768657628087
21.5 1.7588 0.00754035462820123
22.5 1.4656 0.008260232505688622
23.5 1.2532 0.008932845176608062
24.5 1.0509 0.009754820987386486
25.5 0.8681 0.010732851534516558
26.5 0.713 0.011842822907480814
27.5 0.5736 0.013203693325496157
28.5 0.4974 0.014179049201854005
29.5 0.4105 0.015607862099528717
30.5 0.3143 0.017837246312961855
31.5 0.2595 0.01963049807622355
32.5 0.1925 0.02279211529192759
33.5 0.1599 0.02500781616401777
34.5 0.13419999999999999 0.027297554521630706
35.5 0.10120000000000001 0.03143473067309657
36.5 0.0822 0.03487900532075779
37.5 0.0655 0.03907323325822818
38.5 0.0481 0.04559607525875532
39.5 0.0401 0.04993761694389224
40.5 0.029699999999999997 0.058025885318565944
41.5 0.025 0.06324555320336758
42.5 0.022199999999999998 0.06711560552140243
43.5 0.0123 0.09016696346674323
44.5 0.0104 0.09805806756909202
45.5 0.0068000000000000005 0.12126781251816648
46.5 0.0062 0.1270001270001905
47.5 0.005 0.1414213562373095
48.5 0.0034000000000000002 0.17149858514250882
49.5 0.0028 0.1889822365046136
50.5 0.001 0.31622776601683794
51.5 0.0009 0.3333333333333333
52.5 0.001 0.31622776601683794
53.5 0.0007999999999999999 0.3535533905932738
54.5 0.0007 0.3779644730092272
55.5 0.0001 1.0
56.5 0.0002 0.7071067811865475
57.5 0.0002 0.7071067811865475
58.5 0.0 inf
59.5 0.0 inf
60.5 0.0001 1.0
61.5 0.0001 1.0
62.5 0.0 inf
63.5 0.0 inf
64.5 0.0 inf
65.5 0.0 inf
66.5 0.0002 0.7071067811865475
67.5 0.0 inf
68.5 0.0 inf
69.5 0.0 inf
70.5 0.0 inf
71.5 0.0 inf
72.5 0.0 inf
73.5 0.0 inf
74.5 0.0 inf
75.5 0.0 inf
76.5 0.0 inf
77.5 0.0 inf
78.5 0.0 inf
79.5 0.0 inf
80.5 0.0 inf
81.5 0.0 inf
82.5 0.0 inf
83.5 0.0 inf
84.5 0.0 inf
85.5 0.0 inf
86.5 0.0 inf
87.5 0.0 inf
88.5 0.0 inf
89.5 0.0 inf
90.5 0.0 inf
91.5 0.0 inf
92.5 0.0 inf
93.5 0.0 inf
94.5 0.0 inf
95.5 0.0 inf
96.5 0.0 inf
97.5 0.0 inf
