0.5 40.1061 0.001579046007201245
1.5 21.1385 0.0021750183076139607
2.5 21.488100000000003 0.0021572525538028587
3.5 19.5792 0.0022599692429318857
4.5 17.2147 0.002410184397367654
5.5 15.3813 0.0025497845108806137
6.5 13.5944 0.002712189172114934
7.5 12.007 0.002885909744988087
8.5 10.6815 0.0030597354452923838
9.5 9.411999999999999 0.0032595604583502457
10.5 8.401900000000001 0.0034499376472529163
11.5 7.3192 0.0036963083443543893
12.5 6.5463000000000005 0.003908427388734515
13.5 5.7064 0.004186189600705493
14.5 5.0396 0.004454530802476498
15.5 4.324400000000001 0.004808803938567459
16.5 3.804 0.0051271939470598936
17.5 3.3392999999999997 0.005472330029452469
18.5 2.8664 0.005906518960387471
19.5 2.4732000000000003 0.00635872994763763
20.5 2.1041 0.006893929087079978
21.5 1.7704 0.007515611106407545
22.5 1.4853 0.008205270625262636
23.5 1.2576 0.00891720468758027
24.5 1.0645 0.009692307118798413
25.5 0.8714 0.010712509552549886
26.5 0.7283 0.01171776664714886
27.5 0.5798 0.013132907775647793
28.5 0.4973 0.014180474733371392
29.5 0.3993 0.015825241450517984
30.5 0.3369 0.017228580422595965
31.5 0.2603 0.019600308903302496
32.5 0.20879999999999999 0.021884405476620426
33.5 0.1673 0.024448489343954046
34.5 0.1254 0.02823912473624525
35.5 0.1005 0.031544014893825585
36.5 0.0775 0.03592106040535498
37.5 0.0704 0.037688918072220454
38.5 0.0503 0.04458779620677098
39.5 0.042499999999999996 0.0485071250072666
40.5 0.0282 0.05954913341754137
41.5 0.0221 0.06726727939963124
42.5 0.018099999999999998 0.07432941462471664
43.5 0.0112 0.0944911182523068
44.5 0.0092 0.10425720702853739
45.5 0.0066 0.12309149097933272
46.5 0.0053 0.13736056394868904
47.5 0.0038 0.16222142113076254
48.5 0.0029 0.18569533817705186
49.5 0.0023 0.20851441405707477
50.5 0.0018999999999999998 0.2294157338705618
51.5 0.0015 0.2581988897471611
52.5 0.0012 0.2886751345948129
53.5 0.0001 1.0
54.5 0.00039999999999999996 0.5000000000000001
55.5 0.0001 1.0
56.5 0.0003 0.5773502691896258
57.5 0.0 inf
58.5 0.0001 1.0
59.5 0.0001 1.0
60.5 0.0001 1.0
61.5 0.0 inf
62.5 0.0 inf
63.5 0.0 inf
64.5 0.0 inf
65.5 0.0 inf
66.5 0.0 inf
67.5 0.0 inf
68.5 0.0 inf
69.5 0.0 inf
70.5 0.0 inf
71.5 0.0 inf
72.5 0.0 inf
73.5 0.0 inf
74.5 0.0 inf
75.5 0.0 inf
76.5 0.0 inf
77.5 0.0 inf
78.5 0.0 inf
79.5 0.0 inf
80.5 0.0 inf
81.5 0.0 inf
82.5 0.0 inf
83.5 0.0 inf
84.5 0.0 inf
85.5 0.0 inf
86.5 0.0 inf
87.5 0.0 inf
88.5 0.0 inf
89.5 0.0 inf
90.5 0.0 inf
91.5 0.0 inf
92.5 0.0 inf
93.5 0.0 inf
94.5 0.0 inf
95.5 0.0 inf
96.5 0.0 inf
97.5 0.0 inf
