0.5 41.9263 0.0015443891121664276
1.5 21.9649 0.0021337099616399484
2.5 22.0734 0.0021284594628203685
3.5 20.177500000000002 0.002226210988124806
4.5 17.579 0.0023850798147519838
5.5 15.6694 0.0025262353990844607
6.5 13.7532 0.002696485695225822
7.5 12.1964 0.0028634141736834876
8.5 10.8452 0.0030365554583683127
9.5 9.433900000000001 0.0032557748632947177
10.5 8.515899999999998 0.0034267681641691923
11.5 7.3639 0.0036850726891902736
12.5 6.6178 0.0038872563440830884
13.5 5.7738 0.004161684298130394
14.5 5.0419 0.004453514658806036
15.5 4.3824000000000005 0.004776876271679271
16.5 3.8757 0.005079546302995053
17.5 3.3331 0.005477417288011777
18.5 2.8608000000000002 0.005912297123005026
19.5 2.4588 0.006377322764944841
20.5 2.1353999999999997 0.006843218087439838
21.5 1.7959 0.0074620632308218145
22.5 1.5073 0.008145169951456784
23.5 1.2445 0.008964014482632057
24.5 1.0643 0.00969321775037075
25.5 0.8719 0.010709437512811186
26.5 0.7232 0.011759010854794968
27.5 0.5793999999999999 0.013137440271995213
28.5 0.5019 0.014115341904011565
29.5 0.4084 0.015647938598110145
30.5 0.326 0.017514236102601468
31.5 0.2633 0.019488327551336875
32.5 0.1998 0.022371868507134143
33.5 0.16349999999999998 0.024730968341474903
34.5 0.1256 0.028216632399155017
35.5 0.1043 0.030964056111131625
36.5 0.0784 0.03571428571428571
37.5 0.0674 0.03851856078856727
38.5 0.0495 0.044946657497549475
39.5 0.0374 0.051708768999501914
40.5 0.031599999999999996 0.0562543950463012
41.5 0.0241 0.06441566264008308
42.5 0.019200000000000002 0.07216878364870322
43.5 0.0144 0.08333333333333333
44.5 0.009899999999999999 0.10050378152592121
45.5 0.006699999999999999 0.12216944435630522
46.5 0.0052 0.1386750490563073
47.5 0.0034000000000000002 0.17149858514250882
48.5 0.0021 0.2182178902359924
49.5 0.0021000000000000003 0.21821789023599233
50.5 0.0015 0.2581988897471611
51.5 0.0015999999999999999 0.25000000000000006
52.5 0.0007 0.3779644730092272
53.5 0.0014 0.2672612419124244
54.5 0.0009 0.3333333333333333
55.5 0.0003 0.5773502691896258
56.5 0.00039999999999999996 0.5000000000000001
57.5 0.0002 0.7071067811865475
58.5 0.0001 1.0
59.5 0.0 inf
60.5 0.0002 0.7071067811865475
61.5 0.0001 1.0
62.5 0.0 inf
63.5 0.0 inf
64.5 0.0 inf
65.5 0.0 inf
66.5 0.0 inf
67.5 0.0001 1.0
68.5 0.0 inf
69.5 0.0 inf
70.5 0.0 inf
71.5 0.0 inf
72.5 0.0 inf
73.5 0.0 inf
74.5 0.0 inf
75.5 0.0 inf
76.5 0.0 inf
77.5 0.0 inf
78.5 0.0 inf
79.5 0.0 inf
80.5 0.0 inf
81.5 0.0 inf
82.5 0.0 inf
83.5 0.0 inf
84.5 0.0 inf
85.5 0.0 inf
86.5 0.0 inf
87.5 0.0 inf
88.5 0.0 inf
89.5 0.0 inf
90.5 0.0 inf
91.5 0.0 inf
92.5 0.0 inf
93.5 0.0 inf
94.5 0.0 inf
95.5 0.0 inf
96.5 0.0 inf
97.5 0.0 inf
