0.5 38.483599999999996 0.001611989297406684
1.5 20.3457 0.0022169897323983086
2.5 20.5779 0.0022044460454933657
3.5 18.9092 0.0022996588938976425
4.5 16.5991 0.002454470006108474
5.5 14.9942 0.0025824882268019617
6.5 13.1129 0.0027615354672349563
7.5 11.6218 0.0029333460575642735
8.5 10.430299999999999 0.0030963610808329733
9.5 9.1043 0.003314184791455448
10.5 8.182500000000001 0.003495883835108537
11.5 7.1558 0.0037382720451666946
12.5 6.409800000000001 0.003949824147868978
13.5 5.5832999999999995 0.004232086328263962
14.5 4.9135 0.004511329202947671
15.5 4.303 0.004820746859032862
16.5 3.7645999999999997 0.0051539545100169875
17.5 3.2918000000000003 0.005511670918447804
18.5 2.792 0.005984698731864018
19.5 2.3928000000000003 0.006464676542183051
20.5 2.0506 0.006983281088887215
21.5 1.7646000000000002 0.007527952369049562
22.5 1.5004 0.008163877364853404
23.5 1.2406000000000001 0.00897809324469817
24.5 1.0473 0.009771572266446595
25.5 0.8481000000000001 0.010858665836427587
26.5 0.7150000000000001 0.011826247919781652
27.5 0.5851 0.013073291681601871
28.5 0.49050000000000005 0.014278431229270644
29.5 0.4021 0.015770046120355822
30.5 0.32830000000000004 0.01745277776518646
31.5 0.2596 0.01962671679947149
32.5 0.2029 0.02220030681036019
33.5 0.1626 0.02479931753217214
34.5 0.1227 0.02854813347699592
35.5 0.1006 0.03152833305597158
36.5 0.0784 0.03571428571428571
37.5 0.06 0.040824829046386304
38.5 0.049600000000000005 0.04490132550669372
39.5 0.0375 0.051639777949432225
40.5 0.0298 0.057928444636349226
41.5 0.0208 0.06933752452815364
42.5 0.0187 0.07312724241271307
43.5 0.012 0.09128709291752768
44.5 0.0095 0.10259783520851541
45.5 0.0083 0.10976425998969035
46.5 0.005299999999999999 0.13736056394868904
47.5 0.0034999999999999996 0.16903085094570333
48.5 0.0026999999999999997 0.1924500897298753
49.5 0.0027 0.19245008972987526
50.5 0.0015 0.2581988897471611
51.5 0.0018 0.23570226039551587
52.5 0.0007999999999999999 0.3535533905932738
53.5 0.0009 0.3333333333333333
54.5 0.0002 0.7071067811865475
55.5 0.0001 1.0
56.5 0.0 inf
57.5 0.0001 1.0
58.5 0.0001 1.0
59.5 0.0001 1.0
60.5 0.0 inf
61.5 0.0002 0.7071067811865475
62.5 0.0001 1.0
63.5 0.0001 1.0
64.5 0.0 inf
65.5 0.0 inf
66.5 0.0 inf
67.5 0.0 inf
68.5 0.0 inf
69.5 0.0 inf
70.5 0.0 inf
71.5 0.0 inf
72.5 0.0 inf
73.5 0.0 inf
74.5 0.0 inf
75.5 0.0 inf
76.5 0.0 inf
77.5 0.0 inf
78.5 0.0 inf
79.5 0.0 inf
80.5 0.0 inf
81.5 0.0 inf
82.5 0.0 inf
83.5 0.0 inf
84.5 0.0 inf
85.5 0.0 inf
86.5 0.0 inf
87.5 0.0 inf
88.5 0.0 inf
89.5 0.0 inf
90.5 0.0 inf
91.5 0.0 inf
92.5 0.0 inf
93.5 0.0 inf
94.5 0.0 inf
95.5 0.0 inf
96.5 0.0 inf
97.5 0.0 inf
