0.5 74.6651 0.0011572872659627476
1.5 27.7865 0.001897068779679372
2.5 25.6527 0.0019743923465447857
3.5 22.1583 0.00212437793048885
4.5 18.8672 0.0023022170896367417
5.5 16.5689 0.002456705859067178
6.5 14.2987 0.0026445496362734714
7.5 12.517900000000001 0.0028264041433478057
8.5 11.1203 0.0029987602688902495
9.5 9.687899999999999 0.00321281098729364
10.5 8.592099999999999 0.003411538985154223
11.5 7.486 0.0036548965468762066
12.5 6.715999999999999 0.0038587323522485282
13.5 5.811299999999999 0.004148235005928719
14.5 5.1085 0.004424388971857892
15.5 4.4299 0.004751197007006814
16.5 3.8968 0.005065775528788081
17.5 3.3967 0.005425895239746805
18.5 2.8907 0.005881640674879878
19.5 2.4755000000000003 0.006355775296553421
20.5 2.1298 0.006852208805771246
21.5 1.8019 0.0074496292132454405
22.5 1.4971999999999999 0.008172597129544445
23.5 1.2793 0.008841252625458708
24.5 1.0505 0.009756677987400908
25.5 0.8863 0.010622081403206347
26.5 0.7173 0.011807272449596909
27.5 0.589 0.013029938101426072
28.5 0.49860000000000004 0.014161976288736246
29.5 0.4054 0.015705730024402176
30.5 0.31779999999999997 0.017738751654443555
31.5 0.2596 0.01962671679947149
32.5 0.2053 0.02207016221959901
33.5 0.1709 0.024189615691742994
34.5 0.1278 0.02797271194322297
35.5 0.1061 0.03070027799227584
36.5 0.0807 0.03520166719043815
37.5 0.0683 0.03826393658966905
38.5 0.0485 0.045407660918649985
39.5 0.0417 0.048970210687439175
40.5 0.0286 0.05913123959890826
41.5 0.0238 0.06482037235521643
42.5 0.017599999999999998 0.07537783614444092
43.5 0.0129 0.08804509063256238
44.5 0.0098 0.10101525445522107
45.5 0.008 0.11180339887498948
46.5 0.0062 0.1270001270001905
47.5 0.0044 0.15075567228888181
48.5 0.004 0.15811388300841897
49.5 0.0022 0.21320071635561041
50.5 0.0013 0.2773500981126146
51.5 0.0012000000000000001 0.28867513459481287
52.5 0.0007 0.3779644730092272
53.5 0.001 0.31622776601683794
54.5 0.0005 0.4472135954999579
55.5 0.0007 0.3779644730092272
56.5 0.0001 1.0
57.5 0.00030000000000000003 0.5773502691896257
58.5 0.0 inf
59.5 0.0 inf
60.5 0.0 inf
61.5 0.0002 0.7071067811865475
62.5 0.0 inf
63.5 0.0002 0.7071067811865475
64.5 0.0 inf
65.5 0.0 inf
66.5 0.0 inf
67.5 0.0 inf
68.5 0.0 inf
69.5 0.0 inf
70.5 0.0 inf
71.5 0.0 inf
72.5 0.0 inf
73.5 0.0 inf
74.5 0.0 inf
75.5 0.0 inf
76.5 0.0 inf
77.5 0.0 inf
78.5 0.0 inf
79.5 0.0 inf
80.5 0.0 inf
81.5 0.0 inf
82.5 0.0 inf
83.5 0.0 inf
84.5 0.0 inf
85.5 0.0 inf
86.5 0.0 inf
87.5 0.0 inf
88.5 0.0 inf
89.5 0.0 inf
90.5 0.0 inf
91.5 0.0 inf
92.5 0.0 inf
93.5 0.0 inf
94.5 0.0 inf
95.5 0.0 inf
96.5 0.0 inf
97.5 0.0 inf
