0.5 39.2411 0.0015963547671889497
1.5 20.7331 0.002196179729860154
2.5 21.0259 0.002180834468843402
3.5 19.314999999999998 0.0022753732273720667
4.5 16.9236 0.0024308246070228958
5.5 15.231100000000001 0.0025623258928680445
6.5 13.322700000000001 0.002739705462974811
7.5 11.8473 0.0029052954707545595
8.5 10.5749 0.0030751185663650126
9.5 9.2584 0.00328648784160485
10.5 8.338799999999999 0.0034629659485254285
11.5 7.270300000000001 0.0037087181875428265
12.5 6.487299999999999 0.003926160134557149
13.5 5.7077 0.004185712845060511
14.5 4.9592 0.0044904947019423465
15.5 4.3642 0.004786826399559017
16.5 3.8308999999999997 0.005109161045263873
17.5 3.3309 0.005479225857607901
18.5 2.8526 0.005920788682634503
19.5 2.4265999999999996 0.006419495568153512
20.5 2.0892 0.006918468874269445
21.5 1.7685 0.007519647246582359
22.5 1.49 0.008192319205190405
23.5 1.2604 0.008907294319699261
24.5 1.0342 0.009833264773865166
25.5 0.8721 0.010708209436720593
26.5 0.7261 0.011735504967785531
27.5 0.5866 0.013056566068098609
28.5 0.49 0.014285714285714285
29.5 0.4103 0.015611665648287395
30.5 0.32489999999999997 0.01754385964912281
31.5 0.2635 0.019480930197663147
32.5 0.2019 0.02225521737361166
33.5 0.1644 0.0246631811833495
34.5 0.12440000000000001 0.028352398856187136
35.5 0.10120000000000001 0.03143473067309657
36.5 0.0811 0.03511474936103118
37.5 0.062299999999999994 0.0400641540107502
38.5 0.0493 0.0450377349111045
39.5 0.0358 0.05285164225816899
40.5 0.0284 0.05933908290969266
41.5 0.0243 0.06415002990995841
42.5 0.0188 0.07293249574894728
43.5 0.012 0.09128709291752768
44.5 0.0104 0.09805806756909202
45.5 0.008799999999999999 0.10660035817780524
46.5 0.006 0.12909944487358055
47.5 0.0034000000000000002 0.17149858514250882
48.5 0.0027 0.19245008972987526
49.5 0.0022 0.21320071635561041
50.5 0.0021 0.2182178902359924
51.5 0.0007999999999999999 0.3535533905932738
52.5 0.0008 0.35355339059327373
53.5 0.0004 0.5
54.5 0.0002 0.7071067811865475
55.5 0.0001 1.0
56.5 0.00039999999999999996 0.5000000000000001
57.5 0.0002 0.7071067811865475
58.5 0.0 inf
59.5 0.0 inf
60.5 0.0 inf
61.5 0.0 inf
62.5 0.0 inf
63.5 0.0 inf
64.5 0.0 inf
65.5 0.0 inf
66.5 0.0 inf
67.5 0.0 inf
68.5 0.0 inf
69.5 0.0 inf
70.5 0.0 inf
71.5 0.0 inf
72.5 0.0 inf
73.5 0.0 inf
74.5 0.0 inf
75.5 0.0 inf
76.5 0.0 inf
77.5 0.0 inf
78.5 0.0 inf
79.5 0.0 inf
80.5 0.0 inf
81.5 0.0 inf
82.5 0.0 inf
83.5 0.0 inf
84.5 0.0 inf
85.5 0.0 inf
86.5 0.0 inf
87.5 0.0 inf
88.5 0.0 inf
89.5 0.0 inf
90.5 0.0 inf
91.5 0.0 inf
92.5 0.0 inf
93.5 0.0 inf
94.5 0.0 inf
95.5 0.0 inf
96.5 0.0 inf
97.5 0.0 inf
