0.5 79.9589 0.0011183212944379686
1.5 28.1921 0.001883372767125054
2.5 25.9497 0.001963061154829456
3.5 22.2358 0.002120672577018593
4.5 18.9738 0.002295740737574177
5.5 16.5456 0.0024584350531880322
6.5 14.2836 0.0026459471183964915
7.5 12.5748 0.0028200022627707234
8.5 11.1567 0.0029938643744113736
9.5 9.6141 0.0032251185444342953
10.5 8.6101 0.0034079710922395564
11.5 7.5115 0.003648687461134958
12.5 6.7194 0.00385775597414554
13.5 5.8288 0.004142003132946082
14.5 5.1068999999999996 0.004425082001677796
15.5 4.4642 0.004732909262626708
16.5 3.9005 0.00506337227067516
17.5 3.363 0.005453013418055771
18.5 2.8981000000000003 0.005874126793349661
19.5 2.4741 0.006357573289156458
20.5 2.13 0.006851887098275316
21.5 1.8153000000000001 0.007422082820322465
22.5 1.4980000000000002 0.008170414569182504
23.5 1.2493 0.008946777358471438
24.5 1.0663999999999998 0.00968366889979414
25.5 0.8734 0.01070023722688901
26.5 0.7332000000000001 0.011678545896676292
27.5 0.5902000000000001 0.013016685067210312
28.5 0.5061 0.014056649999472367
29.5 0.4054 0.015705730024402176
30.5 0.32030000000000003 0.017669388943903866
31.5 0.2713 0.019198845032223247
32.5 0.2071 0.021974042014452445
33.5 0.16499999999999998 0.02461829819586655
34.5 0.12519999999999998 0.028261670947211076
35.5 0.101 0.03146583877637763
36.5 0.0835 0.03460642701029914
37.5 0.0684 0.038235955645093626
38.5 0.0495 0.044946657497549475
39.5 0.038 0.051298917604257706
40.5 0.028499999999999998 0.05923488777590923
41.5 0.020999999999999998 0.06900655593423542
42.5 0.0176 0.07537783614444091
43.5 0.0127 0.08873565094161139
44.5 0.0076 0.11470786693528087
45.5 0.0089 0.105999788000636
46.5 0.0055 0.13483997249264842
47.5 0.0047 0.14586499149789456
48.5 0.0031999999999999997 0.1767766952966369
49.5 0.002 0.22360679774997896
50.5 0.0014 0.2672612419124244
51.5 0.0012000000000000001 0.28867513459481287
52.5 0.001 0.31622776601683794
53.5 0.0005 0.4472135954999579
54.5 0.0011 0.30151134457776363
55.5 0.0004 0.5
56.5 0.00030000000000000003 0.5773502691896257
57.5 0.0001 1.0
58.5 0.0002 0.7071067811865475
59.5 0.0003 0.5773502691896258
60.5 0.0 inf
61.5 0.0 inf
62.5 0.0 inf
63.5 0.0 inf
64.5 0.0 inf
65.5 0.0 inf
66.5 0.0001 1.0
67.5 0.0 inf
68.5 0.0 inf
69.5 0.0 inf
70.5 0.0 inf
71.5 0.0 inf
72.5 0.0 inf
73.5 0.0 inf
74.5 0.0 inf
75.5 0.0 inf
76.5 0.0 inf
77.5 0.0 inf
78.5 0.0 inf
79.5 0.0 inf
80.5 0.0 inf
81.5 0.0 inf
82.5 0.0 inf
83.5 0.0 inf
84.5 0.0 inf
85.5 0.0 inf
86.5 0.0 inf
87.5 0.0 inf
88.5 0.0 inf
89.5 0.0 inf
90.5 0.0 inf
91.5 0.0 inf
92.5 0.0 inf
93.5 0.0 inf
94.5 0.0 inf
95.5 0.0 inf
96.5 0.0 inf
97.5 0.0 inf
