0.5 38.597 0.0016096195011451372
1.5 20.3834 0.0022149385732404656
2.5 20.5895 0.0022038249722069747
3.5 18.9195 0.002299032827899969
4.5 16.6916 0.0024476595776450564
5.5 14.950800000000001 0.002586233804593952
6.5 13.2225 0.0027500666039821076
7.5 11.653400000000001 0.002929366246559816
8.5 10.4435 0.0030944036484872412
9.5 9.1149 0.0033122571467046214
10.5 8.158000000000001 0.0035011292963264703
11.5 7.212 0.0037236781892094587
12.5 6.439299999999999 0.003940766209092295
13.5 5.6205 0.004218057774247205
14.5 4.928699999999999 0.00450436741237925
15.5 4.2861 0.0048302415594167055
16.5 3.7854 0.0051397750410813
17.5 3.2909 0.005512424536716601
18.5 2.7907 0.005986092504484633
19.5 2.4236 0.006423467455163847
20.5 2.0671 0.006955354284253696
21.5 1.7610000000000001 0.007535643110747818
22.5 1.4861 0.00820306179000483
23.5 1.2485 0.008949643307886973
24.5 1.0556 0.009733080363047611
25.5 0.8649 0.010752688172043012
26.5 0.7176 0.01180480411624714
27.5 0.5761000000000001 0.01317501330265296
28.5 0.4951 0.014211945612807335
29.5 0.3947 0.015917191334679576
30.5 0.31889999999999996 0.017708131581681406
31.5 0.2548 0.01981072129375818
32.5 0.202 0.022249707974499235
33.5 0.16620000000000001 0.024529262467676904
34.5 0.1371 0.027007306464731755
35.5 0.1054 0.030802055181684874
36.5 0.0747 0.036588086663230115
37.5 0.062200000000000005 0.04009634698823127
38.5 0.0485 0.045407660918649985
39.5 0.0388 0.05076730825668096
40.5 0.0298 0.057928444636349226
41.5 0.0224 0.0668153104781061
42.5 0.0172 0.07624928516630233
43.5 0.0112 0.0944911182523068
44.5 0.0098 0.10101525445522107
45.5 0.0073 0.11704114719613057
46.5 0.0062 0.1270001270001905
47.5 0.004399999999999999 0.15075567228888184
48.5 0.0033 0.17407765595569785
49.5 0.0021999999999999997 0.21320071635561047
50.5 0.0016 0.25
51.5 0.0014 0.2672612419124244
52.5 0.00039999999999999996 0.5000000000000001
53.5 0.0006 0.4082482904638631
54.5 0.0003 0.5773502691896258
55.5 0.0002 0.7071067811865475
56.5 0.0001 1.0
57.5 0.0003 0.5773502691896258
58.5 0.0001 1.0
59.5 0.0 inf
60.5 0.0 inf
61.5 0.0 inf
62.5 0.0 inf
63.5 0.0 inf
64.5 0.0 inf
65.5 0.0 inf
66.5 0.0 inf
67.5 0.0 inf
68.5 0.0 inf
69.5 0.0 inf
70.5 0.0 inf
71.5 0.0 inf
72.5 0.0 inf
73.5 0.0 inf
74.5 0.0001 1.0
75.5 0.0 inf
76.5 0.0 inf
77.5 0.0 inf
78.5 0.0 inf
79.5 0.0 inf
80.5 0.0 inf
81.5 0.0 inf
82.5 0.0 inf
83.5 0.0 inf
84.5 0.0 inf
85.5 0.0 inf
86.5 0.0 inf
87.5 0.0 inf
88.5 0.0 inf
89.5 0.0 inf
90.5 0.0 inf
91.5 0.0 inf
92.5 0.0 inf
93.5 0.0 inf
94.5 0.0 inf
95.5 0.0 inf
96.5 0.0 inf
97.5 0.0 inf
