0.5 48.1649 0.0014409027443865491
1.5 23.9119 0.002044998327217615
2.5 23.445999999999998 0.002065216659304244
3.5 21.0512 0.0021795235768317565
4.5 18.2002 0.0023440232754790933
5.5 16.1112 0.0024913575229112707
6.5 14.0421 0.002668602995869927
7.5 12.3842 0.0028416201353205902
8.5 11.0405 0.003009578176236142
9.5 9.5671 0.0032330308094448367
10.5 8.542200000000001 0.0034214888755268696
11.5 7.5065 0.0036499024348495405
12.5 6.6419 0.0038801975194976894
13.5 5.7829999999999995 0.004158372631584273
14.5 5.071400000000001 0.00444054286645793
15.5 4.3956 0.004769698391934521
16.5 3.8742 0.005080529548838256
17.5 3.3366 0.005474543705533082
18.5 2.8609999999999998 0.005912090467973488
19.5 2.4623999999999997 0.006372659274182272
20.5 2.1241000000000003 0.006861396561204897
21.5 1.7828 0.0074894286427976305
22.5 1.5354 0.00807029168740265
23.5 1.2875 0.008813052984784634
24.5 1.0723 0.00965699145247028
25.5 0.871 0.010714969088698139
26.5 0.7286 0.0117153540120084
27.5 0.5800000000000001 0.013130643285972255
28.5 0.5135000000000001 0.0139549979180889
29.5 0.4093 0.01563072519103182
30.5 0.3234 0.017584498711333246
31.5 0.2692 0.019273583612292495
32.5 0.2118 0.02172886402078159
33.5 0.1629 0.024776471541572212
34.5 0.1279 0.0279617744210284
35.5 0.10020000000000001 0.03159120118032817
36.5 0.0786 0.03566881875032108
37.5 0.0649 0.03925343359894298
38.5 0.0492 0.045083481733371615
39.5 0.0374 0.051708768999501914
40.5 0.0298 0.057928444636349226
41.5 0.0203 0.07018624063435965
42.5 0.019200000000000002 0.07216878364870322
43.5 0.0127 0.08873565094161139
44.5 0.0108 0.09622504486493763
45.5 0.0063 0.1259881576697424
46.5 0.0054 0.13608276348795434
47.5 0.0046 0.14744195615489714
48.5 0.0037 0.1643989873053573
49.5 0.002 0.22360679774997896
50.5 0.0016 0.25
51.5 0.0015999999999999999 0.25000000000000006
52.5 0.0008 0.35355339059327373
53.5 0.00030000000000000003 0.5773502691896257
54.5 0.0007999999999999999 0.3535533905932738
55.5 0.0005 0.4472135954999579
56.5 0.0 inf
57.5 0.0002 0.7071067811865475
58.5 0.00039999999999999996 0.5000000000000001
59.5 0.0001 1.0
60.5 0.0001 1.0
61.5 0.0 inf
62.5 0.0001 1.0
63.5 0.0 inf
64.5 0.0 inf
65.5 0.0 inf
66.5 0.0 inf
67.5 0.0 inf
68.5 0.0 inf
69.5 0.0 inf
70.5 0.0 inf
71.5 0.0 inf
72.5 0.0 inf
73.5 0.0 inf
74.5 0.0 inf
75.5 0.0 inf
76.5 0.0 inf
77.5 0.0 inf
78.5 0.0 inf
79.5 0.0 inf
80.5 0.0 inf
81.5 0.0 inf
82.5 0.0 inf
83.5 0.0 inf
84.5 0.0 inf
85.5 0.0 inf
86.5 0.0 inf
87.5 0.0 inf
88.5 0.0 inf
89.5 0.0 inf
90.5 0.0 inf
91.5 0.0 inf
92.5 0.0 inf
93.5 0.0 inf
94.5 0.0 inf
95.5 0.0 inf
96.5 0.0 inf
97.5 0.0 inf
