0.5 89.6751 0.0010560003573843735
1.5 28.907400000000003 0.0018599252228376159
2.5 26.137999999999998 0.001955977358050109
3.5 22.406100000000002 0.002112598003548972
4.5 19.0482 0.002291252906137527
5.5 16.5666 0.0024568763897545964
6.5 14.380500000000001 0.0026370174689207514
7.5 12.5651 0.0028210905447899415
8.5 11.174900000000001 0.002991425402460697
9.5 9.6734 0.003215218016615689
10.5 8.6043 0.003409119523979732
11.5 7.5285 0.0036445656080173654
12.5 6.6708 0.0038717832793723483
13.5 5.833600000000001 0.004140298721736294
14.5 5.0966000000000005 0.0044295511909323605
15.5 4.4266000000000005 0.004752967669487536
16.5 3.8908000000000005 0.00506967998857857
17.5 3.3735 0.005444520567440094
18.5 2.8939 0.005878387892121047
19.5 2.4716 0.006360787789098505
20.5 2.1277 0.0068555894726104105
21.5 1.7945 0.007464973470931106
22.5 1.5218 0.008106272709944799
23.5 1.2823 0.008830904310150722
24.5 1.0554999999999999 0.009733541417042947
25.5 0.8864000000000001 0.010621482216552184
26.5 0.7242 0.011750889429104272
27.5 0.5909 0.013008972781166096
28.5 0.5098 0.014005547295310977
29.5 0.41659999999999997 0.015493172888242845
30.5 0.316 0.0177892016741205
31.5 0.2651 0.019422053054479065
32.5 0.2121 0.021713491635397368
33.5 0.1643 0.02467068557457242
34.5 0.12340000000000001 0.028467047115478598
35.5 0.0973 0.03205852818187507
36.5 0.0761 0.03624997167972069
37.5 0.0616 0.040291148201269014
38.5 0.049199999999999994 0.04508348173337162
39.5 0.0402 0.049875466805381644
40.5 0.029199999999999997 0.058520573598065284
41.5 0.0223 0.06696495301824251
42.5 0.016300000000000002 0.07832604499879572
43.5 0.0137 0.0854357657716761
44.5 0.0109 0.09578262852211514
45.5 0.0077 0.11396057645963795
46.5 0.004999999999999999 0.14142135623730953
47.5 0.0036 0.16666666666666666
48.5 0.0027 0.19245008972987526
49.5 0.0028 0.1889822365046136
50.5 0.0017 0.24253562503633297
51.5 0.0011 0.30151134457776363
52.5 0.0008 0.35355339059327373
53.5 0.001 0.31622776601683794
54.5 0.00039999999999999996 0.5000000000000001
55.5 0.00039999999999999996 0.5000000000000001
56.5 0.0004 0.5
57.5 0.0001 1.0
58.5 0.0 inf
59.5 0.0 inf
60.5 0.0001 1.0
61.5 0.0 inf
62.5 0.0 inf
63.5 0.0001 1.0
64.5 0.0 inf
65.5 0.0 inf
66.5 0.0 inf
67.5 0.0 inf
68.5 0.0 inf
69.5 0.0 inf
70.5 0.0 inf
71.5 0.0 inf
72.5 0.0 inf
73.5 0.0 inf
74.5 0.0 inf
75.5 0.0 inf
76.5 0.0 inf
77.5 0.0 inf
78.5 0.0 inf
79.5 0.0 inf
80.5 0.0 inf
81.5 0.0 inf
82.5 0.0 inf
83.5 0.0 inf
84.5 0.0 inf
85.5 0.0 inf
86.5 0.0 inf
87.5 0.0 inf
88.5 0.0 inf
89.5 0.0 inf
90.5 0.0 inf
91.5 0.0 inf
92.5 0.0 inf
93.5 0.0 inf
94.5 0.0 inf
95.5 0.0 inf
96.5 0.0 inf
97.5 0.0 inf
