0.5 38.418800000000005 0.0016133481750575409
1.5 20.3613 0.0022161402859784568
2.5 20.503700000000002 0.0022084312330360716
3.5 18.9137 0.0022993853070101045
4.5 16.6087 0.0024537605490785853
5.5 14.9541 0.00258594842993251
6.5 13.1049 0.002762378240287784
7.5 11.5892 0.0029374688584053797
8.5 10.4291 0.0030965392134820265
9.5 9.1403 0.003307651725598936
10.5 8.1692 0.0034987284432743166
11.5 7.1166 0.0037485535716675618
12.5 6.3481 0.003968972778415289
13.5 5.6109 0.004221664686583262
14.5 4.9361 0.004500989763948487
15.5 4.2862 0.004830185212655787
16.5 3.7664 0.00515272279979108
17.5 3.2873 0.005515442104051076
18.5 2.8041 0.0059717724554874925
19.5 2.3994 0.006455779266529425
20.5 2.0449 0.006993006993006993
21.5 1.7494 0.007560585671698776
22.5 1.4585 0.008280313564851224
23.5 1.2608000000000001 0.008905881248488704
24.5 1.0486 0.009765513243209475
25.5 0.8469 0.010866356110646807
26.5 0.7003999999999999 0.011948872617308783
27.5 0.5861000000000001 0.013062134137808021
28.5 0.491 0.014271159300492749
29.5 0.3887 0.01603957031208267
30.5 0.31920000000000004 0.017699808135119715
31.5 0.2606 0.019589023819033338
32.5 0.2051 0.022080920281275968
33.5 0.16799999999999998 0.024397501823713332
34.5 0.1217 0.028665182485640765
35.5 0.1097 0.03019233393195842
36.5 0.0774 0.03594425773447947
37.5 0.0619 0.04019339355290704
38.5 0.0451 0.04708816093480111
39.5 0.0378 0.05143444998736397
40.5 0.0283 0.0594438298277764
41.5 0.0219 0.06757373783994859
42.5 0.0187 0.07312724241271307
43.5 0.012199999999999999 0.09053574604251854
44.5 0.0116 0.09284766908852593
45.5 0.0063999999999999994 0.12500000000000003
46.5 0.0054 0.13608276348795434
47.5 0.005 0.1414213562373095
48.5 0.0031 0.1796053020267749
49.5 0.0027 0.19245008972987526
50.5 0.0021 0.2182178902359924
51.5 0.0009000000000000001 0.3333333333333333
52.5 0.0009 0.3333333333333333
53.5 0.0005 0.4472135954999579
54.5 0.0007999999999999999 0.3535533905932738
55.5 0.0004 0.5
56.5 0.0001 1.0
57.5 0.0 inf
58.5 0.0001 1.0
59.5 0.0001 1.0
60.5 0.0 inf
61.5 0.0 inf
62.5 0.0 inf
63.5 0.0 inf
64.5 0.0 inf
65.5 0.0 inf
66.5 0.0 inf
67.5 0.0 inf
68.5 0.0 inf
69.5 0.0 inf
70.5 0.0 inf
71.5 0.0 inf
72.5 0.0 inf
73.5 0.0 inf
74.5 0.0 inf
75.5 0.0 inf
76.5 0.0 inf
77.5 0.0 inf
78.5 0.0 inf
79.5 0.0 inf
80.5 0.0 inf
81.5 0.0 inf
82.5 0.0 inf
83.5 0.0 inf
84.5 0.0 inf
85.5 0.0 inf
86.5 0.0 inf
87.5 0.0 inf
88.5 0.0 inf
89.5 0.0 inf
90.5 0.0 inf
91.5 0.0 inf
92.5 0.0 inf
93.5 0.0 inf
94.5 0.0 inf
95.5 0.0 inf
96.5 0.0 inf
97.5 0.0 inf
