0.5 407648.0 0.0015662365049336968
1.5 49696.0 0.004485793558626134
2.5 27366.0 0.006044972627972539
3.5 14894.0 0.008193969163759422
4.5 8339.0 0.010950728535138371
5.5 5377.0 0.013637349844016112
6.5 3500.0 0.016903085094570332
7.5 2361.0 0.020580314465491474
8.5 1688.0 0.024339619175561773
9.5 1238.0 0.028421021140160225
10.5 890.0 0.033520076157699544
11.5 705.0 0.03766217885773547
12.5 467.0 0.046274481338274755
13.5 395.0 0.05031546054266276
14.5 272.0 0.06063390625908324
15.5 195.0 0.0716114874039433
16.5 191.0 0.07235746052924216
17.5 115.0 0.09325048082403138
18.5 101.0 0.09950371902099892
19.5 78.0 0.11322770341445956
20.5 40.0 0.15811388300841897
21.5 54.0 0.13608276348795434
22.5 37.0 0.1643989873053573
23.5 31.0 0.1796053020267749
24.5 20.0 0.22360679774997896
25.5 9.0 0.3333333333333333
26.5 11.0 0.30151134457776363
27.5 7.0 0.3779644730092272
28.5 5.0 0.4472135954999579
29.5 1.0 1.0
30.5 1.0 1.0
31.5 2.0 0.7071067811865475
32.5 2.0 0.7071067811865475
33.5 0.0 inf
34.5 0.0 inf
35.5 1.0 1.0
36.5 0.0 inf
37.5 0.0 inf
38.5 0.0 inf
39.5 0.0 inf
40.5 0.0 inf
41.5 0.0 inf
42.5 0.0 inf
43.5 0.0 inf
44.5 0.0 inf
45.5 0.0 inf
46.5 0.0 inf
47.5 0.0 inf
48.5 0.0 inf
49.5 0.0 inf
50.5 0.0 inf
51.5 0.0 inf
52.5 0.0 inf
53.5 0.0 inf
54.5 0.0 inf
55.5 0.0 inf
56.5 0.0 inf
57.5 0.0 inf
58.5 0.0 inf
59.5 0.0 inf
60.5 0.0 inf
61.5 0.0 inf
62.5 0.0 inf
63.5 0.0 inf
64.5 0.0 inf
65.5 0.0 inf
66.5 0.0 inf
67.5 0.0 inf
68.5 0.0 inf
69.5 0.0 inf
70.5 0.0 inf
71.5 0.0 inf
72.5 0.0 inf
73.5 0.0 inf
74.5 0.0 inf
75.5 0.0 inf
76.5 0.0 inf
77.5 0.0 inf
78.5 0.0 inf
79.5 0.0 inf
80.5 0.0 inf
81.5 0.0 inf
82.5 0.0 inf
83.5 0.0 inf
84.5 0.0 inf
85.5 0.0 inf
86.5 0.0 inf
87.5 0.0 inf
88.5 0.0 inf
89.5 0.0 inf
90.5 0.0 inf
91.5 0.0 inf
92.5 0.0 inf
93.5 0.0 inf
94.5 0.0 inf
95.5 0.0 inf
96.5 0.0 inf
97.5 0.0 inf
