0.5 208818.0 0.0021883462244265328
1.5 36027.0 0.0052684874544535526
2.5 21637.0 0.00679831803225341
3.5 12216.0 0.009047643667091093
4.5 7250.0 0.01174440439029407
5.5 4637.0 0.01468525364350504
6.5 3181.0 0.017730384976049764
7.5 2114.0 0.021749411414517784
8.5 1559.0 0.02532660297934526
9.5 1106.0 0.030069238966213184
10.5 818.0 0.034964180063753285
11.5 638.0 0.03959037912324479
12.5 493.0 0.04503773491110449
13.5 340.0 0.05423261445466404
14.5 258.0 0.062257280636469035
15.5 201.0 0.07053456158585983
16.5 171.0 0.07647191129018725
17.5 120.0 0.09128709291752768
18.5 106.0 0.09712858623572641
19.5 78.0 0.11322770341445956
20.5 56.0 0.1336306209562122
21.5 49.0 0.14285714285714285
22.5 30.0 0.18257418583505536
23.5 26.0 0.19611613513818404
24.5 14.0 0.2672612419124244
25.5 6.0 0.4082482904638631
26.5 9.0 0.3333333333333333
27.5 5.0 0.4472135954999579
28.5 4.0 0.5
29.5 2.0 0.7071067811865475
30.5 1.0 1.0
31.5 0.0 inf
32.5 2.0 0.7071067811865475
33.5 0.0 inf
34.5 1.0 1.0
35.5 0.0 inf
36.5 0.0 inf
37.5 0.0 inf
38.5 0.0 inf
39.5 0.0 inf
40.5 0.0 inf
41.5 0.0 inf
42.5 0.0 inf
43.5 0.0 inf
44.5 0.0 inf
45.5 0.0 inf
46.5 0.0 inf
47.5 0.0 inf
48.5 0.0 inf
49.5 0.0 inf
50.5 0.0 inf
51.5 0.0 inf
52.5 0.0 inf
53.5 0.0 inf
54.5 0.0 inf
55.5 0.0 inf
56.5 0.0 inf
57.5 0.0 inf
58.5 0.0 inf
59.5 0.0 inf
60.5 0.0 inf
61.5 0.0 inf
62.5 0.0 inf
63.5 0.0 inf
64.5 0.0 inf
65.5 0.0 inf
66.5 0.0 inf
67.5 0.0 inf
68.5 0.0 inf
69.5 0.0 inf
70.5 0.0 inf
71.5 0.0 inf
72.5 0.0 inf
73.5 0.0 inf
74.5 0.0 inf
75.5 0.0 inf
76.5 0.0 inf
77.5 0.0 inf
78.5 0.0 inf
79.5 0.0 inf
80.5 0.0 inf
81.5 0.0 inf
82.5 0.0 inf
83.5 0.0 inf
84.5 0.0 inf
85.5 0.0 inf
86.5 0.0 inf
87.5 0.0 inf
88.5 0.0 inf
89.5 0.0 inf
90.5 0.0 inf
91.5 0.0 inf
92.5 0.0 inf
93.5 0.0 inf
94.5 0.0 inf
95.5 0.0 inf
96.5 0.0 inf
97.5 0.0 inf
