0.5 14602.0 0.00827549209090703
1.5 5630.0 0.013327411355100583
2.5 4490.0 0.01492371097349751
3.5 3268.0 0.01749278571353299
4.5 2424.0 0.02031111159255969
5.5 1760.0 0.02383656473113981
6.5 1304.0 0.027692438781085564
7.5 963.0 0.03222454963485545
8.5 750.0 0.03651483716701107
9.5 567.0 0.0419960525565808
10.5 464.0 0.046423834544262965
11.5 338.0 0.05439282932204212
12.5 278.0 0.05997601439040672
13.5 219.0 0.06757373783994859
14.5 167.0 0.07738232325341368
15.5 123.0 0.09016696346674323
16.5 93.0 0.10369516947304253
17.5 81.0 0.1111111111111111
18.5 73.0 0.11704114719613057
19.5 42.0 0.1543033499620919
20.5 41.0 0.15617376188860607
21.5 25.0 0.2
22.5 12.0 0.2886751345948129
23.5 12.0 0.2886751345948129
24.5 12.0 0.2886751345948129
25.5 6.0 0.4082482904638631
26.5 4.0 0.5
27.5 6.0 0.4082482904638631
28.5 1.0 1.0
29.5 6.0 0.4082482904638631
30.5 0.0 inf
31.5 1.0 1.0
32.5 0.0 inf
33.5 1.0 1.0
34.5 0.0 inf
35.5 0.0 inf
36.5 0.0 inf
37.5 0.0 inf
38.5 0.0 inf
39.5 0.0 inf
40.5 0.0 inf
41.5 0.0 inf
42.5 0.0 inf
43.5 0.0 inf
44.5 0.0 inf
45.5 0.0 inf
46.5 0.0 inf
47.5 0.0 inf
48.5 0.0 inf
49.5 0.0 inf
50.5 0.0 inf
51.5 0.0 inf
52.5 0.0 inf
53.5 0.0 inf
54.5 0.0 inf
55.5 0.0 inf
56.5 0.0 inf
57.5 0.0 inf
58.5 0.0 inf
59.5 0.0 inf
60.5 0.0 inf
61.5 0.0 inf
62.5 0.0 inf
63.5 0.0 inf
64.5 0.0 inf
65.5 0.0 inf
66.5 0.0 inf
67.5 0.0 inf
68.5 0.0 inf
69.5 0.0 inf
70.5 0.0 inf
71.5 0.0 inf
72.5 0.0 inf
73.5 0.0 inf
74.5 0.0 inf
75.5 0.0 inf
76.5 0.0 inf
77.5 0.0 inf
78.5 0.0 inf
79.5 0.0 inf
80.5 0.0 inf
81.5 0.0 inf
82.5 0.0 inf
83.5 0.0 inf
84.5 0.0 inf
85.5 0.0 inf
86.5 0.0 inf
87.5 0.0 inf
88.5 0.0 inf
89.5 0.0 inf
90.5 0.0 inf
91.5 0.0 inf
92.5 0.0 inf
93.5 0.0 inf
94.5 0.0 inf
95.5 0.0 inf
96.5 0.0 inf
97.5 0.0 inf
