0.5 62953.0 0.0039855823273013905
1.5 17300.0 0.007602859212697054
2.5 11813.0 0.00920067940325163
3.5 7515.0 0.011535475670099712
4.5 4962.0 0.014196184010766886
5.5 3337.0 0.017310989648230364
6.5 2319.0 0.020765845843612775
7.5 1629.0 0.024776471541572212
8.5 1203.0 0.0288314965852446
9.5 878.0 0.03374836535314135
10.5 696.0 0.03790490217894517
11.5 516.0 0.04402254531628119
12.5 414.0 0.04914731871829905
13.5 324.0 0.05555555555555555
14.5 223.0 0.06696495301824251
15.5 178.0 0.07495316889958614
16.5 147.0 0.08247860988423225
17.5 93.0 0.10369516947304253
18.5 74.0 0.11624763874381928
19.5 59.0 0.13018891098082389
20.5 38.0 0.16222142113076254
21.5 46.0 0.14744195615489714
22.5 39.0 0.16012815380508713
23.5 29.0 0.18569533817705186
24.5 11.0 0.30151134457776363
25.5 7.0 0.3779644730092272
26.5 7.0 0.3779644730092272
27.5 3.0 0.5773502691896258
28.5 10.0 0.31622776601683794
29.5 1.0 1.0
30.5 2.0 0.7071067811865475
31.5 1.0 1.0
32.5 1.0 1.0
33.5 1.0 1.0
34.5 0.0 inf
35.5 0.0 inf
36.5 0.0 inf
37.5 0.0 inf
38.5 0.0 inf
39.5 0.0 inf
40.5 0.0 inf
41.5 0.0 inf
42.5 0.0 inf
43.5 0.0 inf
44.5 0.0 inf
45.5 0.0 inf
46.5 0.0 inf
47.5 0.0 inf
48.5 0.0 inf
49.5 0.0 inf
50.5 0.0 inf
51.5 0.0 inf
52.5 0.0 inf
53.5 0.0 inf
54.5 0.0 inf
55.5 0.0 inf
56.5 0.0 inf
57.5 0.0 inf
58.5 0.0 inf
59.5 0.0 inf
60.5 0.0 inf
61.5 0.0 inf
62.5 0.0 inf
63.5 0.0 inf
64.5 0.0 inf
65.5 0.0 inf
66.5 0.0 inf
67.5 0.0 inf
68.5 0.0 inf
69.5 0.0 inf
70.5 0.0 inf
71.5 0.0 inf
72.5 0.0 inf
73.5 0.0 inf
74.5 0.0 inf
75.5 0.0 inf
76.5 0.0 inf
77.5 0.0 inf
78.5 0.0 inf
79.5 0.0 inf
80.5 0.0 inf
81.5 0.0 inf
82.5 0.0 inf
83.5 0.0 inf
84.5 0.0 inf
85.5 0.0 inf
86.5 0.0 inf
87.5 0.0 inf
88.5 0.0 inf
89.5 0.0 inf
90.5 0.0 inf
91.5 0.0 inf
92.5 0.0 inf
93.5 0.0 inf
94.5 0.0 inf
95.5 0.0 inf
96.5 0.0 inf
97.5 0.0 inf
