0.5 258593.0 0.0019664894360527777
1.5 40123.0 0.004992330183987453
2.5 23362.0 0.006542518964786319
3.5 13295.0 0.008672730060902922
4.5 7573.0 0.011491216884901288
5.5 4923.0 0.014252304160300428
6.5 3254.0 0.0175303757799037
7.5 2185.0 0.021393127492027906
8.5 1599.0 0.025007816164017767
9.5 1204.0 0.02881952088521175
10.5 861.0 0.03407990882954985
11.5 643.0 0.03943615033625495
12.5 466.0 0.04632410546120795
13.5 367.0 0.052199575097188054
14.5 291.0 0.05862103817605492
15.5 199.0 0.07088812050083358
16.5 150.0 0.08164965809277261
17.5 132.0 0.08703882797784893
18.5 76.0 0.11470786693528087
19.5 79.0 0.1125087900926024
20.5 70.0 0.11952286093343936
21.5 42.0 0.1543033499620919
22.5 20.0 0.22360679774997896
23.5 23.0 0.20851441405707477
24.5 21.0 0.2182178902359924
25.5 9.0 0.3333333333333333
26.5 6.0 0.4082482904638631
27.5 5.0 0.4472135954999579
28.5 5.0 0.4472135954999579
29.5 3.0 0.5773502691896258
30.5 2.0 0.7071067811865475
31.5 2.0 0.7071067811865475
32.5 1.0 1.0
33.5 1.0 1.0
34.5 0.0 inf
35.5 0.0 inf
36.5 1.0 1.0
37.5 0.0 inf
38.5 0.0 inf
39.5 0.0 inf
40.5 0.0 inf
41.5 0.0 inf
42.5 0.0 inf
43.5 0.0 inf
44.5 0.0 inf
45.5 0.0 inf
46.5 0.0 inf
47.5 0.0 inf
48.5 0.0 inf
49.5 0.0 inf
50.5 0.0 inf
51.5 0.0 inf
52.5 0.0 inf
53.5 0.0 inf
54.5 0.0 inf
55.5 0.0 inf
56.5 0.0 inf
57.5 0.0 inf
58.5 0.0 inf
59.5 0.0 inf
60.5 0.0 inf
61.5 0.0 inf
62.5 0.0 inf
63.5 0.0 inf
64.5 0.0 inf
65.5 0.0 inf
66.5 0.0 inf
67.5 0.0 inf
68.5 0.0 inf
69.5 0.0 inf
70.5 0.0 inf
71.5 0.0 inf
72.5 0.0 inf
73.5 0.0 inf
74.5 0.0 inf
75.5 0.0 inf
76.5 0.0 inf
77.5 0.0 inf
78.5 0.0 inf
79.5 0.0 inf
80.5 0.0 inf
81.5 0.0 inf
82.5 0.0 inf
83.5 0.0 inf
84.5 0.0 inf
85.5 0.0 inf
86.5 0.0 inf
87.5 0.0 inf
88.5 0.0 inf
89.5 0.0 inf
90.5 0.0 inf
91.5 0.0 inf
92.5 0.0 inf
93.5 0.0 inf
94.5 0.0 inf
95.5 0.0 inf
96.5 0.0 inf
97.5 0.0 inf
