0.5 38.6233 0.0016090713837930372
1.5 20.424500000000002 0.002212708902546769
2.5 20.662300000000002 0.002199939150524633
3.5 19.0054 0.0022938313963488163
4.5 16.687199999999997 0.002447982249882146
5.5 15.0425 0.0025783388344220613
6.5 13.159199999999998 0.0027566730228268726
7.5 11.6814 0.0029258533343583196
8.5 10.4962 0.0030866255820330324
9.5 9.1655 0.003303101499435751
10.5 8.2386 0.0034839610515956573
11.5 7.1943 0.003728256022703393
12.5 6.3805 0.003958882786727871
13.5 5.577299999999999 0.00423436213307905
14.5 4.944599999999999 0.004497119393327612
15.5 4.3085 0.004817668923005038
16.5 3.8124000000000002 0.005121542365525017
17.5 3.2748999999999997 0.005525874005088017
18.5 2.8281 0.0059463794523755345
19.5 2.404 0.006449599814746858
20.5 2.0937 0.006911029924903839
21.5 1.7521 0.007554757964447008
22.5 1.4953 0.008177787728435172
23.5 1.2481 0.008951077315796816
24.5 1.0427 0.00979310279617867
25.5 0.8593999999999999 0.010787040898139902
26.5 0.6986 0.01196425633779952
27.5 0.5731999999999999 0.01320829953297118
28.5 0.5117 0.013979521022284967
29.5 0.4002 0.01580743693546698
30.5 0.32330000000000003 0.017587218033813176
31.5 0.2639 0.019466160726095222
32.5 0.1972 0.02251886745555225
33.5 0.1743 0.02395252523826518
34.5 0.1232 0.028490144114909487
35.5 0.1086 0.030344856451720224
36.5 0.0839 0.034523833987986266
37.5 0.065 0.03922322702763681
38.5 0.0494 0.04499212706658475
39.5 0.0392 0.050507627227610534
40.5 0.0291 0.05862103817605492
41.5 0.0231 0.0657951694959769
42.5 0.016800000000000002 0.07715167498104596
43.5 0.0137 0.0854357657716761
44.5 0.009899999999999999 0.10050378152592121
45.5 0.0071 0.11867816581938533
46.5 0.0053 0.13736056394868904
47.5 0.0044 0.15075567228888181
48.5 0.0031000000000000003 0.17960530202677488
49.5 0.0021 0.2182178902359924
50.5 0.0018 0.23570226039551587
51.5 0.0010999999999999998 0.3015113445777637
52.5 0.001 0.31622776601683794
53.5 0.0005 0.4472135954999579
54.5 0.0002 0.7071067811865475
55.5 0.0001 1.0
56.5 0.0001 1.0
57.5 0.00030000000000000003 0.5773502691896257
58.5 0.0001 1.0
59.5 0.0 inf
60.5 0.0 inf
61.5 0.0001 1.0
62.5 0.0 inf
63.5 0.0 inf
64.5 0.0 inf
65.5 0.0 inf
66.5 0.0 inf
67.5 0.0 inf
68.5 0.0 inf
69.5 0.0 inf
70.5 0.0 inf
71.5 0.0 inf
72.5 0.0 inf
73.5 0.0 inf
74.5 0.0 inf
75.5 0.0 inf
76.5 0.0 inf
77.5 0.0 inf
78.5 0.0 inf
79.5 0.0 inf
80.5 0.0 inf
81.5 0.0 inf
82.5 0.0 inf
83.5 0.0 inf
84.5 0.0 inf
85.5 0.0 inf
86.5 0.0 inf
87.5 0.0 inf
88.5 0.0 inf
89.5 0.0 inf
90.5 0.0 inf
91.5 0.0 inf
92.5 0.0 inf
93.5 0.0 inf
94.5 0.0 inf
95.5 0.0 inf
96.5 0.0 inf
97.5 0.0 inf
