0.5 38.5545 0.00161050642727321
1.5 20.3503 0.0022167391530669455
2.5 20.6426 0.0022009886420189047
3.5 18.9112 0.00229953728766966
4.5 16.6757 0.0024488262007805284
5.5 14.9765 0.0025840138350538312
6.5 13.166799999999999 0.002755877319273867
7.5 11.6509 0.0029296805151056704
8.5 10.3919 0.0031020766202596427
9.5 9.151 0.003305717389177198
10.5 8.197099999999999 0.00349276915727893
11.5 7.2071000000000005 0.003724943810810454
12.5 6.4226 0.003945886259463352
13.5 5.5931999999999995 0.004228339259425431
14.5 4.941 0.004498757389882866
15.5 4.294 0.004825796231581592
16.5 3.7943 0.005133743513009806
17.5 3.2853000000000003 0.005517120673115458
18.5 2.7782 0.005999544051977417
19.5 2.3912 0.006466839003037038
20.5 2.0431 0.006996086783860568
21.5 1.7886 0.007477275573736129
22.5 1.4883 0.00819699667879484
23.5 1.2625000000000002 0.008899883189799696
24.5 1.0358 0.009825667117892971
25.5 0.8489 0.01085354804854514
26.5 0.7183999999999999 0.01179822945457522
27.5 0.5825 0.013102435641608368
28.5 0.5059 0.014059428268103007
29.5 0.3936 0.015939417826583455
30.5 0.32430000000000003 0.017560081436822507
31.5 0.2612 0.019566512004870806
32.5 0.20550000000000002 0.02205941986694528
33.5 0.1624 0.024814583349273254
34.5 0.1243 0.02836380138986998
35.5 0.1079 0.03044312827739915
36.5 0.07869999999999999 0.035646150289975954
37.5 0.059399999999999994 0.041030496993110906
38.5 0.048799999999999996 0.04526787302125927
39.5 0.0372 0.05184758473652126
40.5 0.0305 0.057259833431386825
41.5 0.023 0.0659380473395787
42.5 0.017599999999999998 0.07537783614444092
43.5 0.0127 0.08873565094161139
44.5 0.01 0.1
45.5 0.0063999999999999994 0.12500000000000003
46.5 0.0060999999999999995 0.12803687993289598
47.5 0.0048000000000000004 0.14433756729740643
48.5 0.0033 0.17407765595569785
49.5 0.0029 0.18569533817705186
50.5 0.0016 0.25
51.5 0.0013 0.2773500981126146
52.5 0.001 0.31622776601683794
53.5 0.0004 0.5
54.5 0.0005 0.4472135954999579
55.5 0.0001 1.0
56.5 0.00030000000000000003 0.5773502691896257
57.5 0.0002 0.7071067811865475
58.5 0.0 inf
59.5 0.0 inf
60.5 0.0001 1.0
61.5 0.0 inf
62.5 0.0001 1.0
63.5 0.0 inf
64.5 0.0 inf
65.5 0.0 inf
66.5 0.0 inf
67.5 0.0 inf
68.5 0.0 inf
69.5 0.0 inf
70.5 0.0 inf
71.5 0.0 inf
72.5 0.0 inf
73.5 0.0 inf
74.5 0.0 inf
75.5 0.0 inf
76.5 0.0 inf
77.5 0.0 inf
78.5 0.0 inf
79.5 0.0 inf
80.5 0.0 inf
81.5 0.0 inf
82.5 0.0 inf
83.5 0.0 inf
84.5 0.0 inf
85.5 0.0 inf
86.5 0.0 inf
87.5 0.0 inf
88.5 0.0 inf
89.5 0.0 inf
90.5 0.0 inf
91.5 0.0 inf
92.5 0.0 inf
93.5 0.0 inf
94.5 0.0 inf
95.5 0.0 inf
96.5 0.0 inf
97.5 0.0 inf
