0.5 9101.0 0.010482272434006255
1.5 3785.0 0.016254254600023277
2.5 3117.0 0.017911485212971263
3.5 2481.0 0.02007643596197061
4.5 1784.0 0.02367568619051892
5.5 1312.0 0.027607881518711633
6.5 1055.0 0.030787453590353963
7.5 770.0 0.036037498507822355
8.5 604.0 0.04068942293855797
9.5 447.0 0.047298376984040214
10.5 352.0 0.053300179088902604
11.5 291.0 0.05862103817605492
12.5 243.0 0.06415002990995841
13.5 195.0 0.0716114874039433
14.5 176.0 0.07537783614444091
15.5 113.0 0.09407208683835973
16.5 84.0 0.1091089451179962
17.5 55.0 0.13483997249264842
18.5 39.0 0.16012815380508713
19.5 33.0 0.17407765595569785
20.5 33.0 0.17407765595569785
21.5 17.0 0.24253562503633297
22.5 19.0 0.22941573387056174
23.5 19.0 0.22941573387056174
24.5 10.0 0.31622776601683794
25.5 4.0 0.5
26.5 5.0 0.4472135954999579
27.5 1.0 1.0
28.5 0.0 inf
29.5 3.0 0.5773502691896258
30.5 3.0 0.5773502691896258
31.5 0.0 inf
32.5 2.0 0.7071067811865475
33.5 0.0 inf
34.5 0.0 inf
35.5 0.0 inf
36.5 0.0 inf
37.5 0.0 inf
38.5 0.0 inf
39.5 0.0 inf
40.5 0.0 inf
41.5 0.0 inf
42.5 0.0 inf
43.5 0.0 inf
44.5 0.0 inf
45.5 0.0 inf
46.5 0.0 inf
47.5 0.0 inf
48.5 0.0 inf
49.5 0.0 inf
50.5 0.0 inf
51.5 0.0 inf
52.5 0.0 inf
53.5 0.0 inf
54.5 0.0 inf
55.5 0.0 inf
56.5 0.0 inf
57.5 0.0 inf
58.5 0.0 inf
59.5 0.0 inf
60.5 0.0 inf
61.5 0.0 inf
62.5 0.0 inf
63.5 0.0 inf
64.5 0.0 inf
65.5 0.0 inf
66.5 0.0 inf
67.5 0.0 inf
68.5 0.0 inf
69.5 0.0 inf
70.5 0.0 inf
71.5 0.0 inf
72.5 0.0 inf
73.5 0.0 inf
74.5 0.0 inf
75.5 0.0 inf
76.5 0.0 inf
77.5 0.0 inf
78.5 0.0 inf
79.5 0.0 inf
80.5 0.0 inf
81.5 0.0 inf
82.5 0.0 inf
83.5 0.0 inf
84.5 0.0 inf
85.5 0.0 inf
86.5 0.0 inf
87.5 0.0 inf
88.5 0.0 inf
89.5 0.0 inf
90.5 0.0 inf
91.5 0.0 inf
92.5 0.0 inf
93.5 0.0 inf
94.5 0.0 inf
95.5 0.0 inf
96.5 0.0 inf
97.5 0.0 inf
