0.5 52121.0 0.004380196867116034
1.5 15201.0 0.008110804258154537
2.5 10635.0 0.009696862845075269
3.5 6856.0 0.012077153759909247
4.5 4528.0 0.0148609574569441
5.5 3122.0 0.017897136508262645
6.5 2191.0 0.021363815131845643
7.5 1537.0 0.025507216374642365
8.5 1210.0 0.02874797872880345
9.5 799.0 0.03537745688386125
10.5 630.0 0.03984095364447979
11.5 498.0 0.04481107149482209
12.5 386.0 0.050898659855928764
13.5 299.0 0.05783149319662402
14.5 247.0 0.06362847629757777
15.5 182.0 0.07412493166611012
16.5 150.0 0.08164965809277261
17.5 95.0 0.10259783520851541
18.5 65.0 0.12403473458920847
19.5 60.0 0.12909944487358055
20.5 36.0 0.16666666666666666
21.5 47.0 0.14586499149789456
22.5 21.0 0.2182178902359924
23.5 21.0 0.2182178902359924
24.5 17.0 0.24253562503633297
25.5 9.0 0.3333333333333333
26.5 9.0 0.3333333333333333
27.5 5.0 0.4472135954999579
28.5 5.0 0.4472135954999579
29.5 2.0 0.7071067811865475
30.5 0.0 inf
31.5 2.0 0.7071067811865475
32.5 1.0 1.0
33.5 0.0 inf
34.5 0.0 inf
35.5 0.0 inf
36.5 0.0 inf
37.5 0.0 inf
38.5 0.0 inf
39.5 0.0 inf
40.5 0.0 inf
41.5 0.0 inf
42.5 0.0 inf
43.5 0.0 inf
44.5 0.0 inf
45.5 0.0 inf
46.5 0.0 inf
47.5 0.0 inf
48.5 0.0 inf
49.5 0.0 inf
50.5 0.0 inf
51.5 0.0 inf
52.5 0.0 inf
53.5 0.0 inf
54.5 0.0 inf
55.5 0.0 inf
56.5 0.0 inf
57.5 0.0 inf
58.5 0.0 inf
59.5 0.0 inf
60.5 0.0 inf
61.5 0.0 inf
62.5 0.0 inf
63.5 0.0 inf
64.5 0.0 inf
65.5 0.0 inf
66.5 0.0 inf
67.5 0.0 inf
68.5 0.0 inf
69.5 0.0 inf
70.5 0.0 inf
71.5 0.0 inf
72.5 0.0 inf
73.5 0.0 inf
74.5 0.0 inf
75.5 0.0 inf
76.5 0.0 inf
77.5 0.0 inf
78.5 0.0 inf
79.5 0.0 inf
80.5 0.0 inf
81.5 0.0 inf
82.5 0.0 inf
83.5 0.0 inf
84.5 0.0 inf
85.5 0.0 inf
86.5 0.0 inf
87.5 0.0 inf
88.5 0.0 inf
89.5 0.0 inf
90.5 0.0 inf
91.5 0.0 inf
92.5 0.0 inf
93.5 0.0 inf
94.5 0.0 inf
95.5 0.0 inf
96.5 0.0 inf
97.5 0.0 inf
