0.5 38.991 0.0016014663332896682
1.5 20.6115 0.0022026485150381018
2.5 20.8402 0.0021905292605399625
3.5 19.145899999999997 0.002285399388700951
4.5 16.791800000000002 0.0024403458156476068
5.5 15.1356 0.0025703968428439526
6.5 13.3015 0.0027418878721575343
7.5 11.757100000000001 0.0029164188322285635
8.5 10.5275 0.003082033641967727
9.5 9.1812 0.00330027611264986
10.5 8.2683 0.0034776981722456574
11.5 7.2176 0.003722233342985366
12.5 6.4107 0.003949546879668301
13.5 5.6113 0.0042215142137899935
14.5 4.9415 0.004498529783326354
15.5 4.3492999999999995 0.004795018836489307
16.5 3.8129 0.005121206550903709
17.5 3.3274 0.005482106823247269
18.5 2.8259999999999996 0.005948588418735414
19.5 2.4225 0.006424925662032355
20.5 2.0747999999999998 0.006942435928294135
21.5 1.775 0.007505866250408016
22.5 1.5047000000000001 0.008152204011914658
23.5 1.2454 0.008960774932649991
24.5 1.0413999999999999 0.009799213350727039
25.5 0.8646 0.010754553500909857
26.5 0.7209000000000001 0.011777754222292887
27.5 0.5680000000000001 0.013268622310856881
28.5 0.5042 0.014083110254721722
29.5 0.38839999999999997 0.016045763595142003
30.5 0.3226 0.017606288680921175
31.5 0.26170000000000004 0.019547811329657872
32.5 0.19829999999999998 0.022456322822201027
33.5 0.1557 0.025342864042323516
34.5 0.1352 0.02719641466102106
35.5 0.10250000000000001 0.031234752377721213
36.5 0.0807 0.03520166719043815
37.5 0.0653 0.03913302400974161
38.5 0.05 0.044721359549995794
39.5 0.0394 0.05037927218598784
40.5 0.0284 0.05933908290969266
41.5 0.0223 0.06696495301824251
42.5 0.0174 0.07580980435789034
43.5 0.0121 0.09090909090909091
44.5 0.01 0.1
45.5 0.0074 0.11624763874381928
46.5 0.0059 0.13018891098082389
47.5 0.0048000000000000004 0.14433756729740643
48.5 0.003 0.18257418583505536
49.5 0.0023 0.20851441405707477
50.5 0.0018 0.23570226039551587
51.5 0.0007 0.3779644730092272
52.5 0.0005 0.4472135954999579
53.5 0.0009 0.3333333333333333
54.5 0.00039999999999999996 0.5000000000000001
55.5 0.0002 0.7071067811865475
56.5 0.0002 0.7071067811865475
57.5 0.00039999999999999996 0.5000000000000001
58.5 0.0001 1.0
59.5 0.0002 0.7071067811865475
60.5 0.0 inf
61.5 0.0 inf
62.5 0.0 inf
63.5 0.0 inf
64.5 0.0 inf
65.5 0.0 inf
66.5 0.0 inf
67.5 0.0 inf
68.5 0.0 inf
69.5 0.0 inf
70.5 0.0 inf
71.5 0.0 inf
72.5 0.0 inf
73.5 0.0 inf
74.5 0.0 inf
75.5 0.0 inf
76.5 0.0 inf
77.5 0.0 inf
78.5 0.0 inf
79.5 0.0 inf
80.5 0.0 inf
81.5 0.0 inf
82.5 0.0 inf
83.5 0.0 inf
84.5 0.0 inf
85.5 0.0 inf
86.5 0.0 inf
87.5 0.0 inf
88.5 0.0 inf
89.5 0.0 inf
90.5 0.0 inf
91.5 0.0 inf
92.5 0.0 inf
93.5 0.0 inf
94.5 0.0 inf
95.5 0.0 inf
96.5 0.0 inf
97.5 0.0 inf
