0.5 38.4866 0.0016119264695375571
1.5 20.3397 0.0022173167027458476
2.5 20.5504 0.002205920517986171
3.5 18.9396 0.002297812558548893
4.5 16.6226 0.002452734403805483
5.5 14.9586 0.002585559434864809
6.5 13.1022 0.0027626628503931447
7.5 11.6542 0.0029292657019829352
8.5 10.411 0.00309922978214458
9.5 9.1111 0.003312947802336136
10.5 8.1614 0.0035003999435416298
11.5 7.1537 0.003738820697979342
12.5 6.3595 0.003965413804838539
13.5 5.6087 0.004222492574660969
14.5 4.8938 0.004520400264809395
15.5 4.2696000000000005 0.004839565867825341
16.5 3.7809999999999997 0.00514276478382914
17.5 3.3157 0.005491770569469823
18.5 2.7998 0.005976356491786835
19.5 2.4273 0.006418569854207779
20.5 2.0501 0.006984132615075177
21.5 1.7501 0.007559073489741513
22.5 1.47 0.008247860988423226
23.5 1.2433 0.008968339353171217
24.5 1.0526 0.009746940550013763
25.5 0.8467 0.010867639412229155
26.5 0.6951 0.011994340006959982
27.5 0.5785 0.01314765557117125
28.5 0.496 0.01419904585617662
29.5 0.4054 0.015705730024402176
30.5 0.3237 0.017576348305930706
31.5 0.2631 0.0194957333382473
32.5 0.20550000000000002 0.02205941986694528
33.5 0.1637 0.024715856229864275
34.5 0.128 0.02795084971874737
35.5 0.1046 0.030919620705155318
36.5 0.0821 0.0349002406379888
37.5 0.0656 0.03904344047215152
38.5 0.0513 0.044151078568834795
39.5 0.0385 0.050964719143762556
40.5 0.030100000000000002 0.0576390417704235
41.5 0.024100000000000003 0.06441566264008308
42.5 0.0191 0.07235746052924216
43.5 0.0118 0.09205746178983235
44.5 0.008199999999999999 0.11043152607484656
45.5 0.0064 0.125
46.5 0.004399999999999999 0.15075567228888184
47.5 0.004399999999999999 0.15075567228888184
48.5 0.003 0.18257418583505536
49.5 0.0024000000000000002 0.20412414523193148
50.5 0.0012000000000000001 0.28867513459481287
51.5 0.0013 0.2773500981126146
52.5 0.0007999999999999999 0.3535533905932738
53.5 0.0013 0.2773500981126146
54.5 0.0005 0.4472135954999579
55.5 0.0002 0.7071067811865475
56.5 0.0002 0.7071067811865475
57.5 0.0001 1.0
58.5 0.0 inf
59.5 0.0001 1.0
60.5 0.0 inf
61.5 0.0 inf
62.5 0.0001 1.0
63.5 0.0 inf
64.5 0.0 inf
65.5 0.0 inf
66.5 0.0 inf
67.5 0.0 inf
68.5 0.0 inf
69.5 0.0 inf
70.5 0.0 inf
71.5 0.0 inf
72.5 0.0 inf
73.5 0.0 inf
74.5 0.0 inf
75.5 0.0 inf
76.5 0.0 inf
77.5 0.0 inf
78.5 0.0 inf
79.5 0.0 inf
80.5 0.0 inf
81.5 0.0 inf
82.5 0.0 inf
83.5 0.0 inf
84.5 0.0 inf
85.5 0.0 inf
86.5 0.0 inf
87.5 0.0 inf
88.5 0.0 inf
89.5 0.0 inf
90.5 0.0 inf
91.5 0.0 inf
92.5 0.0 inf
93.5 0.0 inf
94.5 0.0 inf
95.5 0.0 inf
96.5 0.0 inf
97.5 0.0 inf
