0.5 38.4519 0.001612653627820266
1.5 20.3335 0.0022176547241334736
2.5 20.5203 0.002207537791528559
3.5 18.9363 0.0022980127679644614
4.5 16.6169 0.002453155041451108
5.5 14.877 0.0025926406049002087
6.5 13.138 0.002758896264995246
7.5 11.6295 0.002932374798928556
8.5 10.380700000000001 0.00310374962361461
9.5 9.108799999999999 0.0033133660406881485
10.5 8.1908 0.0034941121406325973
11.5 7.1543 0.0037386639153832424
12.5 6.381 0.0039587276793645295
13.5 5.5916999999999994 0.0042289063574094225
14.5 4.9165 0.004509952608539501
15.5 4.2622 0.004843765255046432
16.5 3.7527 0.00516211976621238
17.5 3.2734 0.0055271399459538946
18.5 2.8042 0.005971665975462958
19.5 2.3965 0.006459684148546095
20.5 2.0764 0.0069397606156983436
21.5 1.7441 0.007572064574296844
22.5 1.4828999999999999 0.008211907852333965
23.5 1.2467 0.008956101777217352
24.5 1.0544 0.009738617339145248
25.5 0.8504 0.010843971668295864
26.5 0.7012 0.011942054429810795
27.5 0.5673999999999999 0.01327563594308529
28.5 0.49110000000000004 0.01426970624756423
29.5 0.4061 0.01569218809786242
30.5 0.3216 0.017633640396464957
31.5 0.2582 0.019679854401103796
32.5 0.202 0.022249707974499235
33.5 0.1581 0.025149772741392844
34.5 0.1235 0.02845551966122361
35.5 0.1043 0.030964056111131625
36.5 0.0755 0.03639372626234195
37.5 0.06509999999999999 0.03919309008348103
38.5 0.052199999999999996 0.04376881095324085
39.5 0.0368 0.05212860351426869
40.5 0.028999999999999998 0.058722021951470346
41.5 0.0242 0.0642824346533225
42.5 0.0166 0.07761505257063328
43.5 0.0127 0.08873565094161139
44.5 0.0087 0.10721125348377948
45.5 0.0074 0.11624763874381928
46.5 0.0053 0.13736056394868904
47.5 0.0037 0.1643989873053573
48.5 0.0032 0.17677669529663687
49.5 0.0023 0.20851441405707477
50.5 0.0019 0.22941573387056174
51.5 0.0012000000000000001 0.28867513459481287
52.5 0.0004 0.5
53.5 0.0007 0.3779644730092272
54.5 0.0002 0.7071067811865475
55.5 0.0002 0.7071067811865475
56.5 0.0001 1.0
57.5 0.00030000000000000003 0.5773502691896257
58.5 0.0003 0.5773502691896258
59.5 0.0001 1.0
60.5 0.0001 1.0
61.5 0.0 inf
62.5 0.0 inf
63.5 0.0 inf
64.5 0.0 inf
65.5 0.0 inf
66.5 0.0 inf
67.5 0.0 inf
68.5 0.0 inf
69.5 0.0 inf
70.5 0.0 inf
71.5 0.0 inf
72.5 0.0 inf
73.5 0.0 inf
74.5 0.0 inf
75.5 0.0 inf
76.5 0.0 inf
77.5 0.0 inf
78.5 0.0 inf
79.5 0.0 inf
80.5 0.0 inf
81.5 0.0 inf
82.5 0.0 inf
83.5 0.0 inf
84.5 0.0 inf
85.5 0.0 inf
86.5 0.0 inf
87.5 0.0 inf
88.5 0.0 inf
89.5 0.0 inf
90.5 0.0 inf
91.5 0.0 inf
92.5 0.0 inf
93.5 0.0 inf
94.5 0.0 inf
95.5 0.0 inf
96.5 0.0 inf
97.5 0.0 inf
