0.5 52.33369999999999 0.0013823221902307906
1.5 23.2308 0.00207476024159242
2.5 22.582099999999997 0.00210434933421778
3.5 20.232599999999998 0.0022231775704454693
4.5 17.5835 0.002384774598328994
5.5 15.6021 0.002531678022038114
6.5 13.6468 0.0027069771297509723
7.5 11.9921 0.002887702037695981
8.5 10.7278 0.003053125565573674
9.5 9.3384 0.003272380256552774
10.5 8.4179 0.003446657419603584
11.5 7.3118 0.003698178319229993
12.5 6.5212 0.003915941903767489
13.5 5.6808 0.004195611336299368
14.5 4.9983 0.004472896412033967
15.5 4.3177 0.004812533528060336
16.5 3.8461 0.005099055207104162
17.5 3.3104 0.005496165014762764
18.5 2.8433 0.005930463775360467
19.5 2.4006999999999996 0.006454031099430459
20.5 2.0779 0.00693725531702257
21.5 1.7871000000000001 0.0074804129361759255
22.5 1.4973999999999998 0.008172051325481357
23.5 1.2568000000000001 0.008920042302508922
24.5 1.0504 0.009757142403137058
25.5 0.871 0.010714969088698139
26.5 0.7217 0.011771224628320583
27.5 0.5857 0.013066593726240383
28.5 0.4871 0.01432817691349968
29.5 0.3943 0.015925262933238246
30.5 0.3266 0.017498140921285422
31.5 0.2625 0.019518001458970664
32.5 0.2028 0.02220577958421638
33.5 0.1598 0.025015639663712997
34.5 0.1326 0.027461751819054487
35.5 0.1069 0.0305851875103308
36.5 0.08180000000000001 0.03496418006375328
37.5 0.0645 0.039374961547907886
38.5 0.0491 0.04512936824065242
39.5 0.038599999999999995 0.050898659855928764
40.5 0.0275 0.060302268915552716
41.5 0.0247 0.06362847629757777
42.5 0.0179 0.07474350927519359
43.5 0.014100000000000001 0.0842151921066519
44.5 0.009600000000000001 0.10206207261596574
45.5 0.0071 0.11867816581938533
46.5 0.0043 0.15249857033260467
47.5 0.0034000000000000002 0.17149858514250882
48.5 0.0031999999999999997 0.1767766952966369
49.5 0.0029 0.18569533817705186
50.5 0.0017000000000000001 0.24253562503633297
51.5 0.0013 0.2773500981126146
52.5 0.0004 0.5
53.5 0.0011 0.30151134457776363
54.5 0.0004 0.5
55.5 0.0 inf
56.5 0.0002 0.7071067811865475
57.5 0.0002 0.7071067811865475
58.5 0.0 inf
59.5 0.0 inf
60.5 0.0001 1.0
61.5 0.0001 1.0
62.5 0.0001 1.0
63.5 0.0 inf
64.5 0.0 inf
65.5 0.0 inf
66.5 0.0 inf
67.5 0.0 inf
68.5 0.0 inf
69.5 0.0 inf
70.5 0.0 inf
71.5 0.0 inf
72.5 0.0 inf
73.5 0.0 inf
74.5 0.0 inf
75.5 0.0 inf
76.5 0.0 inf
77.5 0.0 inf
78.5 0.0 inf
79.5 0.0 inf
80.5 0.0 inf
81.5 0.0 inf
82.5 0.0 inf
83.5 0.0 inf
84.5 0.0 inf
85.5 0.0 inf
86.5 0.0 inf
87.5 0.0 inf
88.5 0.0 inf
89.5 0.0 inf
90.5 0.0 inf
91.5 0.0 inf
92.5 0.0 inf
93.5 0.0 inf
94.5 0.0 inf
95.5 0.0 inf
96.5 0.0 inf
97.5 0.0 inf
