0.5 54.1314 0.0013591749767473426
1.5 23.3075 0.0020713436322290736
2.5 22.6633 0.002100576130503558
3.5 20.2439 0.00222255700293521
4.5 17.604300000000002 0.0023833653411517233
5.5 15.689699999999998 0.0025246005948104614
6.5 13.5947 0.0027121592464365257
7.5 12.0154 0.0028849007947995965
8.5 10.756699999999999 0.003049021394498691
9.5 9.277000000000001 0.0032831915526794412
10.5 8.3446 0.003461762254290743
11.5 7.294 0.003702688016394408
12.5 6.5332 0.003912343904260017
13.5 5.6861999999999995 0.004193618644979985
14.5 5.0379000000000005 0.004455282312394784
15.5 4.3547 0.004792044907881701
16.5 3.8244 0.005113501000280153
17.5 3.3189 0.005489122417388193
18.5 2.8135000000000003 0.005961788160742869
19.5 2.4204 0.006427712271391308
20.5 2.0819 0.00693058776267601
21.5 1.8167 0.007419222436493811
22.5 1.5136 0.00812820110952944
23.5 1.2486000000000002 0.00894928491358501
24.5 1.0701 0.009666913176095693
25.5 0.8745 0.010693505400348576
26.5 0.7178 0.011803159420437522
27.5 0.5774 0.013160173357473411
28.5 0.48760000000000003 0.01432082875315512
29.5 0.3907 0.015998464221148617
30.5 0.3303 0.017399858365729354
31.5 0.26580000000000004 0.01939646163228027
32.5 0.20350000000000001 0.022167554926073633
33.5 0.1675 0.024433888871261047
34.5 0.126 0.02817180849095055
35.5 0.1011 0.031450273186121945
36.5 0.0742 0.036711154910717615
37.5 0.0646 0.039344473768231684
38.5 0.051500000000000004 0.044065264923923174
39.5 0.0383 0.0510976130307596
40.5 0.0286 0.05913123959890826
41.5 0.021400000000000002 0.06835859270246632
42.5 0.017099999999999997 0.07647191129018727
43.5 0.013000000000000001 0.08770580193070293
44.5 0.0093 0.10369516947304253
45.5 0.0067 0.12216944435630522
46.5 0.0045000000000000005 0.14907119849998599
47.5 0.0035 0.1690308509457033
48.5 0.0037 0.1643989873053573
49.5 0.0017000000000000001 0.24253562503633297
50.5 0.002 0.22360679774997896
51.5 0.0015 0.2581988897471611
52.5 0.001 0.31622776601683794
53.5 0.0005 0.4472135954999579
54.5 0.00030000000000000003 0.5773502691896257
55.5 0.0002 0.7071067811865475
56.5 0.0002 0.7071067811865475
57.5 0.0004 0.5
58.5 0.0 inf
59.5 0.0001 1.0
60.5 0.0001 1.0
61.5 0.0 inf
62.5 0.0 inf
63.5 0.0 inf
64.5 0.0 inf
65.5 0.0 inf
66.5 0.0 inf
67.5 0.0 inf
68.5 0.0 inf
69.5 0.0 inf
70.5 0.0 inf
71.5 0.0 inf
72.5 0.0 inf
73.5 0.0 inf
74.5 0.0 inf
75.5 0.0 inf
76.5 0.0 inf
77.5 0.0 inf
78.5 0.0 inf
79.5 0.0 inf
80.5 0.0 inf
81.5 0.0 inf
82.5 0.0 inf
83.5 0.0 inf
84.5 0.0 inf
85.5 0.0 inf
86.5 0.0 inf
87.5 0.0 inf
88.5 0.0 inf
89.5 0.0 inf
90.5 0.0 inf
91.5 0.0 inf
92.5 0.0 inf
93.5 0.0 inf
94.5 0.0 inf
95.5 0.0 inf
96.5 0.0 inf
97.5 0.0 inf
