0.5 38.4083 0.0016135686872675076
1.5 20.2601 0.0022216682456284494
2.5 20.627000000000002 0.0022018207778937873
3.5 18.880499999999998 0.002301406070820571
4.5 16.5956 0.0024547288154353115
5.5 14.990400000000001 0.002582815530723932
6.5 13.087399999999999 0.0027642244996606276
7.5 11.6323 0.002932021853097082
8.5 10.399000000000001 0.003101017455691892
9.5 9.0874 0.0033172650843110024
10.5 8.1527 0.0035022671384204317
11.5 7.173500000000001 0.003733657262895384
12.5 6.3971 0.003953742946593741
13.5 5.6043 0.004224149813042159
14.5 4.8682 0.004532270207573724
15.5 4.2942 0.0048256838508722024
16.5 3.7518000000000002 0.0051627388862617255
17.5 3.2694 0.005530520046530318
18.5 2.7938 0.005982770499097453
19.5 2.3723 0.006492548395899875
20.5 2.0759 0.0069405963186210985
21.5 1.7650000000000001 0.007527099294949815
22.5 1.48 0.008219949365267864
23.5 1.2492 0.008947135451583649
24.5 1.0646 0.009691851899244874
25.5 0.8615999999999999 0.010773260339714291
26.5 0.7096 0.01187116104208156
27.5 0.5863 0.013059906055209673
28.5 0.4952 0.014210510570080112
29.5 0.40049999999999997 0.015801515437999243
30.5 0.3231 0.017592660465641983
31.5 0.256 0.01976423537605237
32.5 0.1983 0.022456322822201027
33.5 0.16199999999999998 0.024845199749997667
34.5 0.1258 0.028194193721730047
35.5 0.1038 0.03103854276221004
36.5 0.0746 0.03661260129691062
37.5 0.064 0.03952847075210474
38.5 0.048799999999999996 0.04526787302125927
39.5 0.041499999999999995 0.0490880693673816
40.5 0.0285 0.05923488777590923
41.5 0.0213 0.06851887098275317
42.5 0.017 0.07669649888473704
43.5 0.0121 0.09090909090909091
44.5 0.01 0.1
45.5 0.0068000000000000005 0.12126781251816648
46.5 0.0053 0.13736056394868904
47.5 0.0040999999999999995 0.15617376188860607
48.5 0.0025 0.2
49.5 0.002 0.22360679774997896
50.5 0.0015 0.2581988897471611
51.5 0.0012000000000000001 0.28867513459481287
52.5 0.0009 0.3333333333333333
53.5 0.0005 0.4472135954999579
54.5 0.0007 0.3779644730092272
55.5 0.0004 0.5
56.5 0.0002 0.7071067811865475
57.5 0.0002 0.7071067811865475
58.5 0.0002 0.7071067811865475
59.5 0.0001 1.0
60.5 0.0001 1.0
61.5 0.0 inf
62.5 0.0 inf
63.5 0.0 inf
64.5 0.0 inf
65.5 0.0 inf
66.5 0.0 inf
67.5 0.0 inf
68.5 0.0 inf
69.5 0.0 inf
70.5 0.0 inf
71.5 0.0 inf
72.5 0.0 inf
73.5 0.0 inf
74.5 0.0 inf
75.5 0.0 inf
76.5 0.0 inf
77.5 0.0 inf
78.5 0.0 inf
79.5 0.0 inf
80.5 0.0 inf
81.5 0.0 inf
82.5 0.0 inf
83.5 0.0 inf
84.5 0.0 inf
85.5 0.0 inf
86.5 0.0 inf
87.5 0.0 inf
88.5 0.0 inf
89.5 0.0 inf
90.5 0.0 inf
91.5 0.0 inf
92.5 0.0 inf
93.5 0.0 inf
94.5 0.0 inf
95.5 0.0 inf
96.5 0.0 inf
97.5 0.0 inf
