0.5 55.8647 0.001337923446298842
1.5 23.5318 0.002061448196967394
2.5 22.67 0.0021002657004177173
3.5 20.2742 0.00222089556481711
4.5 17.5908 0.0023842797185888373
5.5 15.6775 0.002525582707313586
6.5 13.5796 0.002713666736577356
7.5 12.0756 0.0028777008205603336
8.5 10.7143 0.0030550484266056214
9.5 9.3042 0.0032783889810982245
10.5 8.3812 0.0034541953710295293
11.5 7.2811 0.003705966610139865
12.5 6.5106 0.0039191284075135785
13.5 5.7414000000000005 0.004173410434186341
14.5 5.0475 0.004451043474722333
15.5 4.3757 0.0047805320100732475
16.5 3.8113 0.005122281390289242
17.5 3.3118 0.005495003192735157
18.5 2.8266 0.005947957034302416
19.5 2.4345 0.006409071410447735
20.5 2.0846 0.0069260980164223985
21.5 1.7894999999999999 0.007475395050026026
22.5 1.4702 0.008247299966690887
23.5 1.2602 0.008908001107585295
24.5 1.0592 0.009716525929205896
25.5 0.8622000000000001 0.01076951116252064
26.5 0.7104 0.011864474946906237
27.5 0.592 0.01299688112275091
28.5 0.4939 0.014229200105943795
29.5 0.4021 0.015770046120355822
30.5 0.32389999999999997 0.01757092099429725
31.5 0.25439999999999996 0.019826289642953607
32.5 0.2136 0.02163711612039577
33.5 0.16820000000000002 0.024382992454708534
34.5 0.1254 0.02823912473624525
35.5 0.1046 0.030919620705155318
36.5 0.079 0.035578403348241
37.5 0.065 0.03922322702763681
38.5 0.0474 0.04593152121746254
39.5 0.0387 0.05083285677753489
40.5 0.027000000000000003 0.06085806194501844
41.5 0.022699999999999998 0.0663723311599972
42.5 0.0187 0.07312724241271307
43.5 0.0125 0.08944271909999159
44.5 0.0108 0.09622504486493763
45.5 0.007 0.11952286093343936
46.5 0.0055 0.13483997249264842
47.5 0.0048000000000000004 0.14433756729740643
48.5 0.0038 0.16222142113076254
49.5 0.0023 0.20851441405707477
50.5 0.0014 0.2672612419124244
51.5 0.0010999999999999998 0.3015113445777637
52.5 0.0005 0.4472135954999579
53.5 0.0007999999999999999 0.3535533905932738
54.5 0.00039999999999999996 0.5000000000000001
55.5 0.0002 0.7071067811865475
56.5 0.0001 1.0
57.5 0.0002 0.7071067811865475
58.5 0.0001 1.0
59.5 0.0001 1.0
60.5 0.0 inf
61.5 0.0001 1.0
62.5 0.0 inf
63.5 0.0001 1.0
64.5 0.0 inf
65.5 0.0 inf
66.5 0.0 inf
67.5 0.0 inf
68.5 0.0 inf
69.5 0.0 inf
70.5 0.0 inf
71.5 0.0 inf
72.5 0.0 inf
73.5 0.0 inf
74.5 0.0 inf
75.5 0.0 inf
76.5 0.0 inf
77.5 0.0 inf
78.5 0.0 inf
79.5 0.0 inf
80.5 0.0 inf
81.5 0.0 inf
82.5 0.0 inf
83.5 0.0 inf
84.5 0.0 inf
85.5 0.0 inf
86.5 0.0 inf
87.5 0.0 inf
88.5 0.0 inf
89.5 0.0 inf
90.5 0.0 inf
91.5 0.0 inf
92.5 0.0 inf
93.5 0.0 inf
94.5 0.0 inf
95.5 0.0 inf
96.5 0.0 inf
97.5 0.0 inf
