0.5 38.4371 0.001612964069771433
1.5 20.2992 0.002219527543056135
2.5 20.601399999999998 0.0022031883818434787
3.5 18.8652 0.002302339121530138
4.5 16.643 0.002451230734876698
5.5 14.925899999999999 0.0025883901364262126
6.5 13.098700000000001 0.0027630319203828017
7.5 11.6827 0.0029256905417182266
8.5 10.379000000000001 0.003104003798309692
9.5 9.0564 0.003322937722822478
10.5 8.16 0.003500700210070025
11.5 7.1711 0.003734281994653103
12.5 6.3777 0.003959751725014614
13.5 5.5898 0.004229625009187473
14.5 4.9135 0.004511329202947671
15.5 4.2940000000000005 0.004825796231581591
16.5 3.7491000000000003 0.005164597583842849
17.5 3.3004 0.005504485230574949
18.5 2.7742 0.00600386773663487
19.5 2.4198 0.006428509111693309
20.5 2.0643000000000002 0.006960069779225369
21.5 1.7471999999999999 0.007565344158360031
22.5 1.4909 0.00818984613512058
23.5 1.2321 0.009009009009009009
24.5 1.0432000000000001 0.009790755624849466
25.5 0.8493999999999999 0.010850353103361392
26.5 0.7079 0.011885406608052342
27.5 0.5744 0.013194495349231488
28.5 0.49219999999999997 0.014253751903120991
29.5 0.4102 0.015613568465729805
30.5 0.3175 0.017747130188322274
31.5 0.2637 0.019473541261232866
32.5 0.1987 0.0224337081912659
33.5 0.1597 0.02502347051056742
34.5 0.1279 0.0279617744210284
35.5 0.1057 0.03075831259604325
36.5 0.07980000000000001 0.03539961627023943
37.5 0.066 0.03892494720807615
38.5 0.05 0.044721359549995794
39.5 0.0367 0.052199575097188054
40.5 0.0264 0.06154574548966636
41.5 0.0223 0.06696495301824251
42.5 0.0187 0.07312724241271307
43.5 0.013399999999999999 0.08638684255813601
44.5 0.0098 0.10101525445522107
45.5 0.0078 0.11322770341445956
46.5 0.0045 0.14907119849998599
47.5 0.0033 0.17407765595569785
48.5 0.0033 0.17407765595569785
49.5 0.0028 0.1889822365046136
50.5 0.0016 0.25
51.5 0.0016 0.25
52.5 0.001 0.31622776601683794
53.5 0.00039999999999999996 0.5000000000000001
54.5 0.0006000000000000001 0.40824829046386296
55.5 0.0005 0.4472135954999579
56.5 0.0005 0.4472135954999579
57.5 0.0004 0.5
58.5 0.0001 1.0
59.5 0.0002 0.7071067811865475
60.5 0.0 inf
61.5 0.0001 1.0
62.5 0.0 inf
63.5 0.0001 1.0
64.5 0.0 inf
65.5 0.0 inf
66.5 0.0 inf
67.5 0.0 inf
68.5 0.0 inf
69.5 0.0 inf
70.5 0.0 inf
71.5 0.0 inf
72.5 0.0 inf
73.5 0.0001 1.0
74.5 0.0 inf
75.5 0.0 inf
76.5 0.0 inf
77.5 0.0 inf
78.5 0.0 inf
79.5 0.0 inf
80.5 0.0 inf
81.5 0.0 inf
82.5 0.0 inf
83.5 0.0 inf
84.5 0.0 inf
85.5 0.0 inf
86.5 0.0 inf
87.5 0.0 inf
88.5 0.0 inf
89.5 0.0 inf
90.5 0.0 inf
91.5 0.0 inf
92.5 0.0 inf
93.5 0.0 inf
94.5 0.0 inf
95.5 0.0 inf
96.5 0.0 inf
97.5 0.0 inf
