0.5 38.4776 0.001612114975187598
1.5 20.2556 0.002221915015704465
2.5 20.618499999999997 0.002202274582684157
3.5 18.8419 0.0023037622244949244
4.5 16.6563 0.002450251889653133
5.5 14.887599999999999 0.0025917174579872817
6.5 13.1761 0.002754904566214561
7.5 11.6385 0.0029312407834950066
8.5 10.398800000000001 0.003101047276464918
9.5 9.0558 0.0033230478030809958
10.5 8.152000000000001 0.0035024175024029286
11.5 7.159800000000001 0.003737227660041221
12.5 6.4205000000000005 0.003946531511677777
13.5 5.5814 0.004232806602731048
14.5 4.926 0.0045056016923187316
15.5 4.2855 0.004830579681398108
16.5 3.7851999999999997 0.005139910825376709
17.5 3.3031 0.005502235049156206
18.5 2.7888 0.005988131309566295
19.5 2.4008000000000003 0.006453896683854236
20.5 2.0585 0.006969868178387251
21.5 1.7447 0.007570762450890187
22.5 1.4777 0.00822634394219008
23.5 1.2524000000000002 0.008935697753776927
24.5 1.0405 0.009803450441422362
25.5 0.8616999999999999 0.010772635204927467
26.5 0.7025 0.011930999725437872
27.5 0.5909 0.013008972781166096
28.5 0.4756 0.01450036976414354
29.5 0.3968 0.015875015875023813
30.5 0.3115 0.017917234365811652
31.5 0.2575 0.019706585563285865
32.5 0.2069 0.021984660059051055
33.5 0.1615 0.024883630089671975
34.5 0.126 0.02817180849095055
35.5 0.10170000000000001 0.03135736227945324
36.5 0.0761 0.03624997167972069
37.5 0.0655 0.03907323325822818
38.5 0.052000000000000005 0.043852900965351466
39.5 0.0369 0.052057920629535355
40.5 0.0286 0.05913123959890826
41.5 0.021 0.06900655593423542
42.5 0.019200000000000002 0.07216878364870322
43.5 0.0119 0.09166984970282112
44.5 0.0092 0.10425720702853739
45.5 0.0074 0.11624763874381928
46.5 0.0063999999999999994 0.12500000000000003
47.5 0.0047 0.14586499149789456
48.5 0.0031999999999999997 0.1767766952966369
49.5 0.003 0.18257418583505536
50.5 0.0013 0.2773500981126146
51.5 0.0012 0.2886751345948129
52.5 0.0007 0.3779644730092272
53.5 0.0006000000000000001 0.40824829046386296
54.5 0.0006000000000000001 0.40824829046386296
55.5 0.0005 0.4472135954999579
56.5 0.0003 0.5773502691896258
57.5 0.0 inf
58.5 0.0002 0.7071067811865475
59.5 0.0 inf
60.5 0.0 inf
61.5 0.0001 1.0
62.5 0.0 inf
63.5 0.0 inf
64.5 0.0 inf
65.5 0.0 inf
66.5 0.0 inf
67.5 0.0 inf
68.5 0.0 inf
69.5 0.0 inf
70.5 0.0 inf
71.5 0.0001 1.0
72.5 0.0 inf
73.5 0.0 inf
74.5 0.0 inf
75.5 0.0 inf
76.5 0.0 inf
77.5 0.0 inf
78.5 0.0 inf
79.5 0.0 inf
80.5 0.0 inf
81.5 0.0 inf
82.5 0.0 inf
83.5 0.0 inf
84.5 0.0 inf
85.5 0.0 inf
86.5 0.0 inf
87.5 0.0 inf
88.5 0.0 inf
89.5 0.0 inf
90.5 0.0 inf
91.5 0.0 inf
92.5 0.0 inf
93.5 0.0 inf
94.5 0.0 inf
95.5 0.0 inf
96.5 0.0 inf
97.5 0.0 inf
