0.5 51.7251 0.0013904306433627593
1.5 23.1179 0.002079820284670222
2.5 22.5519 0.0021057578649445715
3.5 20.1875 0.002225659536298629
4.5 17.5748 0.0023853647891702253
5.5 15.6245 0.002529862606260231
6.5 13.638300000000001 0.0027078205531106264
7.5 12.0006 0.002886679179870697
8.5 10.7203 0.0030541933732918802
9.5 9.3734 0.0032662650568888816
10.5 8.380400000000002 0.0034543602372860255
11.5 7.2751 0.0037074945078259774
12.5 6.468 0.003932013446879859
13.5 5.7248 0.004179456799535545
14.5 5.0387 0.00445492861329232
15.5 4.3217 0.004810305864123516
16.5 3.7972 0.005131782765641422
17.5 3.3539000000000003 0.005460406126256291
18.5 2.8487 0.005924840211065719
19.5 2.416 0.006433562658187234
20.5 2.0674 0.006954849620911449
21.5 1.7834 0.0074881686800281145
22.5 1.5087 0.008141389914149073
23.5 1.2581 0.008915432552844757
24.5 1.0562 0.00973031541425936
25.5 0.8537999999999999 0.010822358713067706
26.5 0.7069000000000001 0.011893810347070247
27.5 0.5746 0.013192198857116066
28.5 0.5059 0.014059428268103007
29.5 0.4094 0.015628816094818164
30.5 0.32289999999999996 0.01759810795314385
31.5 0.27690000000000003 0.01900371558963217
32.5 0.20600000000000002 0.022032632461961587
33.5 0.1649 0.024625761678892605
34.5 0.1263 0.028138330394167636
35.5 0.1041 0.030993786368687184
36.5 0.08499999999999999 0.03429971702850177
37.5 0.0682 0.03829197905337418
38.5 0.0479 0.04569116623849538
39.5 0.0335 0.05463583647081531
40.5 0.0265 0.06142951168339512
41.5 0.024 0.06454972243679027
42.5 0.0186 0.07332355751067665
43.5 0.0116 0.09284766908852593
44.5 0.009000000000000001 0.10540925533894598
45.5 0.008199999999999999 0.11043152607484656
46.5 0.0058 0.13130643285972257
47.5 0.0040999999999999995 0.15617376188860607
48.5 0.0036 0.16666666666666666
49.5 0.0024000000000000002 0.20412414523193148
50.5 0.0021000000000000003 0.21821789023599233
51.5 0.0013 0.2773500981126146
52.5 0.0007 0.3779644730092272
53.5 0.0004 0.5
54.5 0.0005 0.4472135954999579
55.5 0.0 inf
56.5 0.0004 0.5
57.5 0.0003 0.5773502691896258
58.5 0.0003 0.5773502691896258
59.5 0.0 inf
60.5 0.0002 0.7071067811865475
61.5 0.0 inf
62.5 0.0 inf
63.5 0.0001 1.0
64.5 0.0 inf
65.5 0.0 inf
66.5 0.0 inf
67.5 0.0 inf
68.5 0.0 inf
69.5 0.0 inf
70.5 0.0 inf
71.5 0.0 inf
72.5 0.0 inf
73.5 0.0 inf
74.5 0.0 inf
75.5 0.0 inf
76.5 0.0 inf
77.5 0.0 inf
78.5 0.0 inf
79.5 0.0 inf
80.5 0.0 inf
81.5 0.0 inf
82.5 0.0 inf
83.5 0.0 inf
84.5 0.0 inf
85.5 0.0 inf
86.5 0.0 inf
87.5 0.0 inf
88.5 0.0 inf
89.5 0.0 inf
90.5 0.0 inf
91.5 0.0 inf
92.5 0.0 inf
93.5 0.0 inf
94.5 0.0 inf
95.5 0.0 inf
96.5 0.0 inf
97.5 0.0 inf
