0.5 38.4948 0.0016117547775035027
1.5 20.3015 0.002219401812003163
2.5 20.6601 0.0022000562781594023
3.5 18.7773 0.0023077216664683063
4.5 16.7134 0.002446062763419733
5.5 14.944500000000001 0.00258677887322066
6.5 13.1288 0.002759862743295485
7.5 11.6916 0.002924576767595792
8.5 10.4153 0.0030985899511343394
9.5 9.058599999999998 0.0033225341887827475
10.5 8.1934 0.0034935577058199377
11.5 7.1777 0.0037325647363795384
12.5 6.3699 0.00396217535915124
13.5 5.6136 0.0042206493073631
14.5 4.9574 0.004491309862801397
15.5 4.2947 0.004825402933444112
16.5 3.7797 0.005143649115846573
17.5 3.2911 0.005512257039275419
18.5 2.7971 0.005979240241099565
19.5 2.3887 0.006470222196745204
20.5 2.0573 0.006971900604998797
21.5 1.7706 0.007515186627510457
22.5 1.4622000000000002 0.008269830537195905
23.5 1.2439 0.008966176135607325
24.5 1.0598 0.009713775060676494
25.5 0.864 0.01075828707279838
26.5 0.7125 0.011846977555181847
27.5 0.5775 0.013159033899195378
28.5 0.49129999999999996 0.01426680147272547
29.5 0.3961 0.015889037089179058
30.5 0.3171 0.017758320057144228
31.5 0.2627 0.019510570275964218
32.5 0.1965 0.022558941739747075
33.5 0.16770000000000002 0.024419314525275217
34.5 0.1276 0.027994625547792716
35.5 0.0955 0.03235924008452868
36.5 0.076 0.03627381250550058
37.5 0.0623 0.0400641540107502
38.5 0.0493 0.0450377349111045
39.5 0.035699999999999996 0.052925612402496325
40.5 0.0299 0.05783149319662402
41.5 0.0221 0.06726727939963124
42.5 0.0178 0.07495316889958614
43.5 0.0116 0.09284766908852593
44.5 0.009899999999999999 0.10050378152592121
45.5 0.0083 0.10976425998969035
46.5 0.006699999999999999 0.12216944435630522
47.5 0.0027 0.19245008972987526
48.5 0.003 0.18257418583505536
49.5 0.002 0.22360679774997896
50.5 0.002 0.22360679774997896
51.5 0.0015999999999999999 0.25000000000000006
52.5 0.0008 0.35355339059327373
53.5 0.0006000000000000001 0.40824829046386296
54.5 0.0004 0.5
55.5 0.00039999999999999996 0.5000000000000001
56.5 0.0001 1.0
57.5 0.0001 1.0
58.5 0.0001 1.0
59.5 0.0001 1.0
60.5 0.0002 0.7071067811865475
61.5 0.0 inf
62.5 0.0 inf
63.5 0.0 inf
64.5 0.0001 1.0
65.5 0.0 inf
66.5 0.0 inf
67.5 0.0 inf
68.5 0.0 inf
69.5 0.0 inf
70.5 0.0 inf
71.5 0.0 inf
72.5 0.0 inf
73.5 0.0 inf
74.5 0.0 inf
75.5 0.0 inf
76.5 0.0 inf
77.5 0.0 inf
78.5 0.0 inf
79.5 0.0 inf
80.5 0.0 inf
81.5 0.0 inf
82.5 0.0 inf
83.5 0.0 inf
84.5 0.0 inf
85.5 0.0 inf
86.5 0.0 inf
87.5 0.0 inf
88.5 0.0 inf
89.5 0.0 inf
90.5 0.0 inf
91.5 0.0 inf
92.5 0.0 inf
93.5 0.0 inf
94.5 0.0 inf
95.5 0.0 inf
96.5 0.0 inf
97.5 0.0 inf
