0.5 38.6658 0.0016081868251410685
1.5 20.3861 0.0022147918916246958
2.5 20.6836 0.00219880610855149
3.5 19.0104 0.0022935297217070954
4.5 16.708799999999997 0.0024463994457187533
5.5 15.0075 0.002581343642207888
6.5 13.2214 0.002750181002243511
7.5 11.6736 0.0029268306611927937
8.5 10.5084 0.003084833312604796
9.5 9.065999999999999 0.003321177925149566
10.5 8.2081 0.0034904279734752504
11.5 7.2118 0.0037237298219831494
12.5 6.4174 0.003947484605654224
13.5 5.6305 0.004214310387425132
14.5 4.9501 0.004494620349778686
15.5 4.2925 0.004826639337239525
16.5 3.8014 0.005128947041397411
17.5 3.2841 0.005518128550484683
18.5 2.8183 0.005956709074383445
19.5 2.4099 0.00644169991062106
20.5 2.0734 0.006944779366648909
21.5 1.7647 0.0075277390733330535
22.5 1.4623 0.008269547764443186
23.5 1.246 0.008958617182905826
24.5 1.0537999999999998 0.0097413893731705
25.5 0.8533999999999999 0.010824894708114366
26.5 0.7051000000000001 0.011908982104796895
27.5 0.5722 0.013219836175517261
28.5 0.49970000000000003 0.014146380174561475
29.5 0.3951 0.015909131996778254
30.5 0.3185 0.01771924779845835
31.5 0.2596 0.01962671679947149
32.5 0.2039 0.022145800696175846
33.5 0.1626 0.02479931753217214
34.5 0.12869999999999998 0.02787473366690303
35.5 0.1033 0.031113569564352756
36.5 0.0824 0.034836650714580884
37.5 0.0661 0.038895492079220696
38.5 0.0526 0.04360207201969474
39.5 0.038 0.051298917604257706
40.5 0.0313 0.05652334189442215
41.5 0.0224 0.0668153104781061
42.5 0.0169 0.07692307692307693
43.5 0.010700000000000001 0.09667364890456635
44.5 0.009399999999999999 0.10314212462587935
45.5 0.0081 0.1111111111111111
46.5 0.0060999999999999995 0.12803687993289598
47.5 0.0051 0.14002800840280097
48.5 0.0031000000000000003 0.17960530202677488
49.5 0.003 0.18257418583505536
50.5 0.0015 0.2581988897471611
51.5 0.0013 0.2773500981126146
52.5 0.0007 0.3779644730092272
53.5 0.0006000000000000001 0.40824829046386296
54.5 0.00039999999999999996 0.5000000000000001
55.5 0.00030000000000000003 0.5773502691896257
56.5 0.00039999999999999996 0.5000000000000001
57.5 0.0002 0.7071067811865475
58.5 0.0 inf
59.5 0.0 inf
60.5 0.0001 1.0
61.5 0.0002 0.7071067811865475
62.5 0.0 inf
63.5 0.0 inf
64.5 0.0 inf
65.5 0.0 inf
66.5 0.0 inf
67.5 0.0 inf
68.5 0.0 inf
69.5 0.0 inf
70.5 0.0 inf
71.5 0.0 inf
72.5 0.0 inf
73.5 0.0 inf
74.5 0.0 inf
75.5 0.0 inf
76.5 0.0 inf
77.5 0.0 inf
78.5 0.0 inf
79.5 0.0 inf
80.5 0.0 inf
81.5 0.0 inf
82.5 0.0 inf
83.5 0.0 inf
84.5 0.0 inf
85.5 0.0 inf
86.5 0.0 inf
87.5 0.0 inf
88.5 0.0 inf
89.5 0.0 inf
90.5 0.0 inf
91.5 0.0 inf
92.5 0.0 inf
93.5 0.0 inf
94.5 0.0 inf
95.5 0.0 inf
96.5 0.0 inf
97.5 0.0 inf
