0.5 38.4166 0.001613394370129089
1.5 20.264000000000003 0.002221454444723155
2.5 20.6354 0.002201372587475243
3.5 18.8442 0.0023036216291179397
4.5 16.5969 0.0024546326767000215
5.5 14.9635 0.002585136062038291
6.5 13.118400000000001 0.0027609565080107153
7.5 11.6391 0.002931165229236659
8.5 10.4286 0.003096613444493342
9.5 9.0777 0.0033190369472320667
10.5 8.1891 0.0034944747984579946
11.5 7.1472 0.0037405204413492156
12.5 6.3568999999999996 0.0039662246577614685
13.5 5.577999999999999 0.004234096433321879
14.5 4.9190000000000005 0.004508806408656059
15.5 4.2638 0.00484285635317512
16.5 3.7957 0.005132796664764013
17.5 3.2729 0.005527562119627638
18.5 2.771 0.0060073334228960005
19.5 2.3866 0.006473068186643141
20.5 2.0702 0.006950144720895192
21.5 1.7662 0.007524541811679337
22.5 1.4853 0.008205270625262636
23.5 1.246 0.008958617182905826
24.5 1.0466 0.009774839492344067
25.5 0.8602 0.010782023669543773
26.5 0.7190000000000001 0.011793305661029247
27.5 0.5743 0.013195644045124426
28.5 0.4874 0.01432376666040793
29.5 0.4114 0.015590780467500804
30.5 0.3133 0.017865690353216123
31.5 0.255 0.019802950859533486
32.5 0.2084 0.021905397716916176
33.5 0.1646 0.024648192922358196
34.5 0.1292 0.027820744203732862
35.5 0.0991 0.031766046899489794
36.5 0.0802 0.03531122757732244
37.5 0.0641 0.03949762527666821
38.5 0.050699999999999995 0.04441155916843276
39.5 0.0366 0.05227083734893167
40.5 0.028499999999999998 0.05923488777590923
41.5 0.018799999999999997 0.07293249574894728
42.5 0.019700000000000002 0.07124704998790964
43.5 0.0113 0.09407208683835974
44.5 0.009500000000000001 0.1025978352085154
45.5 0.0060999999999999995 0.12803687993289598
46.5 0.0051 0.14002800840280097
47.5 0.0052 0.1386750490563073
48.5 0.0037999999999999996 0.16222142113076254
49.5 0.002 0.22360679774997896
50.5 0.0015999999999999999 0.25000000000000006
51.5 0.00030000000000000003 0.5773502691896257
52.5 0.001 0.31622776601683794
53.5 0.0008 0.35355339059327373
54.5 0.0006 0.4082482904638631
55.5 0.0 inf
56.5 0.00039999999999999996 0.5000000000000001
57.5 0.00030000000000000003 0.5773502691896257
58.5 0.0001 1.0
59.5 0.0 inf
60.5 0.0001 1.0
61.5 0.0 inf
62.5 0.0 inf
63.5 0.0 inf
64.5 0.0 inf
65.5 0.0 inf
66.5 0.0 inf
67.5 0.0 inf
68.5 0.0 inf
69.5 0.0 inf
70.5 0.0 inf
71.5 0.0 inf
72.5 0.0 inf
73.5 0.0 inf
74.5 0.0 inf
75.5 0.0 inf
76.5 0.0 inf
77.5 0.0 inf
78.5 0.0 inf
79.5 0.0 inf
80.5 0.0 inf
81.5 0.0 inf
82.5 0.0 inf
83.5 0.0 inf
84.5 0.0 inf
85.5 0.0 inf
86.5 0.0 inf
87.5 0.0 inf
88.5 0.0 inf
89.5 0.0 inf
90.5 0.0 inf
91.5 0.0 inf
92.5 0.0 inf
93.5 0.0 inf
94.5 0.0 inf
95.5 0.0 inf
96.5 0.0 inf
97.5 0.0 inf
