0.5 43.028 0.001524489438701517
1.5 22.9083 0.002089313300931866
2.5 23.3236 0.002070628597039269
3.5 21.377699999999997 0.0021628156871713717
4.5 18.843600000000002 0.0023036583036911413
5.5 16.933500000000002 0.002430113924588611
6.5 14.8668 0.0025935298480395386
7.5 13.2154 0.002750805244169605
8.5 11.784199999999998 0.0029130634732887953
9.5 10.2894 0.003117489322169219
10.5 9.293199999999999 0.0032803286581590476
11.5 8.1151 0.003510371355324853
12.5 7.2207 0.0037214342402594907
13.5 6.3423 0.003970787166065907
14.5 5.5976 0.004226677087223129
15.5 4.8291 0.004550581538908889
16.5 4.261 0.00484444726738244
17.5 3.6863 0.005208403977312548
18.5 3.1752000000000002 0.005611958580845615
19.5 2.6856 0.00610210021615177
20.5 2.3339999999999996 0.00654560168790667
21.5 1.9798 0.007107049496145406
22.5 1.6554 0.007772281551584165
23.5 1.3957000000000002 0.008464551677053041
24.5 1.1644999999999999 0.009266809891468586
25.5 0.97 0.01015346165133619
26.5 0.8007 0.011175451696439746
27.5 0.6456999999999999 0.012444705017786158
28.5 0.5427 0.013574382706256136
29.5 0.44499999999999995 0.014990633779917231
30.5 0.3448 0.01703006758225429
31.5 0.2901 0.018566333001716968
32.5 0.23349999999999999 0.020694577179185557
33.5 0.1865 0.02315584223237446
34.5 0.14290000000000003 0.0264535453763972
35.5 0.1127 0.029787773436724965
36.5 0.08510000000000001 0.03427955850955305
37.5 0.0744 0.036661778755338326
38.5 0.0545 0.042835293687811936
39.5 0.0409 0.049446817643414874
40.5 0.038 0.051298917604257706
41.5 0.0274 0.0604122093330177
42.5 0.019799999999999998 0.07106690545187015
43.5 0.015200000000000002 0.08111071056538126
44.5 0.010700000000000001 0.09667364890456635
45.5 0.0083 0.10976425998969035
46.5 0.0040999999999999995 0.15617376188860607
47.5 0.004 0.15811388300841897
48.5 0.0031 0.1796053020267749
49.5 0.0031 0.1796053020267749
50.5 0.0018 0.23570226039551587
51.5 0.0019 0.22941573387056174
52.5 0.0007 0.3779644730092272
53.5 0.0010999999999999998 0.3015113445777637
54.5 0.001 0.31622776601683794
55.5 0.0005 0.4472135954999579
56.5 0.0002 0.7071067811865475
57.5 0.0001 1.0
58.5 0.0002 0.7071067811865475
59.5 0.0001 1.0
60.5 0.0001 1.0
61.5 0.0 inf
62.5 0.0 inf
63.5 0.0 inf
64.5 0.0 inf
65.5 0.0 inf
66.5 0.0 inf
67.5 0.0 inf
68.5 0.0 inf
69.5 0.0 inf
70.5 0.0 inf
71.5 0.0 inf
72.5 0.0 inf
73.5 0.0 inf
74.5 0.0 inf
75.5 0.0 inf
76.5 0.0 inf
77.5 0.0 inf
78.5 0.0 inf
79.5 0.0 inf
80.5 0.0 inf
81.5 0.0 inf
82.5 0.0 inf
83.5 0.0 inf
84.5 0.0 inf
85.5 0.0 inf
86.5 0.0 inf
87.5 0.0 inf
88.5 0.0 inf
89.5 0.0 inf
90.5 0.0 inf
91.5 0.0 inf
92.5 0.0 inf
93.5 0.0 inf
94.5 0.0 inf
95.5 0.0 inf
96.5 0.0 inf
97.5 0.0 inf
