0.5 38.6314 0.0016089026847363667
1.5 20.3552 0.002216472325042214
2.5 20.6753 0.0021992474143479154
3.5 18.8828 0.0023012659063545767
4.5 16.677300000000002 0.002448708729250343
5.5 15.015 0.0025806988704625456
6.5 13.1944 0.0027529934430711818
7.5 11.6965 0.002923964108794761
8.5 10.4773 0.0030894083093852814
9.5 9.1472 0.003306403961118756
10.5 8.2606 0.0034793186379858195
11.5 7.2067 0.0037250471838418003
12.5 6.379300000000001 0.003959255118798422
13.5 5.6 0.004225771273642583
14.5 4.9168 0.004509815018397396
15.5 4.317399999999999 0.004812700727645609
16.5 3.7918000000000003 0.005135435617551233
17.5 3.3009 0.00550406832202783
18.5 2.8139000000000003 0.0059613644072303035
19.5 2.3849 0.006475374835897765
20.5 2.0622 0.006963612701205507
21.5 1.7795999999999998 0.007496159202361112
22.5 1.4768 0.008228850233457916
23.5 1.2436 0.008967257548697748
24.5 1.0425 0.009794042137487835
25.5 0.8747 0.010692282796400105
26.5 0.7263999999999999 0.011733081361598303
27.5 0.5805 0.013124987182635961
28.5 0.4851 0.014357683075131602
29.5 0.38539999999999996 0.016108093612007015
30.5 0.3201 0.01767490804100673
31.5 0.26 0.019611613513818404
32.5 0.2047 0.02210248368512676
33.5 0.16299999999999998 0.024768870230903496
34.5 0.12990000000000002 0.027745683280893146
35.5 0.1026 0.031219527052723135
36.5 0.0802 0.03531122757732244
37.5 0.062 0.04016096644512494
38.5 0.0514 0.04410810913912309
39.5 0.037099999999999994 0.051917413165116506
40.5 0.032 0.05590169943749474
41.5 0.0217 0.06788442333021306
42.5 0.017599999999999998 0.07537783614444092
43.5 0.010700000000000001 0.09667364890456635
44.5 0.0094 0.10314212462587934
45.5 0.0058 0.13130643285972257
46.5 0.0066 0.12309149097933272
47.5 0.0043 0.15249857033260467
48.5 0.0037999999999999996 0.16222142113076254
49.5 0.0029 0.18569533817705186
50.5 0.0017000000000000001 0.24253562503633297
51.5 0.0014 0.2672612419124244
52.5 0.0007 0.3779644730092272
53.5 0.0008 0.35355339059327373
54.5 0.0006000000000000001 0.40824829046386296
55.5 0.0005 0.4472135954999579
56.5 0.0001 1.0
57.5 0.0001 1.0
58.5 0.0004 0.5
59.5 0.0 inf
60.5 0.0001 1.0
61.5 0.0 inf
62.5 0.0001 1.0
63.5 0.0 inf
64.5 0.0 inf
65.5 0.0 inf
66.5 0.0 inf
67.5 0.0 inf
68.5 0.0 inf
69.5 0.0 inf
70.5 0.0 inf
71.5 0.0 inf
72.5 0.0 inf
73.5 0.0 inf
74.5 0.0 inf
75.5 0.0 inf
76.5 0.0 inf
77.5 0.0 inf
78.5 0.0 inf
79.5 0.0 inf
80.5 0.0 inf
81.5 0.0 inf
82.5 0.0 inf
83.5 0.0 inf
84.5 0.0 inf
85.5 0.0 inf
86.5 0.0 inf
87.5 0.0 inf
88.5 0.0 inf
89.5 0.0 inf
90.5 0.0 inf
91.5 0.0 inf
92.5 0.0 inf
93.5 0.0 inf
94.5 0.0 inf
95.5 0.0 inf
96.5 0.0 inf
97.5 0.0 inf
