0.5 38.8542 0.0016042831213766739
1.5 20.534 0.0022068012493570476
2.5 20.8247 0.002191344323613488
3.5 19.1098 0.0022875570248607957
4.5 16.8476 0.002436301196978899
5.5 15.1196 0.0025717565175365415
6.5 13.2636 0.002745802473833171
7.5 11.8309 0.0029073084344823446
8.5 10.537099999999999 0.003080629353070138
9.5 9.2336 0.003290898377284474
10.5 8.24 0.003483665071458088
11.5 7.2442 0.003715393218178718
12.5 6.434200000000001 0.003942327702879085
13.5 5.6631 0.004202162905625219
14.5 5.0013000000000005 0.004471554690669518
15.5 4.3121 0.004815657463448672
16.5 3.8227 0.005114637891149257
17.5 3.3119 0.0054949202336380745
18.5 2.8208 0.005954068852869261
19.5 2.4473000000000003 0.006392288902599232
20.5 2.099 0.006902299193683463
21.5 1.7784 0.007498687844430792
22.5 1.4975999999999998 0.008171505630757669
23.5 1.2619 0.00890199876762518
24.5 1.055 0.00973584767022471
25.5 0.8746 0.010692894045953066
26.5 0.7177 0.011803981682406574
27.5 0.5843 0.013082238332217251
28.5 0.5065 0.01405109839972998
29.5 0.3936 0.015939417826583455
30.5 0.32530000000000003 0.017533070066522223
31.5 0.26130000000000003 0.019562767576168476
32.5 0.20939999999999998 0.021853029968763232
33.5 0.16499999999999998 0.02461829819586655
34.5 0.1225 0.02857142857142857
35.5 0.1049 0.03087537605472192
36.5 0.0818 0.034964180063753285
37.5 0.06359999999999999 0.039652579285907215
38.5 0.0518 0.04393747751637468
39.5 0.0405 0.049690399499995326
40.5 0.026000000000000002 0.062017367294604234
41.5 0.0215 0.06819943394704735
42.5 0.017300000000000003 0.07602859212697054
43.5 0.014199999999999999 0.08391813582966891
44.5 0.0108 0.09622504486493763
45.5 0.0075 0.11547005383792514
46.5 0.0056 0.1336306209562122
47.5 0.0049 0.14285714285714285
48.5 0.0036 0.16666666666666666
49.5 0.0025 0.2
50.5 0.0012 0.2886751345948129
51.5 0.0017000000000000001 0.24253562503633297
52.5 0.00039999999999999996 0.5000000000000001
53.5 0.0006 0.4082482904638631
54.5 0.0001 1.0
55.5 0.0005 0.4472135954999579
56.5 0.0003 0.5773502691896258
57.5 0.00030000000000000003 0.5773502691896257
58.5 0.0001 1.0
59.5 0.0001 1.0
60.5 0.0002 0.7071067811865475
61.5 0.0 inf
62.5 0.0 inf
63.5 0.0 inf
64.5 0.0 inf
65.5 0.0 inf
66.5 0.0 inf
67.5 0.0 inf
68.5 0.0 inf
69.5 0.0 inf
70.5 0.0 inf
71.5 0.0 inf
72.5 0.0 inf
73.5 0.0 inf
74.5 0.0 inf
75.5 0.0 inf
76.5 0.0 inf
77.5 0.0 inf
78.5 0.0 inf
79.5 0.0 inf
80.5 0.0 inf
81.5 0.0 inf
82.5 0.0 inf
83.5 0.0 inf
84.5 0.0 inf
85.5 0.0 inf
86.5 0.0 inf
87.5 0.0 inf
88.5 0.0 inf
89.5 0.0 inf
90.5 0.0 inf
91.5 0.0 inf
92.5 0.0 inf
93.5 0.0 inf
94.5 0.0 inf
95.5 0.0 inf
96.5 0.0 inf
97.5 0.0 inf
