0.5 40.3674 0.0015739270920154928
1.5 21.3988 0.002161749116473591
2.5 21.699599999999997 0.0021467137391767217
3.5 19.995199999999997 0.00223633635396582
4.5 17.5731 0.0023854801650024494
5.5 15.7656 0.002518516196924411
6.5 13.863 0.0026857858930094923
7.5 12.4022 0.0028395572861962767
8.5 10.9947 0.0030158400766053498
9.5 9.6297 0.003222505158660879
10.5 8.6726 0.003395668937710809
11.5 7.613899999999999 0.003624068649092203
12.5 6.741 0.003851570364649543
13.5 5.9182 0.004110599652388141
14.5 5.2097 0.00438120568355851
15.5 4.5382 0.004694163197880195
16.5 3.9462 0.0050339680392571555
17.5 3.4692999999999996 0.005368822822179011
18.5 2.9953000000000003 0.005778030589980295
19.5 2.5252 0.006292918535714005
20.5 2.1768 0.006777830996511572
21.5 1.8554 0.007341439494944313
22.5 1.5453000000000001 0.008044398895399207
23.5 1.3111000000000002 0.008733374651996929
24.5 1.1375 0.009376144618769908
25.5 0.8967 0.010560303870779612
26.5 0.7525 0.011527808354084701
27.5 0.6035999999999999 0.012871388071275702
28.5 0.5225 0.013834289277321492
29.5 0.426 0.01532128532589739
30.5 0.3389 0.0171776684306024
31.5 0.2737 0.019114484997483857
32.5 0.2099 0.021826986543983434
33.5 0.1774 0.02374232208416312
34.5 0.1279 0.0279617744210284
35.5 0.1049 0.03087537605472192
36.5 0.0863 0.03404039587848988
37.5 0.07289999999999999 0.03703703703703704
38.5 0.056499999999999995 0.04207031619116713
39.5 0.0404 0.04975185951049946
40.5 0.0286 0.05913123959890826
41.5 0.0238 0.06482037235521643
42.5 0.0199 0.07088812050083358
43.5 0.0137 0.0854357657716761
44.5 0.0095 0.10259783520851541
45.5 0.0081 0.1111111111111111
46.5 0.0056 0.1336306209562122
47.5 0.0036 0.16666666666666666
48.5 0.0034 0.17149858514250882
49.5 0.0033 0.17407765595569785
50.5 0.0019 0.22941573387056174
51.5 0.0013 0.2773500981126146
52.5 0.0011 0.30151134457776363
53.5 0.0006000000000000001 0.40824829046386296
54.5 0.0003 0.5773502691896258
55.5 0.0004 0.5
56.5 0.0006000000000000001 0.40824829046386296
57.5 0.0 inf
58.5 0.00030000000000000003 0.5773502691896257
59.5 0.0 inf
60.5 0.0 inf
61.5 0.0001 1.0
62.5 0.0 inf
63.5 0.0 inf
64.5 0.0001 1.0
65.5 0.0 inf
66.5 0.0 inf
67.5 0.0 inf
68.5 0.0 inf
69.5 0.0 inf
70.5 0.0 inf
71.5 0.0 inf
72.5 0.0 inf
73.5 0.0 inf
74.5 0.0 inf
75.5 0.0 inf
76.5 0.0 inf
77.5 0.0 inf
78.5 0.0 inf
79.5 0.0 inf
80.5 0.0 inf
81.5 0.0 inf
82.5 0.0 inf
83.5 0.0 inf
84.5 0.0 inf
85.5 0.0 inf
86.5 0.0 inf
87.5 0.0 inf
88.5 0.0 inf
89.5 0.0 inf
90.5 0.0 inf
91.5 0.0 inf
92.5 0.0 inf
93.5 0.0 inf
94.5 0.0 inf
95.5 0.0 inf
96.5 0.0 inf
97.5 0.0 inf
