0.5 43.9003 0.0015092676242403854
1.5 23.4767 0.002063865896794436
2.5 23.7845 0.0020504679573710143
3.5 21.8848 0.0021376111640150353
4.5 19.294 0.0022766111729220187
5.5 17.359299999999998 0.002400125193795248
6.5 15.2533 0.0025604605802035277
7.5 13.5037 0.0027212823788331335
8.5 12.0598 0.002879585295861868
9.5 10.516 0.0030837183938793914
10.5 9.422799999999999 0.0032576919401899806
11.5 8.277 0.003475869977921947
12.5 7.3545 0.003687426936375668
13.5 6.4408 0.003940307299211837
14.5 5.7084 0.00418545619794216
15.5 4.9276 0.004504870144710026
16.5 4.3576999999999995 0.00479039511443104
17.5 3.7849000000000004 0.005140114521999304
18.5 3.2047999999999996 0.005585982027109398
19.5 2.7461 0.006034507424092347
20.5 2.3763 0.00648708167628793
21.5 2.0219 0.007032668781438934
22.5 1.7187000000000001 0.00762781166475951
23.5 1.4384000000000001 0.008337966824563375
24.5 1.2075 0.009100315103865803
25.5 0.9799 0.010102040868919413
26.5 0.8176 0.01105934888009522
27.5 0.6484 0.012418767513385191
28.5 0.5695 0.013251136747832066
29.5 0.469 0.014602041508114227
30.5 0.36719999999999997 0.01650245904961124
31.5 0.2943 0.018433375453644367
32.5 0.2314 0.020788268748151588
33.5 0.1844 0.023287321641631116
34.5 0.1353 0.027186362391351842
35.5 0.1136 0.02966954145484633
36.5 0.09620000000000001 0.03224129401095805
37.5 0.07239999999999999 0.03716470731235832
38.5 0.0603 0.040723148118768406
39.5 0.0414 0.04914731871829905
40.5 0.0329 0.055131784641997125
41.5 0.0237 0.06495698024616309
42.5 0.02 0.07071067811865475
43.5 0.0148 0.08219949365267865
44.5 0.012 0.09128709291752768
45.5 0.008799999999999999 0.10660035817780524
46.5 0.0059 0.13018891098082389
47.5 0.0052 0.1386750490563073
48.5 0.0031999999999999997 0.1767766952966369
49.5 0.0033 0.17407765595569785
50.5 0.0017000000000000001 0.24253562503633297
51.5 0.0013 0.2773500981126146
52.5 0.0009 0.3333333333333333
53.5 0.001 0.31622776601683794
54.5 0.0007 0.3779644730092272
55.5 0.0001 1.0
56.5 0.0004 0.5
57.5 0.0001 1.0
58.5 0.0001 1.0
59.5 0.0001 1.0
60.5 0.0002 0.7071067811865475
61.5 0.0 inf
62.5 0.0001 1.0
63.5 0.0 inf
64.5 0.0 inf
65.5 0.0 inf
66.5 0.0 inf
67.5 0.0 inf
68.5 0.0 inf
69.5 0.0 inf
70.5 0.0 inf
71.5 0.0 inf
72.5 0.0 inf
73.5 0.0 inf
74.5 0.0 inf
75.5 0.0 inf
76.5 0.0 inf
77.5 0.0 inf
78.5 0.0 inf
79.5 0.0 inf
80.5 0.0 inf
81.5 0.0 inf
82.5 0.0 inf
83.5 0.0 inf
84.5 0.0 inf
85.5 0.0 inf
86.5 0.0 inf
87.5 0.0 inf
88.5 0.0 inf
89.5 0.0 inf
90.5 0.0 inf
91.5 0.0 inf
92.5 0.0 inf
93.5 0.0 inf
94.5 0.0 inf
95.5 0.0 inf
96.5 0.0 inf
97.5 0.0 inf
