0.5 46.522 0.0014661243661072934
1.5 24.9059 0.0020037746592116486
2.5 25.249699999999997 0.001990086202749368
3.5 23.2836 0.00207240644930641
4.5 20.4493 0.002211366758110943
5.5 18.237299999999998 0.002341637847380125
6.5 16.1746 0.0024864700093636337
7.5 14.286999999999999 0.0026456322602914596
8.5 12.791 0.002796068137431763
9.5 11.1339 0.002996928224352109
10.5 9.943 0.0031713288638276728
11.5 8.717600000000001 0.0033868934257187963
12.5 7.7956 0.00358158470325746
13.5 6.7812 0.003840137043111907
14.5 5.975300000000001 0.004090912049214328
15.5 5.2012 0.004384784189083229
16.5 4.560499999999999 0.004682672339488305
17.5 3.9829999999999997 0.005010658987581552
18.5 3.3971 0.00542557578756874
19.5 2.8735999999999997 0.00589911472728761
20.5 2.489 0.006338515427323549
21.5 2.1046 0.006893110126399593
22.5 1.7915 0.007471221183117703
23.5 1.4857 0.00820416598462418
24.5 1.2624 0.008900235681361305
25.5 1.0243 0.009880670430186205
26.5 0.8505 0.010843334143872592
27.5 0.6896 0.0120420762714772
28.5 0.5959 0.012954280817885737
29.5 0.47509999999999997 0.01450799792489219
30.5 0.39390000000000003 0.015933346823572687
31.5 0.3049 0.018110118323750115
32.5 0.2485 0.020060271357125986
33.5 0.1906 0.022905435417568808
34.5 0.1479 0.02600254837461719
35.5 0.117 0.029235267310234306
36.5 0.0884 0.03363363969981562
37.5 0.0743 0.03668644191235265
38.5 0.059399999999999994 0.041030496993110906
39.5 0.0484 0.045454545454545456
40.5 0.0365 0.052342392259021375
41.5 0.024599999999999997 0.06375767130633384
42.5 0.0207 0.06950480468569159
43.5 0.015300000000000001 0.08084520834544433
44.5 0.01 0.1
45.5 0.0098 0.10101525445522107
46.5 0.0072 0.11785113019775793
47.5 0.0046 0.14744195615489714
48.5 0.004 0.15811388300841897
49.5 0.0021 0.2182178902359924
50.5 0.0031999999999999997 0.1767766952966369
51.5 0.0017 0.24253562503633297
52.5 0.001 0.31622776601683794
53.5 0.0007 0.3779644730092272
54.5 0.0005 0.4472135954999579
55.5 0.00030000000000000003 0.5773502691896257
56.5 0.0004 0.5
57.5 0.00030000000000000003 0.5773502691896257
58.5 0.0001 1.0
59.5 0.0 inf
60.5 0.0 inf
61.5 0.0 inf
62.5 0.0 inf
63.5 0.0001 1.0
64.5 0.0001 1.0
65.5 0.0 inf
66.5 0.0 inf
67.5 0.0 inf
68.5 0.0 inf
69.5 0.0 inf
70.5 0.0 inf
71.5 0.0 inf
72.5 0.0 inf
73.5 0.0 inf
74.5 0.0 inf
75.5 0.0 inf
76.5 0.0 inf
77.5 0.0 inf
78.5 0.0 inf
79.5 0.0 inf
80.5 0.0 inf
81.5 0.0 inf
82.5 0.0 inf
83.5 0.0 inf
84.5 0.0 inf
85.5 0.0 inf
86.5 0.0 inf
87.5 0.0 inf
88.5 0.0 inf
89.5 0.0 inf
90.5 0.0 inf
91.5 0.0 inf
92.5 0.0 inf
93.5 0.0 inf
94.5 0.0 inf
95.5 0.0 inf
96.5 0.0 inf
97.5 0.0 inf
