0.5 40.0428 0.0015802935990475522
1.5 21.234499999999997 0.0021700961694001318
2.5 21.589199999999998 0.0021521955307152846
3.5 19.761 0.002249549432252009
4.5 17.4911 0.0023910653097432484
5.5 15.6314 0.0025293041796711994
6.5 13.7837 0.002693500707160859
7.5 12.218699999999998 0.0028608000127138536
8.5 10.933900000000001 0.003024213524174066
9.5 9.5586 0.0032344679788664844
10.5 8.586200000000002 0.00341271090191901
11.5 7.536099999999999 0.0036427274101740034
12.5 6.71 0.003860457182410915
13.5 5.890499999999999 0.004120253337444538
14.5 5.176 0.004395445162460549
15.5 4.4938 0.004717296020835071
16.5 3.9428 0.005036138045739528
17.5 3.4520999999999997 0.0053821812146228045
18.5 2.8994 0.005872809758618352
19.5 2.5329 0.006283346038795482
20.5 2.1451000000000002 0.006827728267339026
21.5 1.8631 0.007326253081886308
22.5 1.5389 0.00806110912208244
23.5 1.2699 0.008873914467750035
24.5 1.0994000000000002 0.009537227309236389
25.5 0.8935 0.010579197418473024
26.5 0.7604 0.011467769256492184
27.5 0.6159 0.012742214098544197
28.5 0.5135000000000001 0.0139549979180889
29.5 0.4279 0.015287232008811677
30.5 0.3355 0.01726448936819622
31.5 0.2693 0.01927000482039231
32.5 0.21289999999999998 0.02167265757643838
33.5 0.17470000000000002 0.023925088201495553
34.5 0.1288 0.02786391062876764
35.5 0.1118 0.02990743022772896
36.5 0.0862 0.03406013516450858
37.5 0.067 0.03863337046431279
38.5 0.0562 0.04218245406095978
39.5 0.037500000000000006 0.051639777949432225
40.5 0.0351 0.05337605126836238
41.5 0.0232 0.06565321642986129
42.5 0.0187 0.07312724241271307
43.5 0.0133 0.086710996952412
44.5 0.011099999999999999 0.0949157995752499
45.5 0.0071 0.11867816581938533
46.5 0.0056 0.1336306209562122
47.5 0.0044 0.15075567228888181
48.5 0.0034000000000000002 0.17149858514250882
49.5 0.0024000000000000002 0.20412414523193148
50.5 0.002 0.22360679774997896
51.5 0.0017 0.24253562503633297
52.5 0.0012000000000000001 0.28867513459481287
53.5 0.0005 0.4472135954999579
54.5 0.0007 0.3779644730092272
55.5 0.0002 0.7071067811865475
56.5 0.0002 0.7071067811865475
57.5 0.0002 0.7071067811865475
58.5 0.0 inf
59.5 0.0 inf
60.5 0.0 inf
61.5 0.0 inf
62.5 0.0 inf
63.5 0.0 inf
64.5 0.0 inf
65.5 0.0 inf
66.5 0.0 inf
67.5 0.0 inf
68.5 0.0 inf
69.5 0.0 inf
70.5 0.0 inf
71.5 0.0 inf
72.5 0.0001 1.0
73.5 0.0 inf
74.5 0.0 inf
75.5 0.0 inf
76.5 0.0 inf
77.5 0.0 inf
78.5 0.0 inf
79.5 0.0 inf
80.5 0.0 inf
81.5 0.0 inf
82.5 0.0 inf
83.5 0.0 inf
84.5 0.0 inf
85.5 0.0 inf
86.5 0.0 inf
87.5 0.0 inf
88.5 0.0 inf
89.5 0.0 inf
90.5 0.0 inf
91.5 0.0 inf
92.5 0.0 inf
93.5 0.0 inf
94.5 0.0 inf
95.5 0.0 inf
96.5 0.0 inf
97.5 0.0 inf
