0.5 38.463699999999996 0.001612406241680887
1.5 20.3584 0.0022162981220062205
2.5 20.5457 0.002206172814904034
3.5 18.905900000000003 0.002299859586359301
4.5 16.6553 0.002450325446272104
5.5 14.9637 0.0025851187859321136
6.5 13.0897 0.0027639816371178108
7.5 11.6614 0.0029283612664295286
8.5 10.417300000000001 0.0030982924903058436
9.5 9.1232 0.0033107501102512915
10.5 8.1594 0.0035008289193816135
11.5 7.1723 0.003733969589577711
12.5 6.362299999999999 0.003964541134536414
13.5 5.5862 0.004230987670534873
14.5 4.9303 0.00450363646571631
15.5 4.2783 0.00483464269159119
16.5 3.7897 0.005136858279135142
17.5 3.2794 0.00552208139526238
18.5 2.8218 0.005953013746828324
19.5 2.4048 0.006448526937784475
20.5 2.0753 0.00694159956076447
21.5 1.7647 0.0075277390733330535
22.5 1.4834 0.008210523768480556
23.5 1.2207 0.009050978384447557
24.5 1.0437 0.00978841014039331
25.5 0.8521000000000001 0.010833149020907498
26.5 0.7034 0.011923364427786041
27.5 0.5692999999999999 0.013253464162752594
28.5 0.5027 0.014104105809173007
29.5 0.3932 0.01594752330273742
30.5 0.327 0.017487435419566724
31.5 0.2609 0.01957775820486337
32.5 0.20190000000000002 0.022255217373611656
33.5 0.1646 0.024648192922358196
34.5 0.1286 0.027885569326658022
35.5 0.0986 0.0318464877649241
36.5 0.0809 0.035158127696731496
37.5 0.060700000000000004 0.04058874792340995
38.5 0.051000000000000004 0.044280744277004756
39.5 0.0388 0.05076730825668096
40.5 0.027299999999999998 0.060522753266880246
41.5 0.0235 0.06523280730534423
42.5 0.0172 0.07624928516630233
43.5 0.0131 0.0873704056661038
44.5 0.009000000000000001 0.10540925533894598
45.5 0.008 0.11180339887498948
46.5 0.0055 0.13483997249264842
47.5 0.0044 0.15075567228888181
48.5 0.0024000000000000002 0.20412414523193148
49.5 0.0029 0.18569533817705186
50.5 0.0014 0.2672612419124244
51.5 0.0014 0.2672612419124244
52.5 0.0009 0.3333333333333333
53.5 0.0006 0.4082482904638631
54.5 0.0002 0.7071067811865475
55.5 0.0005 0.4472135954999579
56.5 0.0002 0.7071067811865475
57.5 0.0 inf
58.5 0.0 inf
59.5 0.0001 1.0
60.5 0.0001 1.0
61.5 0.0 inf
62.5 0.0 inf
63.5 0.0001 1.0
64.5 0.0 inf
65.5 0.0 inf
66.5 0.0 inf
67.5 0.0001 1.0
68.5 0.0 inf
69.5 0.0 inf
70.5 0.0 inf
71.5 0.0 inf
72.5 0.0 inf
73.5 0.0 inf
74.5 0.0 inf
75.5 0.0 inf
76.5 0.0 inf
77.5 0.0 inf
78.5 0.0 inf
79.5 0.0 inf
80.5 0.0 inf
81.5 0.0 inf
82.5 0.0 inf
83.5 0.0 inf
84.5 0.0 inf
85.5 0.0 inf
86.5 0.0 inf
87.5 0.0 inf
88.5 0.0 inf
89.5 0.0 inf
90.5 0.0 inf
91.5 0.0 inf
92.5 0.0 inf
93.5 0.0 inf
94.5 0.0 inf
95.5 0.0 inf
96.5 0.0 inf
97.5 0.0 inf
