0.5 38.6517 0.0016084801287555607
1.5 20.413800000000002 0.0022132887280470978
2.5 20.6948 0.0021982110324624995
3.5 19.0184 0.0022930472897542383
4.5 16.7164 0.0024458432628826606
5.5 15.0341 0.002579059031234805
6.5 13.2117 0.0027511904053110626
7.5 11.7487 0.002917461225894228
8.5 10.456199999999999 0.0030925238610590793
9.5 9.1579 0.0033044718116956046
10.5 8.192499999999999 0.00349374959569404
11.5 7.1998999999999995 0.0037268058431856464
12.5 6.422499999999999 0.0039459169785828535
13.5 5.5954999999999995 0.004227470152118416
14.5 4.9925 0.004475493835053446
15.5 4.2916 0.004827145412791937
16.5 3.825 0.005113099925649137
17.5 3.3303 0.005479719414863111
18.5 2.7987 0.005977530848864767
19.5 2.3946 0.0064622463648367915
20.5 2.0605 0.00696648474703332
21.5 1.7721 0.0075120053266747215
22.5 1.5112999999999999 0.008134383785099513
23.5 1.2429 0.00896978236836208
24.5 1.0571000000000002 0.009726172405734309
25.5 0.8487 0.01085482681709727
26.5 0.7213 0.011774488067426342
27.5 0.5912 0.013005671709567717
28.5 0.5037 0.014090098351343262
29.5 0.4032 0.0157485197087178
30.5 0.3189 0.017708131581681406
31.5 0.2701 0.019241446072101123
32.5 0.1999 0.02236627204212922
33.5 0.1648 0.02463323195410733
34.5 0.12689999999999999 0.028071730702217298
35.5 0.1073 0.03052812554363318
36.5 0.081 0.03513641844631533
37.5 0.0637 0.03962144258751636
38.5 0.0501 0.04467670516087703
39.5 0.0387 0.05083285677753489
40.5 0.0284 0.05933908290969266
41.5 0.0231 0.0657951694959769
42.5 0.0173 0.07602859212697055
43.5 0.012 0.09128709291752768
44.5 0.0108 0.09622504486493763
45.5 0.008 0.11180339887498948
46.5 0.0055 0.13483997249264842
47.5 0.004699999999999999 0.14586499149789456
48.5 0.0029 0.18569533817705186
49.5 0.002 0.22360679774997896
50.5 0.0018 0.23570226039551587
51.5 0.0009 0.3333333333333333
52.5 0.0007 0.3779644730092272
53.5 0.0005 0.4472135954999579
54.5 0.0006 0.4082482904638631
55.5 0.0006000000000000001 0.40824829046386296
56.5 0.0001 1.0
57.5 0.0001 1.0
58.5 0.0001 1.0
59.5 0.0 inf
60.5 0.0 inf
61.5 0.0002 0.7071067811865475
62.5 0.0001 1.0
63.5 0.0001 1.0
64.5 0.0 inf
65.5 0.0 inf
66.5 0.0 inf
67.5 0.0 inf
68.5 0.0 inf
69.5 0.0 inf
70.5 0.0 inf
71.5 0.0 inf
72.5 0.0 inf
73.5 0.0 inf
74.5 0.0 inf
75.5 0.0 inf
76.5 0.0 inf
77.5 0.0 inf
78.5 0.0 inf
79.5 0.0 inf
80.5 0.0 inf
81.5 0.0 inf
82.5 0.0 inf
83.5 0.0 inf
84.5 0.0 inf
85.5 0.0 inf
86.5 0.0 inf
87.5 0.0 inf
88.5 0.0 inf
89.5 0.0 inf
90.5 0.0 inf
91.5 0.0 inf
92.5 0.0 inf
93.5 0.0 inf
94.5 0.0 inf
95.5 0.0 inf
96.5 0.0 inf
97.5 0.0 inf
