0.5 57891.0 0.004156181206435201
1.5 20309.0 0.007017068727960161
2.5 15819.0 0.007950793737543241
3.5 10951.0 0.009555933317324575
4.5 7620.0 0.011455723277057845
5.5 5414.0 0.01359067021732335
6.5 4004.0 0.01580348853102535
7.5 2977.0 0.01832781036708598
8.5 2233.0 0.021161947784524245
9.5 1684.0 0.024368508941428967
10.5 1343.0 0.027287389727190907
11.5 968.0 0.03214121732666125
12.5 785.0 0.03569153051241249
13.5 566.0 0.04203313517091986
14.5 504.0 0.0445435403187374
15.5 379.0 0.051366549693751415
16.5 278.0 0.05997601439040672
17.5 219.0 0.06757373783994859
18.5 175.0 0.07559289460184544
19.5 149.0 0.08192319205190406
20.5 117.0 0.09245003270420485
21.5 88.0 0.10660035817780521
22.5 60.0 0.12909944487358055
23.5 45.0 0.14907119849998599
24.5 33.0 0.17407765595569785
25.5 28.0 0.1889822365046136
26.5 20.0 0.22360679774997896
27.5 19.0 0.22941573387056174
28.5 14.0 0.2672612419124244
29.5 8.0 0.35355339059327373
30.5 9.0 0.3333333333333333
31.5 3.0 0.5773502691896258
32.5 6.0 0.4082482904638631
33.5 0.0 inf
34.5 1.0 1.0
35.5 2.0 0.7071067811865475
36.5 0.0 inf
37.5 3.0 0.5773502691896258
38.5 0.0 inf
39.5 1.0 1.0
40.5 0.0 inf
41.5 0.0 inf
42.5 0.0 inf
43.5 0.0 inf
44.5 0.0 inf
45.5 0.0 inf
46.5 0.0 inf
47.5 0.0 inf
48.5 0.0 inf
49.5 0.0 inf
50.5 0.0 inf
51.5 0.0 inf
52.5 0.0 inf
53.5 0.0 inf
54.5 0.0 inf
55.5 0.0 inf
56.5 0.0 inf
57.5 0.0 inf
58.5 0.0 inf
59.5 0.0 inf
60.5 0.0 inf
61.5 0.0 inf
62.5 0.0 inf
63.5 0.0 inf
64.5 0.0 inf
65.5 0.0 inf
66.5 0.0 inf
67.5 0.0 inf
68.5 0.0 inf
69.5 0.0 inf
70.5 0.0 inf
71.5 0.0 inf
72.5 0.0 inf
73.5 0.0 inf
74.5 0.0 inf
75.5 0.0 inf
76.5 0.0 inf
77.5 0.0 inf
78.5 0.0 inf
79.5 0.0 inf
80.5 0.0 inf
81.5 0.0 inf
82.5 0.0 inf
83.5 0.0 inf
84.5 0.0 inf
85.5 0.0 inf
86.5 0.0 inf
87.5 0.0 inf
88.5 0.0 inf
89.5 0.0 inf
90.5 0.0 inf
91.5 0.0 inf
92.5 0.0 inf
93.5 0.0 inf
94.5 0.0 inf
95.5 0.0 inf
96.5 0.0 inf
97.5 0.0 inf
