0.5 781272.0 0.0011313549205333368
1.5 110526.0 0.003007930334637596
2.5 62862.0 0.003988466079238352
3.5 34496.0 0.00538413115317435
4.5 20061.0 0.007060309037902125
5.5 12665.0 0.00888581777889262
6.5 8257.0 0.011004969866095206
7.5 5823.0 0.01310468556617919
8.5 4081.0 0.015653689050413564
9.5 2909.0 0.01854078591978247
10.5 2237.0 0.021143019383791626
11.5 1612.0 0.024906774069335894
12.5 1231.0 0.028501713717057404
13.5 919.0 0.03298695623770211
14.5 721.0 0.03724194613619294
15.5 555.0 0.04244763599780089
16.5 414.0 0.04914731871829905
17.5 324.0 0.05555555555555555
18.5 283.0 0.0594438298277764
19.5 198.0 0.07106690545187015
20.5 140.0 0.08451542547285165
21.5 111.0 0.0949157995752499
22.5 82.0 0.11043152607484653
23.5 57.0 0.13245323570650439
24.5 59.0 0.13018891098082389
25.5 37.0 0.1643989873053573
26.5 29.0 0.18569533817705186
27.5 28.0 0.1889822365046136
28.5 18.0 0.23570226039551587
29.5 13.0 0.2773500981126146
30.5 6.0 0.4082482904638631
31.5 5.0 0.4472135954999579
32.5 4.0 0.5
33.5 5.0 0.4472135954999579
34.5 4.0 0.5
35.5 3.0 0.5773502691896258
36.5 0.0 inf
37.5 1.0 1.0
38.5 2.0 0.7071067811865475
39.5 1.0 1.0
40.5 0.0 inf
41.5 0.0 inf
42.5 0.0 inf
43.5 0.0 inf
44.5 0.0 inf
45.5 0.0 inf
46.5 0.0 inf
47.5 0.0 inf
48.5 0.0 inf
49.5 0.0 inf
50.5 0.0 inf
51.5 0.0 inf
52.5 0.0 inf
53.5 0.0 inf
54.5 0.0 inf
55.5 0.0 inf
56.5 0.0 inf
57.5 0.0 inf
58.5 0.0 inf
59.5 0.0 inf
60.5 0.0 inf
61.5 0.0 inf
62.5 0.0 inf
63.5 0.0 inf
64.5 0.0 inf
65.5 0.0 inf
66.5 0.0 inf
67.5 0.0 inf
68.5 0.0 inf
69.5 0.0 inf
70.5 0.0 inf
71.5 0.0 inf
72.5 0.0 inf
73.5 0.0 inf
74.5 0.0 inf
75.5 0.0 inf
76.5 0.0 inf
77.5 0.0 inf
78.5 0.0 inf
79.5 0.0 inf
80.5 0.0 inf
81.5 0.0 inf
82.5 0.0 inf
83.5 0.0 inf
84.5 0.0 inf
85.5 0.0 inf
86.5 0.0 inf
87.5 0.0 inf
88.5 0.0 inf
89.5 0.0 inf
90.5 0.0 inf
91.5 0.0 inf
92.5 0.0 inf
93.5 0.0 inf
94.5 0.0 inf
95.5 0.0 inf
96.5 0.0 inf
97.5 0.0 inf
