0.5 1276.0 0.027994625547792716
1.5 673.0 0.03854716722458499
2.5 663.0 0.03883678186903087
3.5 593.0 0.04106507811765909
4.5 512.0 0.044194173824159216
5.5 431.0 0.0481683050859088
6.5 382.0 0.05116445100966508
7.5 269.0 0.06097107608496923
8.5 257.0 0.06237828615518053
9.5 217.0 0.06788442333021306
10.5 172.0 0.07624928516630233
11.5 116.0 0.09284766908852593
12.5 111.0 0.0949157995752499
13.5 93.0 0.10369516947304253
14.5 87.0 0.10721125348377948
15.5 76.0 0.11470786693528087
16.5 56.0 0.1336306209562122
17.5 55.0 0.13483997249264842
18.5 26.0 0.19611613513818404
19.5 32.0 0.17677669529663687
20.5 18.0 0.23570226039551587
21.5 20.0 0.22360679774997896
22.5 14.0 0.2672612419124244
23.5 7.0 0.3779644730092272
24.5 6.0 0.4082482904638631
25.5 7.0 0.3779644730092272
26.5 6.0 0.4082482904638631
27.5 3.0 0.5773502691896258
28.5 1.0 1.0
29.5 1.0 1.0
30.5 0.0 inf
31.5 0.0 inf
32.5 0.0 inf
33.5 0.0 inf
34.5 0.0 inf
35.5 0.0 inf
36.5 0.0 inf
37.5 0.0 inf
38.5 0.0 inf
39.5 0.0 inf
40.5 0.0 inf
41.5 0.0 inf
42.5 0.0 inf
43.5 0.0 inf
44.5 0.0 inf
45.5 0.0 inf
46.5 0.0 inf
47.5 0.0 inf
48.5 0.0 inf
49.5 0.0 inf
50.5 0.0 inf
51.5 0.0 inf
52.5 0.0 inf
53.5 0.0 inf
54.5 0.0 inf
55.5 0.0 inf
56.5 0.0 inf
57.5 0.0 inf
58.5 0.0 inf
59.5 0.0 inf
60.5 0.0 inf
61.5 0.0 inf
62.5 0.0 inf
63.5 0.0 inf
64.5 0.0 inf
65.5 0.0 inf
66.5 0.0 inf
67.5 0.0 inf
68.5 0.0 inf
69.5 0.0 inf
70.5 0.0 inf
71.5 0.0 inf
72.5 0.0 inf
73.5 0.0 inf
74.5 0.0 inf
75.5 0.0 inf
76.5 0.0 inf
77.5 0.0 inf
78.5 0.0 inf
79.5 0.0 inf
80.5 0.0 inf
81.5 0.0 inf
82.5 0.0 inf
83.5 0.0 inf
84.5 0.0 inf
85.5 0.0 inf
86.5 0.0 inf
87.5 0.0 inf
88.5 0.0 inf
89.5 0.0 inf
90.5 0.0 inf
91.5 0.0 inf
92.5 0.0 inf
93.5 0.0 inf
94.5 0.0 inf
95.5 0.0 inf
96.5 0.0 inf
97.5 0.0 inf
