0.5 38.6187 0.0016091672118241148
1.5 20.3265 0.0022180365470445447
2.5 20.706699999999998 0.0021975792932023785
3.5 18.9217 0.0022988991713245054
4.5 16.7153 0.0024459237395515728
5.5 15.0122 0.0025809395287248738
6.5 13.1358 0.0027591272869988324
7.5 11.6487 0.0029299571551102883
8.5 10.4796 0.0030890692683421986
9.5 9.1616 0.0033038044729990592
10.5 8.2049 0.0034911085595082073
11.5 7.21 0.0037241946136192935
12.5 6.4077 0.003950471334162077
13.5 5.5899 0.004229587176275204
14.5 4.909599999999999 0.00451312066164497
15.5 4.2923 0.004826751784717897
16.5 3.7497 0.005164184366449393
17.5 3.3038 0.00550165211911039
18.5 2.8078 0.005967836483902417
19.5 2.4074 0.006445043781814495
20.5 2.0858 0.006924105372502064
21.5 1.7664 0.007524115817860575
22.5 1.4857 0.00820416598462418
23.5 1.2696 0.008874962836170935
24.5 1.0403 0.00980439276376235
25.5 0.8511 0.010839511357170368
26.5 0.7289 0.011712942866506513
27.5 0.5861000000000001 0.013062134137808021
28.5 0.49870000000000003 0.014160556328208415
29.5 0.4008 0.015795600590164088
30.5 0.3267 0.01749546270271593
31.5 0.25980000000000003 0.019619160796573762
32.5 0.2092 0.021863473472331304
33.5 0.1614 0.024891337579430815
34.5 0.122 0.028629916715693413
35.5 0.1041 0.030993786368687184
36.5 0.0761 0.03624997167972069
37.5 0.06509999999999999 0.03919309008348103
38.5 0.050699999999999995 0.04441155916843276
39.5 0.0407 0.04956815970966096
40.5 0.0298 0.057928444636349226
41.5 0.022600000000000002 0.06651901052377392
42.5 0.0162 0.07856742013183861
43.5 0.0138 0.08512565307587486
44.5 0.0093 0.10369516947304253
45.5 0.0074 0.11624763874381928
46.5 0.0065 0.12403473458920847
47.5 0.0048 0.14433756729740646
48.5 0.0027 0.19245008972987526
49.5 0.0026 0.19611613513818404
50.5 0.0022 0.21320071635561041
51.5 0.0015 0.2581988897471611
52.5 0.0009 0.3333333333333333
53.5 0.0009 0.3333333333333333
54.5 0.0006000000000000001 0.40824829046386296
55.5 0.0001 1.0
56.5 0.00030000000000000003 0.5773502691896257
57.5 0.0001 1.0
58.5 0.0003 0.5773502691896258
59.5 0.0 inf
60.5 0.0 inf
61.5 0.0001 1.0
62.5 0.0 inf
63.5 0.0 inf
64.5 0.0 inf
65.5 0.0 inf
66.5 0.0 inf
67.5 0.0 inf
68.5 0.0 inf
69.5 0.0 inf
70.5 0.0 inf
71.5 0.0 inf
72.5 0.0 inf
73.5 0.0 inf
74.5 0.0 inf
75.5 0.0 inf
76.5 0.0 inf
77.5 0.0 inf
78.5 0.0 inf
79.5 0.0 inf
80.5 0.0 inf
81.5 0.0 inf
82.5 0.0 inf
83.5 0.0 inf
84.5 0.0 inf
85.5 0.0 inf
86.5 0.0 inf
87.5 0.0 inf
88.5 0.0 inf
89.5 0.0 inf
90.5 0.0 inf
91.5 0.0 inf
92.5 0.0 inf
93.5 0.0 inf
94.5 0.0 inf
95.5 0.0 inf
96.5 0.0 inf
97.5 0.0 inf
