0.5 158728.0 0.002509997147640862
1.5 43109.0 0.00481632767000185
2.5 30041.0 0.0057695615043143016
3.5 19041.0 0.0072469476396553965
4.5 12273.0 0.009026609043385555
5.5 8303.0 0.010974442845109197
6.5 5681.0 0.013267454452533899
7.5 4190.0 0.015448737310436523
8.5 3035.0 0.018151839895669614
9.5 2265.0 0.021011927654376678
10.5 1689.0 0.02433241277446361
11.5 1243.0 0.02836380138986998
12.5 1018.0 0.031341957040361135
13.5 735.0 0.03688555567816588
14.5 602.0 0.04075695729696112
15.5 463.0 0.04647394123401731
16.5 348.0 0.05360562674188974
17.5 290.0 0.058722021951470346
18.5 222.0 0.06711560552140243
19.5 173.0 0.07602859212697055
20.5 141.0 0.0842151921066519
21.5 108.0 0.09622504486493763
22.5 81.0 0.1111111111111111
23.5 57.0 0.13245323570650439
24.5 40.0 0.15811388300841897
25.5 34.0 0.17149858514250882
26.5 23.0 0.20851441405707477
27.5 17.0 0.24253562503633297
28.5 18.0 0.23570226039551587
29.5 9.0 0.3333333333333333
30.5 7.0 0.3779644730092272
31.5 5.0 0.4472135954999579
32.5 3.0 0.5773502691896258
33.5 0.0 inf
34.5 2.0 0.7071067811865475
35.5 0.0 inf
36.5 1.0 1.0
37.5 1.0 1.0
38.5 0.0 inf
39.5 0.0 inf
40.5 0.0 inf
41.5 0.0 inf
42.5 0.0 inf
43.5 0.0 inf
44.5 0.0 inf
45.5 0.0 inf
46.5 0.0 inf
47.5 0.0 inf
48.5 0.0 inf
49.5 0.0 inf
50.5 0.0 inf
51.5 0.0 inf
52.5 0.0 inf
53.5 0.0 inf
54.5 0.0 inf
55.5 0.0 inf
56.5 0.0 inf
57.5 0.0 inf
58.5 0.0 inf
59.5 0.0 inf
60.5 0.0 inf
61.5 0.0 inf
62.5 0.0 inf
63.5 0.0 inf
64.5 0.0 inf
65.5 0.0 inf
66.5 0.0 inf
67.5 0.0 inf
68.5 0.0 inf
69.5 0.0 inf
70.5 0.0 inf
71.5 0.0 inf
72.5 0.0 inf
73.5 0.0 inf
74.5 0.0 inf
75.5 0.0 inf
76.5 0.0 inf
77.5 0.0 inf
78.5 0.0 inf
79.5 0.0 inf
80.5 0.0 inf
81.5 0.0 inf
82.5 0.0 inf
83.5 0.0 inf
84.5 0.0 inf
85.5 0.0 inf
86.5 0.0 inf
87.5 0.0 inf
88.5 0.0 inf
89.5 0.0 inf
90.5 0.0 inf
91.5 0.0 inf
92.5 0.0 inf
93.5 0.0 inf
94.5 0.0 inf
95.5 0.0 inf
96.5 0.0 inf
97.5 0.0 inf
