0.5 2901.0 0.018566333001716968
1.5 1443.0 0.02632490632463282
2.5 1411.0 0.026621743403250103
3.5 1253.0 0.02825039109405883
4.5 978.0 0.03197647396955397
5.5 817.0 0.03498557142706598
6.5 652.0 0.03916302249939787
7.5 525.0 0.04364357804719848
8.5 476.0 0.045834924851410566
9.5 331.0 0.05496497099293127
10.5 310.0 0.05679618342470648
11.5 272.0 0.06063390625908324
12.5 232.0 0.06565321642986127
13.5 154.0 0.08058229640253803
14.5 151.0 0.08137884587711594
15.5 105.0 0.09759000729485333
16.5 96.0 0.10206207261596577
17.5 84.0 0.1091089451179962
18.5 67.0 0.12216944435630522
19.5 43.0 0.15249857033260467
20.5 44.0 0.15075567228888181
21.5 38.0 0.16222142113076254
22.5 11.0 0.30151134457776363
23.5 14.0 0.2672612419124244
24.5 16.0 0.25
25.5 12.0 0.2886751345948129
26.5 2.0 0.7071067811865475
27.5 6.0 0.4082482904638631
28.5 8.0 0.35355339059327373
29.5 4.0 0.5
30.5 2.0 0.7071067811865475
31.5 0.0 inf
32.5 1.0 1.0
33.5 0.0 inf
34.5 0.0 inf
35.5 1.0 1.0
36.5 0.0 inf
37.5 0.0 inf
38.5 0.0 inf
39.5 0.0 inf
40.5 0.0 inf
41.5 0.0 inf
42.5 0.0 inf
43.5 0.0 inf
44.5 0.0 inf
45.5 0.0 inf
46.5 0.0 inf
47.5 0.0 inf
48.5 0.0 inf
49.5 0.0 inf
50.5 0.0 inf
51.5 0.0 inf
52.5 0.0 inf
53.5 0.0 inf
54.5 0.0 inf
55.5 0.0 inf
56.5 0.0 inf
57.5 0.0 inf
58.5 0.0 inf
59.5 0.0 inf
60.5 0.0 inf
61.5 0.0 inf
62.5 0.0 inf
63.5 0.0 inf
64.5 0.0 inf
65.5 0.0 inf
66.5 0.0 inf
67.5 0.0 inf
68.5 0.0 inf
69.5 0.0 inf
70.5 0.0 inf
71.5 0.0 inf
72.5 0.0 inf
73.5 0.0 inf
74.5 0.0 inf
75.5 0.0 inf
76.5 0.0 inf
77.5 0.0 inf
78.5 0.0 inf
79.5 0.0 inf
80.5 0.0 inf
81.5 0.0 inf
82.5 0.0 inf
83.5 0.0 inf
84.5 0.0 inf
85.5 0.0 inf
86.5 0.0 inf
87.5 0.0 inf
88.5 0.0 inf
89.5 0.0 inf
90.5 0.0 inf
91.5 0.0 inf
92.5 0.0 inf
93.5 0.0 inf
94.5 0.0 inf
95.5 0.0 inf
96.5 0.0 inf
97.5 0.0 inf
