0.5 40.9773 0.0015621701331755722
1.5 21.7538 0.0021440377826010154
2.5 22.0792 0.0021281798812294544
3.5 20.3103 0.0022189209512585616
4.5 17.884700000000002 0.002364608085003139
5.5 16.0947 0.002492634243473989
6.5 14.1465 0.0026587377262460308
7.5 12.5399 0.0028239237333109813
8.5 11.2375 0.0029830816982178835
9.5 9.8018 0.0031940895037175744
10.5 8.808399999999999 0.003369391577181473
11.5 7.6997 0.0036038200557528574
12.5 6.878399999999999 0.00381290764544906
13.5 6.032500000000001 0.004071470896250356
14.5 5.3641000000000005 0.0043176910878438305
15.5 4.5969 0.004664095903603581
16.5 4.1226 0.004925092601846016
17.5 3.5392 0.005315540694532029
18.5 2.9899 0.005783246030270863
19.5 2.5966 0.006205795692508314
20.5 2.2394 0.006682426075527488
21.5 1.9222000000000001 0.0072127472448162795
22.5 1.5871 0.007937757996831099
23.5 1.3349 0.008655170617922573
24.5 1.1448 0.009346202568200738
25.5 0.9269000000000001 0.010386842802239036
26.5 0.7732 0.011372451079658877
27.5 0.6226 0.012673467102202931
28.5 0.5307999999999999 0.013725701281150705
29.5 0.4234 0.015368255536133623
30.5 0.34219999999999995 0.017094641498783945
31.5 0.2803 0.018888107730216267
32.5 0.21789999999999998 0.021422560838887206
33.5 0.1731 0.024035406196088644
34.5 0.13540000000000002 0.027176321259932197
35.5 0.1089 0.030303030303030304
36.5 0.0848 0.03434014098717226
37.5 0.07250000000000001 0.03713906763541037
38.5 0.0527 0.04356068418690321
39.5 0.0409 0.049446817643414874
40.5 0.0314 0.05643326479831003
41.5 0.0235 0.06523280730534423
42.5 0.0196 0.07142857142857142
43.5 0.0123 0.09016696346674323
44.5 0.0091 0.10482848367219183
45.5 0.008799999999999999 0.10660035817780524
46.5 0.0056 0.1336306209562122
47.5 0.004 0.15811388300841897
48.5 0.0043 0.15249857033260467
49.5 0.0036 0.16666666666666666
50.5 0.0021 0.2182178902359924
51.5 0.0015 0.2581988897471611
52.5 0.001 0.31622776601683794
53.5 0.0008 0.35355339059327373
54.5 0.0002 0.7071067811865475
55.5 0.0005 0.4472135954999579
56.5 0.0001 1.0
57.5 0.0 inf
58.5 0.0001 1.0
59.5 0.0 inf
60.5 0.0 inf
61.5 0.0 inf
62.5 0.0 inf
63.5 0.0 inf
64.5 0.0 inf
65.5 0.0 inf
66.5 0.0 inf
67.5 0.0 inf
68.5 0.0 inf
69.5 0.0 inf
70.5 0.0 inf
71.5 0.0 inf
72.5 0.0 inf
73.5 0.0 inf
74.5 0.0 inf
75.5 0.0 inf
76.5 0.0 inf
77.5 0.0 inf
78.5 0.0 inf
79.5 0.0 inf
80.5 0.0 inf
81.5 0.0 inf
82.5 0.0 inf
83.5 0.0 inf
84.5 0.0 inf
85.5 0.0 inf
86.5 0.0 inf
87.5 0.0 inf
88.5 0.0 inf
89.5 0.0 inf
90.5 0.0 inf
91.5 0.0 inf
92.5 0.0 inf
93.5 0.0 inf
94.5 0.0 inf
95.5 0.0 inf
96.5 0.0 inf
97.5 0.0 inf
