0.5 14140.0 0.008409599149190806
1.5 6190.0 0.01271026705187137
2.5 5368.0 0.013648777260815353
3.5 4170.0 0.015485740327062772
4.5 3266.0 0.017498140921285422
5.5 2485.0 0.020060271357125986
6.5 1898.0 0.02295365744024443
7.5 1487.0 0.02593250771305829
8.5 1223.0 0.028594780785029784
9.5 904.0 0.033259505261886965
10.5 787.0 0.035646150289975954
11.5 569.0 0.04192218081503185
12.5 483.0 0.045501575519329006
13.5 396.0 0.050251890762960605
14.5 315.0 0.0563436169819011
15.5 240.0 0.06454972243679027
16.5 193.0 0.07198157507486945
17.5 157.0 0.07980868844676221
18.5 120.0 0.09128709291752768
19.5 90.0 0.10540925533894598
20.5 87.0 0.10721125348377948
21.5 65.0 0.12403473458920847
22.5 41.0 0.15617376188860607
23.5 39.0 0.16012815380508713
24.5 22.0 0.21320071635561041
25.5 22.0 0.21320071635561041
26.5 9.0 0.3333333333333333
27.5 18.0 0.23570226039551587
28.5 9.0 0.3333333333333333
29.5 4.0 0.5
30.5 1.0 1.0
31.5 2.0 0.7071067811865475
32.5 2.0 0.7071067811865475
33.5 1.0 1.0
34.5 1.0 1.0
35.5 0.0 inf
36.5 0.0 inf
37.5 0.0 inf
38.5 0.0 inf
39.5 0.0 inf
40.5 0.0 inf
41.5 0.0 inf
42.5 0.0 inf
43.5 0.0 inf
44.5 0.0 inf
45.5 0.0 inf
46.5 0.0 inf
47.5 0.0 inf
48.5 0.0 inf
49.5 0.0 inf
50.5 0.0 inf
51.5 0.0 inf
52.5 0.0 inf
53.5 0.0 inf
54.5 0.0 inf
55.5 0.0 inf
56.5 0.0 inf
57.5 0.0 inf
58.5 0.0 inf
59.5 0.0 inf
60.5 0.0 inf
61.5 0.0 inf
62.5 0.0 inf
63.5 0.0 inf
64.5 0.0 inf
65.5 0.0 inf
66.5 0.0 inf
67.5 0.0 inf
68.5 0.0 inf
69.5 0.0 inf
70.5 0.0 inf
71.5 0.0 inf
72.5 0.0 inf
73.5 0.0 inf
74.5 0.0 inf
75.5 0.0 inf
76.5 0.0 inf
77.5 0.0 inf
78.5 0.0 inf
79.5 0.0 inf
80.5 0.0 inf
81.5 0.0 inf
82.5 0.0 inf
83.5 0.0 inf
84.5 0.0 inf
85.5 0.0 inf
86.5 0.0 inf
87.5 0.0 inf
88.5 0.0 inf
89.5 0.0 inf
90.5 0.0 inf
91.5 0.0 inf
92.5 0.0 inf
93.5 0.0 inf
94.5 0.0 inf
95.5 0.0 inf
96.5 0.0 inf
97.5 0.0 inf
