0.5 1310318.0 0.0008735980309676083
1.5 138359.0 0.0026884148940922647
2.5 74207.0 0.0036709423374980473
3.5 39193.0 0.00505121374412399
4.5 22318.0 0.006693794315418347
5.5 13761.0 0.008524619488126075
6.5 8866.0 0.01062028414737951
7.5 6070.0 0.012835289081240497
8.5 4449.0 0.014992318404722224
9.5 3045.0 0.018122009407318746
10.5 2292.0 0.02088779965721784
11.5 1708.0 0.024196695924791362
12.5 1325.0 0.027472112789737803
13.5 966.0 0.03217447260438934
14.5 661.0 0.038895492079220696
15.5 555.0 0.04244763599780089
16.5 461.0 0.04657464328326223
17.5 322.0 0.05572782125753528
18.5 284.0 0.05933908290969266
19.5 204.0 0.07001400420140048
20.5 152.0 0.08111071056538127
21.5 113.0 0.09407208683835973
22.5 81.0 0.1111111111111111
23.5 73.0 0.11704114719613057
24.5 55.0 0.13483997249264842
25.5 42.0 0.1543033499620919
26.5 32.0 0.17677669529663687
27.5 26.0 0.19611613513818404
28.5 14.0 0.2672612419124244
29.5 12.0 0.2886751345948129
30.5 7.0 0.3779644730092272
31.5 5.0 0.4472135954999579
32.5 5.0 0.4472135954999579
33.5 5.0 0.4472135954999579
34.5 5.0 0.4472135954999579
35.5 1.0 1.0
36.5 1.0 1.0
37.5 0.0 inf
38.5 0.0 inf
39.5 1.0 1.0
40.5 0.0 inf
41.5 0.0 inf
42.5 0.0 inf
43.5 0.0 inf
44.5 0.0 inf
45.5 0.0 inf
46.5 0.0 inf
47.5 0.0 inf
48.5 0.0 inf
49.5 0.0 inf
50.5 0.0 inf
51.5 0.0 inf
52.5 0.0 inf
53.5 0.0 inf
54.5 0.0 inf
55.5 0.0 inf
56.5 0.0 inf
57.5 0.0 inf
58.5 0.0 inf
59.5 0.0 inf
60.5 0.0 inf
61.5 0.0 inf
62.5 0.0 inf
63.5 0.0 inf
64.5 0.0 inf
65.5 0.0 inf
66.5 0.0 inf
67.5 0.0 inf
68.5 0.0 inf
69.5 0.0 inf
70.5 0.0 inf
71.5 0.0 inf
72.5 0.0 inf
73.5 0.0 inf
74.5 0.0 inf
75.5 0.0 inf
76.5 0.0 inf
77.5 0.0 inf
78.5 0.0 inf
79.5 0.0 inf
80.5 0.0 inf
81.5 0.0 inf
82.5 0.0 inf
83.5 0.0 inf
84.5 0.0 inf
85.5 0.0 inf
86.5 0.0 inf
87.5 0.0 inf
88.5 0.0 inf
89.5 0.0 inf
90.5 0.0 inf
91.5 0.0 inf
92.5 0.0 inf
93.5 0.0 inf
94.5 0.0 inf
95.5 0.0 inf
96.5 0.0 inf
97.5 0.0 inf
