0.5 38.4743 0.001612184110498017
1.5 20.2866 0.0022202167099437623
2.5 20.5899 0.0022038035652484586
3.5 18.875 0.0023017413505937436
4.5 16.6175 0.002453110753612644
5.5 14.9667 0.0025848596858957886
6.5 13.130700000000001 0.002759663061293877
7.5 11.5853 0.002937963242002735
8.5 10.422 0.0030975937944305366
9.5 9.1353 0.0033085567859848313
10.5 8.1614 0.0035003999435416298
11.5 7.167 0.003735349970594251
12.5 6.3573 0.003966099878781454
13.5 5.5991 0.0042261108854844045
14.5 4.9065 0.004514546165045532
15.5 4.2669 0.004841096810828098
16.5 3.8019 0.0051286097682127175
17.5 3.2836 0.005518548662442785
18.5 2.838 0.005935998799503724
19.5 2.3686 0.006497617435628138
20.5 2.0631 0.006962093643699441
21.5 1.7487 0.007562098761548873
22.5 1.481 0.008217173761823793
23.5 1.2321 0.009009009009009009
24.5 1.0305 0.009850902076092362
25.5 0.8378 0.010925210715205452
26.5 0.7121999999999999 0.011849472443606932
27.5 0.5772 0.013162453162316408
28.5 0.49069999999999997 0.014275521124027076
29.5 0.4026 0.015760250451281974
30.5 0.323 0.017595383576944672
31.5 0.266 0.019389168358237032
32.5 0.2072 0.02196873875818734
33.5 0.1623 0.02482222683731816
34.5 0.1222 0.028606478384531155
35.5 0.1007 0.031512674583162724
36.5 0.0859 0.03411955969674702
37.5 0.0649 0.03925343359894298
38.5 0.053500000000000006 0.04323377011671169
39.5 0.039599999999999996 0.050251890762960605
40.5 0.0298 0.057928444636349226
41.5 0.023600000000000003 0.06509445549041193
42.5 0.0179 0.07474350927519359
43.5 0.0114 0.0936585811581694
44.5 0.0102 0.09901475429766741
45.5 0.0083 0.10976425998969035
46.5 0.0035 0.1690308509457033
47.5 0.0041 0.15617376188860607
48.5 0.0036999999999999997 0.1643989873053573
49.5 0.0026 0.19611613513818404
50.5 0.0021 0.2182178902359924
51.5 0.0012000000000000001 0.28867513459481287
52.5 0.0007 0.3779644730092272
53.5 0.0007 0.3779644730092272
54.5 0.0001 1.0
55.5 0.0001 1.0
56.5 0.0001 1.0
57.5 0.0002 0.7071067811865475
58.5 0.0 inf
59.5 0.0001 1.0
60.5 0.0001 1.0
61.5 0.0 inf
62.5 0.0 inf
63.5 0.0 inf
64.5 0.0001 1.0
65.5 0.0 inf
66.5 0.0 inf
67.5 0.0 inf
68.5 0.0 inf
69.5 0.0 inf
70.5 0.0 inf
71.5 0.0 inf
72.5 0.0 inf
73.5 0.0 inf
74.5 0.0 inf
75.5 0.0 inf
76.5 0.0 inf
77.5 0.0 inf
78.5 0.0 inf
79.5 0.0 inf
80.5 0.0 inf
81.5 0.0 inf
82.5 0.0 inf
83.5 0.0 inf
84.5 0.0 inf
85.5 0.0 inf
86.5 0.0 inf
87.5 0.0 inf
88.5 0.0 inf
89.5 0.0 inf
90.5 0.0 inf
91.5 0.0 inf
92.5 0.0 inf
93.5 0.0 inf
94.5 0.0 inf
95.5 0.0 inf
96.5 0.0 inf
97.5 0.0 inf
