0.5 41.4774 0.001552723898869791
1.5 21.456 0.002158865667295166
2.5 21.483800000000002 0.002157468430925825
3.5 19.4845 0.0022654546202707172
4.5 17.064700000000002 0.0024207540724392874
5.5 15.3673 0.0025509457056461034
6.5 13.4056 0.0027312211802208086
7.5 11.8792 0.002901391957537865
8.5 10.611 0.0030698831333085424
9.5 9.2242 0.003292574759396571
10.5 8.267600000000002 0.003477845393760615
11.5 7.2595 0.003711475902970655
12.5 6.4239 0.003945486976186482
13.5 5.675 0.004197754801611135
14.5 4.9922 0.004475628307628657
15.5 4.3012999999999995 0.004821699415244654
16.5 3.808 0.005124500385567423
17.5 3.2925 0.005511084984547929
18.5 2.8305 0.005943857930179101
19.5 2.3914999999999997 0.006466433376328524
20.5 2.0846 0.0069260980164223985
21.5 1.7944 0.0074651814755418424
22.5 1.4981 0.008170141872068827
23.5 1.2681 0.008880210257451365
24.5 1.0346 0.009831363707675555
25.5 0.8645 0.010755175492958086
26.5 0.7119 0.011851968908912965
27.5 0.5776 0.013157894736842105
28.5 0.4995 0.014149211999266963
29.5 0.4148 0.015526752351113423
30.5 0.3183 0.017724813763036796
31.5 0.265 0.019425717247145282
32.5 0.1961 0.022581937608857242
33.5 0.1609 0.024929982747211414
34.5 0.1267 0.02809387802771537
35.5 0.101 0.03146583877637763
36.5 0.0786 0.03566881875032108
37.5 0.06359999999999999 0.039652579285907215
38.5 0.0528 0.04351941398892446
39.5 0.038099999999999995 0.051231551957856
40.5 0.0292 0.058520573598065284
41.5 0.022699999999999998 0.0663723311599972
42.5 0.0182 0.07412493166611012
43.5 0.0137 0.0854357657716761
44.5 0.0102 0.09901475429766741
45.5 0.0063 0.1259881576697424
46.5 0.0071 0.11867816581938533
47.5 0.0037 0.1643989873053573
48.5 0.0029 0.18569533817705186
49.5 0.0023 0.20851441405707477
50.5 0.0014 0.2672612419124244
51.5 0.0018 0.23570226039551587
52.5 0.0004 0.5
53.5 0.0007 0.3779644730092272
54.5 0.0005 0.4472135954999579
55.5 0.0003 0.5773502691896258
56.5 0.0003 0.5773502691896258
57.5 0.0001 1.0
58.5 0.0002 0.7071067811865475
59.5 0.0 inf
60.5 0.0002 0.7071067811865475
61.5 0.0 inf
62.5 0.0 inf
63.5 0.0 inf
64.5 0.0001 1.0
65.5 0.0 inf
66.5 0.0 inf
67.5 0.0 inf
68.5 0.0 inf
69.5 0.0 inf
70.5 0.0 inf
71.5 0.0 inf
72.5 0.0 inf
73.5 0.0 inf
74.5 0.0 inf
75.5 0.0 inf
76.5 0.0 inf
77.5 0.0 inf
78.5 0.0 inf
79.5 0.0 inf
80.5 0.0 inf
81.5 0.0 inf
82.5 0.0 inf
83.5 0.0 inf
84.5 0.0 inf
85.5 0.0 inf
86.5 0.0 inf
87.5 0.0 inf
88.5 0.0 inf
89.5 0.0 inf
90.5 0.0 inf
91.5 0.0 inf
92.5 0.0 inf
93.5 0.0 inf
94.5 0.0 inf
95.5 0.0 inf
96.5 0.0 inf
97.5 0.0 inf
