0.5 38.6717 0.0016080641428670172
1.5 20.4576 0.0022109181178467307
2.5 20.6196 0.002202215839198583
3.5 19.0152 0.0022932402260010883
4.5 16.6952 0.00244739566797214
5.5 15.055299999999999 0.00257724255089443
6.5 13.100200000000001 0.00276287372941903
7.5 11.7549 0.002916691732093943
8.5 10.4687 0.0030906770178750725
9.5 9.1425 0.003307253734261056
10.5 8.2348 0.00348476480669824
11.5 7.1480999999999995 0.0037402849539910467
12.5 6.425 0.003945149215762359
13.5 5.6093 0.004222266738701278
14.5 4.931 0.00450331678842803
15.5 4.2906 0.004827707905704666
16.5 3.7961 0.005132526232905829
17.5 3.286 0.005516532999626738
18.5 2.8359 0.005938196213132842
19.5 2.4246 0.006422142673774303
20.5 2.0368 0.007006898183390131
21.5 1.7464 0.00756707674607503
22.5 1.4777 0.00822634394219008
23.5 1.2673 0.00888301269073847
24.5 1.0385 0.009812885910826265
25.5 0.8409 0.010905054082523012
26.5 0.7173 0.011807272449596909
27.5 0.5892999999999999 0.013026621048098595
28.5 0.48040000000000005 0.014427746420619031
29.5 0.4054 0.015705730024402176
30.5 0.3139 0.01784860761749785
31.5 0.2565 0.019744962591969745
32.5 0.1975 0.022501758018520477
33.5 0.1598 0.025015639663712997
34.5 0.1313 0.027597366233044082
35.5 0.105 0.030860669992418384
36.5 0.0802 0.03531122757732244
37.5 0.0644 0.03940552031195503
38.5 0.0494 0.04499212706658475
39.5 0.039599999999999996 0.050251890762960605
40.5 0.028 0.05976143046671968
41.5 0.0256 0.0625
42.5 0.0187 0.07312724241271307
43.5 0.012 0.09128709291752768
44.5 0.010700000000000001 0.09667364890456635
45.5 0.0081 0.1111111111111111
46.5 0.0056 0.1336306209562122
47.5 0.0039 0.16012815380508713
48.5 0.003 0.18257418583505536
49.5 0.0027 0.19245008972987526
50.5 0.0013 0.2773500981126146
51.5 0.0014 0.2672612419124244
52.5 0.0007 0.3779644730092272
53.5 0.0005 0.4472135954999579
54.5 0.0006000000000000001 0.40824829046386296
55.5 0.0007 0.3779644730092272
56.5 0.0005 0.4472135954999579
57.5 0.0002 0.7071067811865475
58.5 0.0002 0.7071067811865475
59.5 0.0002 0.7071067811865475
60.5 0.0 inf
61.5 0.0 inf
62.5 0.0 inf
63.5 0.0 inf
64.5 0.0 inf
65.5 0.0 inf
66.5 0.0 inf
67.5 0.0 inf
68.5 0.0 inf
69.5 0.0 inf
70.5 0.0 inf
71.5 0.0 inf
72.5 0.0 inf
73.5 0.0 inf
74.5 0.0 inf
75.5 0.0 inf
76.5 0.0 inf
77.5 0.0 inf
78.5 0.0 inf
79.5 0.0 inf
80.5 0.0 inf
81.5 0.0 inf
82.5 0.0 inf
83.5 0.0 inf
84.5 0.0 inf
85.5 0.0 inf
86.5 0.0 inf
87.5 0.0 inf
88.5 0.0 inf
89.5 0.0 inf
90.5 0.0 inf
91.5 0.0 inf
92.5 0.0 inf
93.5 0.0 inf
94.5 0.0 inf
95.5 0.0 inf
96.5 0.0 inf
97.5 0.0 inf
