0.5 40.8834 0.0015639630814731967
1.5 21.281100000000002 0.0021677188979650473
2.5 21.4286 0.0021602454593061273
3.5 19.4698 0.0022663096855352325
4.5 17.0487 0.002421889730349461
5.5 15.3427 0.0025529899393974794
6.5 13.3386 0.002738072071682091
7.5 11.8118 0.0029096580831818393
8.5 10.6435 0.0030651925953582094
9.5 9.231300000000001 0.0032913083192679343
10.5 8.296 0.003471887372689429
11.5 7.2264 0.0037199662645229096
12.5 6.496 0.0039235301285896525
13.5 5.6324000000000005 0.004213599512387461
14.5 4.9709 0.004485206953288608
15.5 4.3288 0.00480635936769875
16.5 3.8151 0.0051197297509343485
17.5 3.2981 0.0055064042308424705
18.5 2.7964 0.005979988561488819
19.5 2.4004000000000003 0.006454434396555344
20.5 2.0686999999999998 0.006952664015126607
21.5 1.7736999999999998 0.0075086163882169404
22.5 1.4984000000000002 0.008169323944527152
23.5 1.2387000000000001 0.008984976202985103
24.5 1.0615 0.009705993603072902
25.5 0.8604 0.010780770455885848
26.5 0.706 0.011901388973144479
27.5 0.587 0.013052116735521604
28.5 0.5077 0.014034482983906684
29.5 0.3925 0.015961737689352443
30.5 0.32720000000000005 0.01748209003187664
31.5 0.26339999999999997 0.019484627821346
32.5 0.20450000000000002 0.022113289104342324
33.5 0.15739999999999998 0.02520563459323682
34.5 0.1349 0.027226638505866506
35.5 0.1 0.03162277660168379
36.5 0.0776 0.03589790793088691
37.5 0.06559999999999999 0.03904344047215152
38.5 0.0461 0.04657464328326223
39.5 0.0373 0.05177803730784977
40.5 0.030199999999999998 0.0575435337648436
41.5 0.0221 0.06726727939963124
42.5 0.0168 0.07715167498104596
43.5 0.0114 0.0936585811581694
44.5 0.0115 0.09325048082403138
45.5 0.0060999999999999995 0.12803687993289598
46.5 0.0049 0.14285714285714285
47.5 0.0034 0.17149858514250882
48.5 0.0042 0.1543033499620919
49.5 0.0015 0.2581988897471611
50.5 0.002 0.22360679774997896
51.5 0.0013 0.2773500981126146
52.5 0.0005 0.4472135954999579
53.5 0.00030000000000000003 0.5773502691896257
54.5 0.0005 0.4472135954999579
55.5 0.0003 0.5773502691896258
56.5 0.0004 0.5
57.5 0.0002 0.7071067811865475
58.5 0.0001 1.0
59.5 0.0 inf
60.5 0.0 inf
61.5 0.0 inf
62.5 0.0 inf
63.5 0.0 inf
64.5 0.0 inf
65.5 0.0 inf
66.5 0.0 inf
67.5 0.0 inf
68.5 0.0 inf
69.5 0.0 inf
70.5 0.0 inf
71.5 0.0 inf
72.5 0.0 inf
73.5 0.0 inf
74.5 0.0 inf
75.5 0.0 inf
76.5 0.0 inf
77.5 0.0 inf
78.5 0.0 inf
79.5 0.0 inf
80.5 0.0 inf
81.5 0.0 inf
82.5 0.0 inf
83.5 0.0 inf
84.5 0.0 inf
85.5 0.0 inf
86.5 0.0 inf
87.5 0.0 inf
88.5 0.0 inf
89.5 0.0 inf
90.5 0.0 inf
91.5 0.0 inf
92.5 0.0 inf
93.5 0.0 inf
94.5 0.0 inf
95.5 0.0 inf
96.5 0.0 inf
97.5 0.0 inf
