0.5 39.0451 0.0016003564710942847
1.5 20.642 0.002201020629800829
2.5 20.8921 0.002187806720381943
3.5 19.1069 0.002287730618266089
4.5 16.9015 0.0024324133321105505
5.5 15.1021 0.0025732461351617862
6.5 13.273900000000001 0.002744736952246389
7.5 11.7426 0.002918218903191515
8.5 10.506599999999999 0.003085097549473036
9.5 9.2344 0.0032907558246701133
10.5 8.2323 0.0034852938964243674
11.5 7.2112 0.0037238847331921565
12.5 6.4254999999999995 0.003944995716969788
13.5 5.6469000000000005 0.004208186235685903
14.5 4.9536 0.004493032216809934
15.5 4.3231 0.004809526912269497
16.5 3.7767999999999997 0.0051456235015866145
17.5 3.2888 0.005514184182209514
18.5 2.8228999999999997 0.005951853777795301
19.5 2.4062 0.006446650690739979
20.5 2.0741 0.006943607350883809
21.5 1.759 0.007539925943211076
22.5 1.4830999999999999 0.00821135413480174
23.5 1.2536 0.0089314199121113
24.5 1.0417 0.009797802207551491
25.5 0.8641000000000001 0.010757664540779643
26.5 0.7162 0.011816336270112086
27.5 0.5739000000000001 0.013200241830645526
28.5 0.5036 0.014091497219388538
29.5 0.4087 0.015642194478516867
30.5 0.3218 0.017628159855416825
31.5 0.2561 0.019760376304381096
32.5 0.2107 0.021785510047514955
33.5 0.1592 0.025062735355854276
34.5 0.13169999999999998 0.027555424922739644
35.5 0.09889999999999999 0.03179815003744467
36.5 0.07880000000000001 0.03562352499395482
37.5 0.0606 0.04062222318511938
38.5 0.0478 0.045738935374634825
39.5 0.0359 0.05277798139692595
40.5 0.0283 0.0594438298277764
41.5 0.022699999999999998 0.0663723311599972
42.5 0.0189 0.07273929674533079
43.5 0.0125 0.08944271909999159
44.5 0.010700000000000001 0.09667364890456635
45.5 0.0072 0.11785113019775793
46.5 0.0052 0.1386750490563073
47.5 0.0051 0.14002800840280097
48.5 0.0037 0.1643989873053573
49.5 0.0022 0.21320071635561041
50.5 0.0019 0.22941573387056174
51.5 0.0010999999999999998 0.3015113445777637
52.5 0.001 0.31622776601683794
53.5 0.0005 0.4472135954999579
54.5 0.00030000000000000003 0.5773502691896257
55.5 0.0002 0.7071067811865475
56.5 0.0003 0.5773502691896258
57.5 0.00039999999999999996 0.5000000000000001
58.5 0.0001 1.0
59.5 0.0 inf
60.5 0.0 inf
61.5 0.0 inf
62.5 0.0 inf
63.5 0.0 inf
64.5 0.0 inf
65.5 0.0 inf
66.5 0.0 inf
67.5 0.0 inf
68.5 0.0 inf
69.5 0.0 inf
70.5 0.0 inf
71.5 0.0 inf
72.5 0.0 inf
73.5 0.0 inf
74.5 0.0 inf
75.5 0.0 inf
76.5 0.0 inf
77.5 0.0 inf
78.5 0.0 inf
79.5 0.0 inf
80.5 0.0 inf
81.5 0.0 inf
82.5 0.0 inf
83.5 0.0 inf
84.5 0.0 inf
85.5 0.0 inf
86.5 0.0 inf
87.5 0.0 inf
88.5 0.0 inf
89.5 0.0 inf
90.5 0.0 inf
91.5 0.0 inf
92.5 0.0 inf
93.5 0.0 inf
94.5 0.0 inf
95.5 0.0 inf
96.5 0.0 inf
97.5 0.0 inf
