0.5 38.482699999999994 0.0016120081472000367
1.5 20.252200000000002 0.002222101518751332
2.5 20.572 0.0022047621377367824
3.5 18.930500000000002 0.0022983647780355945
4.5 16.6113 0.002453568510313174
5.5 14.888100000000001 0.0025916739376720915
6.5 13.1064 0.0027622201615658286
7.5 11.6902 0.0029247518837142938
8.5 10.3787 0.0031040486591501835
9.5 9.0886 0.0033170460819615245
10.5 8.1614 0.0035003999435416298
11.5 7.1661 0.003735584527007535
12.5 6.3911999999999995 0.003955567463296569
13.5 5.59 0.004229549344378135
14.5 4.9337 0.004502084384826138
15.5 4.258900000000001 0.004845641482495517
16.5 3.7828 0.005141541076776389
17.5 3.2629 0.005536025960745299
18.5 2.7607999999999997 0.006018420482632171
19.5 2.4061000000000003 0.006446784654077117
20.5 2.0796 0.006934419255957052
21.5 1.7456 0.007568810524708407
22.5 1.4667 0.008257134407908012
23.5 1.2534 0.008932132459075783
24.5 1.0649 0.009690486625334045
25.5 0.8507 0.01084205943227777
26.5 0.7022999999999999 0.011932698451113945
27.5 0.5726 0.013215217891996237
28.5 0.4921 0.014255200087214454
29.5 0.40700000000000003 0.01567482841055192
30.5 0.3207 0.017658366242304668
31.5 0.2546 0.01981850088223545
32.5 0.198 0.022473328748774737
33.5 0.1607 0.024945491291633412
34.5 0.1274 0.02801659073402629
35.5 0.1073 0.03052812554363318
36.5 0.0795 0.03546634510659543
37.5 0.0621 0.040128617695256406
38.5 0.0514 0.04410810913912309
39.5 0.0403 0.04981354813867179
40.5 0.031100000000000003 0.05670479771237427
41.5 0.0218 0.06772854614785964
42.5 0.0182 0.07412493166611012
43.5 0.0123 0.09016696346674323
44.5 0.011 0.09534625892455924
45.5 0.0056 0.1336306209562122
46.5 0.0066 0.12309149097933272
47.5 0.0043 0.15249857033260467
48.5 0.0038 0.16222142113076254
49.5 0.002 0.22360679774997896
50.5 0.0021 0.2182178902359924
51.5 0.0005 0.4472135954999579
52.5 0.0006000000000000001 0.40824829046386296
53.5 0.00030000000000000003 0.5773502691896257
54.5 0.0001 1.0
55.5 0.0002 0.7071067811865475
56.5 0.0002 0.7071067811865475
57.5 0.0 inf
58.5 0.0001 1.0
59.5 0.0001 1.0
60.5 0.0 inf
61.5 0.0001 1.0
62.5 0.0 inf
63.5 0.0 inf
64.5 0.0001 1.0
65.5 0.0 inf
66.5 0.0 inf
67.5 0.0 inf
68.5 0.0 inf
69.5 0.0 inf
70.5 0.0 inf
71.5 0.0 inf
72.5 0.0 inf
73.5 0.0 inf
74.5 0.0 inf
75.5 0.0 inf
76.5 0.0 inf
77.5 0.0 inf
78.5 0.0 inf
79.5 0.0 inf
80.5 0.0 inf
81.5 0.0 inf
82.5 0.0 inf
83.5 0.0 inf
84.5 0.0 inf
85.5 0.0 inf
86.5 0.0 inf
87.5 0.0 inf
88.5 0.0 inf
89.5 0.0 inf
90.5 0.0 inf
91.5 0.0 inf
92.5 0.0 inf
93.5 0.0 inf
94.5 0.0 inf
95.5 0.0 inf
96.5 0.0 inf
97.5 0.0 inf
