0.5 38.4577 0.0016125320170150698
1.5 20.2815 0.0022204958410110215
2.5 20.537399999999998 0.002206618572026613
3.5 18.8658 0.0023023025099245743
4.5 16.6438 0.0024511718238061308
5.5 14.9418 0.002587012579583627
6.5 13.0985 0.0027630530145643746
7.5 11.6248 0.0029329675303638
8.5 10.4592 0.0030920803167656663
9.5 9.107099999999999 0.00331367527521023
10.5 8.1999 0.0034921727726492297
11.5 7.1612 0.0037368623319910203
12.5 6.339700000000001 0.003971601320390215
13.5 5.5613 0.00424044894143644
14.5 4.8766 0.004528365081221005
15.5 4.2928999999999995 0.004826414465857683
16.5 3.7880000000000003 0.005138010823950523
17.5 3.2682 0.005531535286565769
18.5 2.8076 0.005968049040185636
19.5 2.395 0.006461706697512385
20.5 2.074 0.006943774745378858
21.5 1.7503000000000002 0.007558641604382513
22.5 1.4881 0.008197547496702177
23.5 1.2451 0.008961854392360294
24.5 1.0453000000000001 0.009780915902418088
25.5 0.8334 0.010954012998346249
26.5 0.6988000000000001 0.011962544100747777
27.5 0.5724 0.013217526428635735
28.5 0.4969 0.0141861811620665
29.5 0.40380000000000005 0.01573681512166147
30.5 0.3245 0.017554669175502143
31.5 0.2632 0.019492029389636262
32.5 0.2094 0.02185302996876323
33.5 0.1605 0.024961028814965893
34.5 0.1179 0.02912346855536793
35.5 0.10300000000000001 0.03115884764248779
36.5 0.0765 0.036155076303109365
37.5 0.0676 0.038461538461538464
38.5 0.0477 0.04578685464956301
39.5 0.0392 0.050507627227610534
40.5 0.030199999999999998 0.0575435337648436
41.5 0.0203 0.07018624063435965
42.5 0.0178 0.07495316889958614
43.5 0.013600000000000001 0.08574929257125441
44.5 0.008 0.11180339887498948
45.5 0.0088 0.10660035817780521
46.5 0.006 0.12909944487358055
47.5 0.0042 0.1543033499620919
48.5 0.0027 0.19245008972987526
49.5 0.0024000000000000002 0.20412414523193148
50.5 0.0018 0.23570226039551587
51.5 0.0016 0.25
52.5 0.0009 0.3333333333333333
53.5 0.0009 0.3333333333333333
54.5 0.0006 0.4082482904638631
55.5 0.0002 0.7071067811865475
56.5 0.00030000000000000003 0.5773502691896257
57.5 0.0001 1.0
58.5 0.00030000000000000003 0.5773502691896257
59.5 0.0001 1.0
60.5 0.0 inf
61.5 0.0 inf
62.5 0.0 inf
63.5 0.0 inf
64.5 0.0 inf
65.5 0.0 inf
66.5 0.0 inf
67.5 0.0 inf
68.5 0.0 inf
69.5 0.0 inf
70.5 0.0 inf
71.5 0.0 inf
72.5 0.0 inf
73.5 0.0 inf
74.5 0.0 inf
75.5 0.0 inf
76.5 0.0 inf
77.5 0.0 inf
78.5 0.0 inf
79.5 0.0 inf
80.5 0.0 inf
81.5 0.0 inf
82.5 0.0 inf
83.5 0.0 inf
84.5 0.0 inf
85.5 0.0 inf
86.5 0.0 inf
87.5 0.0 inf
88.5 0.0 inf
89.5 0.0 inf
90.5 0.0 inf
91.5 0.0 inf
92.5 0.0 inf
93.5 0.0 inf
94.5 0.0 inf
95.5 0.0 inf
96.5 0.0 inf
97.5 0.0 inf
