0.5 40.200900000000004 0.0015771830897555066
1.5 21.061100000000003 0.002179011262193248
2.5 21.188899999999997 0.002172430014060884
3.5 19.406 0.002270032037188213
4.5 17.0559 0.002421378486535575
5.5 15.2286 0.002562536206089596
6.5 13.337299999999999 0.002738205509745288
7.5 11.8123 0.002909596501422267
8.5 10.6103 0.0030699843973044476
9.5 9.2013 0.0032966694583424906
10.5 8.2914 0.003472850326317775
11.5 7.193 0.003728592913698824
12.5 6.4592 0.003934691018485279
13.5 5.6516 0.004206436059711249
14.5 4.9807 0.004480792245430075
15.5 4.312799999999999 0.004815266638808231
16.5 3.8159 0.005119193049436328
17.5 3.2874999999999996 0.005515274331397336
18.5 2.8402000000000003 0.005933699361571424
19.5 2.4272 0.0064187020745387095
20.5 2.0793 0.006934919484578512
21.5 1.7555 0.0075474385038395335
22.5 1.4965000000000002 0.00817450830534042
23.5 1.258 0.00891578689526865
24.5 1.0526 0.009746940550013763
25.5 0.8773 0.01067642700984599
26.5 0.7197 0.011787569019181382
27.5 0.5869 0.013053228642218303
28.5 0.4978 0.014173351371926586
29.5 0.4041 0.01573097260610029
30.5 0.3115 0.017917234365811652
31.5 0.2612 0.019566512004870806
32.5 0.19740000000000002 0.022507456830317185
33.5 0.1562 0.025302269968462875
34.5 0.12290000000000001 0.028524895269256473
35.5 0.0996 0.031686212526223896
36.5 0.0794 0.0354886720493838
37.5 0.0622 0.04009634698823127
38.5 0.0494 0.04499212706658475
39.5 0.0373 0.05177803730784977
40.5 0.0284 0.05933908290969266
41.5 0.0199 0.07088812050083358
42.5 0.017 0.07669649888473704
43.5 0.0116 0.09284766908852593
44.5 0.0104 0.09805806756909202
45.5 0.0081 0.1111111111111111
46.5 0.0051 0.14002800840280097
47.5 0.004 0.15811388300841897
48.5 0.0028 0.1889822365046136
49.5 0.0018999999999999998 0.2294157338705618
50.5 0.0023 0.20851441405707477
51.5 0.0018 0.23570226039551587
52.5 0.0004 0.5
53.5 0.0001 1.0
54.5 0.0004 0.5
55.5 0.0006000000000000001 0.40824829046386296
56.5 0.0007 0.3779644730092272
57.5 0.0002 0.7071067811865475
58.5 0.00030000000000000003 0.5773502691896257
59.5 0.0 inf
60.5 0.0001 1.0
61.5 0.0 inf
62.5 0.0001 1.0
63.5 0.0002 0.7071067811865475
64.5 0.0 inf
65.5 0.0 inf
66.5 0.0 inf
67.5 0.0 inf
68.5 0.0 inf
69.5 0.0 inf
70.5 0.0 inf
71.5 0.0 inf
72.5 0.0 inf
73.5 0.0 inf
74.5 0.0 inf
75.5 0.0 inf
76.5 0.0 inf
77.5 0.0 inf
78.5 0.0 inf
79.5 0.0 inf
80.5 0.0 inf
81.5 0.0 inf
82.5 0.0 inf
83.5 0.0 inf
84.5 0.0 inf
85.5 0.0 inf
86.5 0.0 inf
87.5 0.0 inf
88.5 0.0 inf
89.5 0.0 inf
90.5 0.0 inf
91.5 0.0 inf
92.5 0.0 inf
93.5 0.0 inf
94.5 0.0 inf
95.5 0.0 inf
96.5 0.0 inf
97.5 0.0 inf
