0.5 38.4508 0.0016126766950425827
1.5 20.2955 0.0022197298508991755
2.5 20.606099999999998 0.0022029371073198313
3.5 18.845 0.0023035727324115934
4.5 16.634300000000003 0.0024518716671582627
5.5 14.93 0.00258803470681335
6.5 13.1113 0.002761703960136399
7.5 11.6495 0.0029298565496779973
8.5 10.3982 0.003101136743946118
9.5 9.109 0.003313329665847571
10.5 8.1636 0.003499928252206237
11.5 7.1564 0.003738115331578706
12.5 6.3541 0.003967098440506517
13.5 5.5859000000000005 0.004231101285105417
14.5 4.9518 0.004493848760608917
15.5 4.2873 0.0048295655284043785
16.5 3.7673 0.005152107275739083
17.5 3.2705 0.0055295899007308386
18.5 2.8216 0.005953224723163046
19.5 2.3655 0.006501873622295032
20.5 2.0551 0.006975631342825932
21.5 1.7423000000000002 0.007575974979444526
22.5 1.476 0.008231079972079914
23.5 1.2290999999999999 0.009019996949437548
24.5 1.0729000000000002 0.009654290825583871
25.5 0.8469 0.010866356110646807
26.5 0.7113 0.011856966576817519
27.5 0.5818 0.013110315452406242
28.5 0.4961 0.014197614717146007
29.5 0.3956 0.015899075018722335
30.5 0.3241 0.017565498707177146
31.5 0.2609 0.01957775820486337
32.5 0.2024 0.022227711223719353
33.5 0.1604 0.02496880847194612
34.5 0.127 0.028060676663315687
35.5 0.09939999999999999 0.03171807398477756
36.5 0.0812 0.03509312031717982
37.5 0.0629 0.039872611141445
38.5 0.0513 0.044151078568834795
39.5 0.0363 0.0524863881081478
40.5 0.0282 0.05954913341754137
41.5 0.020200000000000003 0.07035975447302918
42.5 0.0173 0.07602859212697055
43.5 0.0126 0.0890870806374748
44.5 0.0093 0.10369516947304253
45.5 0.0066 0.12309149097933272
46.5 0.0051 0.14002800840280097
47.5 0.0054 0.13608276348795434
48.5 0.0034000000000000002 0.17149858514250882
49.5 0.0023 0.20851441405707477
50.5 0.0017000000000000001 0.24253562503633297
51.5 0.0012000000000000001 0.28867513459481287
52.5 0.0005 0.4472135954999579
53.5 0.0005 0.4472135954999579
54.5 0.0002 0.7071067811865475
55.5 0.0 inf
56.5 0.0002 0.7071067811865475
57.5 0.0002 0.7071067811865475
58.5 0.0 inf
59.5 0.0 inf
60.5 0.0 inf
61.5 0.0002 0.7071067811865475
62.5 0.0 inf
63.5 0.0 inf
64.5 0.0 inf
65.5 0.0001 1.0
66.5 0.0 inf
67.5 0.0 inf
68.5 0.0 inf
69.5 0.0 inf
70.5 0.0 inf
71.5 0.0 inf
72.5 0.0 inf
73.5 0.0 inf
74.5 0.0 inf
75.5 0.0 inf
76.5 0.0 inf
77.5 0.0 inf
78.5 0.0 inf
79.5 0.0 inf
80.5 0.0 inf
81.5 0.0 inf
82.5 0.0 inf
83.5 0.0 inf
84.5 0.0 inf
85.5 0.0 inf
86.5 0.0 inf
87.5 0.0 inf
88.5 0.0 inf
89.5 0.0 inf
90.5 0.0 inf
91.5 0.0 inf
92.5 0.0 inf
93.5 0.0 inf
94.5 0.0 inf
95.5 0.0 inf
96.5 0.0 inf
97.5 0.0 inf
