0.5 39.8237 0.0015846348254847514
1.5 20.9036 0.0021872048327019576
2.5 21.101399999999998 0.0021769295017084606
3.5 19.3611 0.002272662709362837
4.5 16.9667 0.0024277351682898975
5.5 15.2564 0.0025602004326245494
6.5 13.3138 0.002740621028216733
7.5 11.8691 0.002902626163474142
8.5 10.5211 0.0030829709021654213
9.5 9.1937 0.0032980317777644326
10.5 8.2873 0.0034737092867564425
11.5 7.2181 0.0037221044206302693
12.5 6.4406 0.00394036847793292
13.5 5.6259 0.004216032944412512
14.5 4.9367 0.004500716233460509
15.5 4.3251 0.004808414780054593
16.5 3.8346999999999998 0.005106628953556738
17.5 3.3015 0.00550356815679239
18.5 2.8186 0.005956392062342823
19.5 2.4125 0.0064382277997965046
20.5 2.0813 0.0069315866703315385
21.5 1.7776 0.007500375028127344
22.5 1.4938 0.008181892562997761
23.5 1.2671000000000001 0.008883713713719535
24.5 1.0559 0.00973169759406428
25.5 0.8486 0.010855466370894677
26.5 0.7248 0.011746024643373489
27.5 0.5754 0.01318302486514625
28.5 0.4838 0.014376960117634726
29.5 0.4043 0.015727081208982963
30.5 0.3242 0.017562789445387736
31.5 0.2565 0.019744962591969745
32.5 0.19940000000000002 0.022394296451119462
33.5 0.1674 0.024441185836892216
34.5 0.11939999999999999 0.028939954008661634
35.5 0.1057 0.03075831259604325
36.5 0.07869999999999999 0.035646150289975954
37.5 0.0627 0.03993615319154358
38.5 0.0522 0.04376881095324085
39.5 0.038400000000000004 0.05103103630798287
40.5 0.028999999999999998 0.058722021951470346
41.5 0.0215 0.06819943394704735
42.5 0.0165 0.0778498944161523
43.5 0.0131 0.0873704056661038
44.5 0.012400000000000001 0.08980265101338744
45.5 0.0075 0.11547005383792514
46.5 0.0049 0.14285714285714285
47.5 0.0056 0.1336306209562122
48.5 0.0029 0.18569533817705186
49.5 0.0029 0.18569533817705186
50.5 0.0015 0.2581988897471611
51.5 0.0007999999999999999 0.3535533905932738
52.5 0.0009 0.3333333333333333
53.5 0.00039999999999999996 0.5000000000000001
54.5 0.0005 0.4472135954999579
55.5 0.0005 0.4472135954999579
56.5 0.0002 0.7071067811865475
57.5 0.0001 1.0
58.5 0.0003 0.5773502691896258
59.5 0.0001 1.0
60.5 0.0 inf
61.5 0.0 inf
62.5 0.0 inf
63.5 0.0001 1.0
64.5 0.0 inf
65.5 0.0 inf
66.5 0.0 inf
67.5 0.0 inf
68.5 0.0 inf
69.5 0.0 inf
70.5 0.0 inf
71.5 0.0 inf
72.5 0.0 inf
73.5 0.0 inf
74.5 0.0 inf
75.5 0.0 inf
76.5 0.0 inf
77.5 0.0 inf
78.5 0.0 inf
79.5 0.0 inf
80.5 0.0 inf
81.5 0.0 inf
82.5 0.0 inf
83.5 0.0 inf
84.5 0.0 inf
85.5 0.0 inf
86.5 0.0 inf
87.5 0.0 inf
88.5 0.0 inf
89.5 0.0 inf
90.5 0.0 inf
91.5 0.0 inf
92.5 0.0 inf
93.5 0.0 inf
94.5 0.0 inf
95.5 0.0 inf
96.5 0.0 inf
97.5 0.0 inf
