0.5 41.814 0.0015464616070812443
1.5 21.4692 0.002158201892948833
2.5 21.5562 0.002153842279482461
3.5 19.5854 0.002259611504045151
4.5 17.099899999999998 0.0024182612379830023
5.5 15.3316 0.002553913948013911
6.5 13.379 0.0027339349259603097
7.5 11.8577 0.002904021121556768
8.5 10.6077 0.003070360608471262
9.5 9.236 0.0032904707750074304
10.5 8.290700000000001 0.003472996932992553
11.5 7.2278 0.0037196059747400304
12.5 6.4455 0.0039388704190946745
13.5 5.6549 0.004205208516807005
14.5 5.0114 0.004467046421461523
15.5 4.321 0.004810695482006431
16.5 3.8125999999999998 0.0051214080317492925
17.5 3.3067 0.005499239095431613
18.5 2.8067 0.005969005824597523
19.5 2.4436 0.006397126544334303
20.5 2.0735 0.006944611899489487
21.5 1.7746 0.007506712124783881
22.5 1.4903 0.008191494599587968
23.5 1.2481 0.008951077315796816
24.5 1.0489 0.009764116606979435
25.5 0.8587 0.01079143672345914
26.5 0.7183999999999999 0.01179822945457522
27.5 0.5661 0.013290870380481665
28.5 0.4944 0.014222003099714357
29.5 0.4158 0.015508070173307846
30.5 0.3217 0.017630899487083906
31.5 0.25780000000000003 0.019695116019838792
32.5 0.2028 0.02220577958421638
33.5 0.1654 0.02458851198024517
34.5 0.13040000000000002 0.027692438781085564
35.5 0.1062 0.030685820596610777
36.5 0.0779 0.03582871819500093
37.5 0.0641 0.03949762527666821
38.5 0.0505 0.04449941594899847
39.5 0.0383 0.0510976130307596
40.5 0.0322 0.05572782125753528
41.5 0.022600000000000002 0.06651901052377392
42.5 0.019200000000000002 0.07216878364870322
43.5 0.013 0.08770580193070293
44.5 0.0089 0.105999788000636
45.5 0.007 0.11952286093343936
46.5 0.006 0.12909944487358055
47.5 0.004999999999999999 0.14142135623730953
48.5 0.004 0.15811388300841897
49.5 0.0021 0.2182178902359924
50.5 0.0013 0.2773500981126146
51.5 0.0016 0.25
52.5 0.001 0.31622776601683794
53.5 0.0004 0.5
54.5 0.00030000000000000003 0.5773502691896257
55.5 0.00030000000000000003 0.5773502691896257
56.5 0.00030000000000000003 0.5773502691896257
57.5 0.0001 1.0
58.5 0.0 inf
59.5 0.0 inf
60.5 0.0001 1.0
61.5 0.0001 1.0
62.5 0.0 inf
63.5 0.0001 1.0
64.5 0.0 inf
65.5 0.0 inf
66.5 0.0 inf
67.5 0.0 inf
68.5 0.0 inf
69.5 0.0 inf
70.5 0.0 inf
71.5 0.0 inf
72.5 0.0 inf
73.5 0.0 inf
74.5 0.0 inf
75.5 0.0 inf
76.5 0.0 inf
77.5 0.0 inf
78.5 0.0 inf
79.5 0.0 inf
80.5 0.0 inf
81.5 0.0 inf
82.5 0.0 inf
83.5 0.0 inf
84.5 0.0 inf
85.5 0.0 inf
86.5 0.0 inf
87.5 0.0 inf
88.5 0.0 inf
89.5 0.0 inf
90.5 0.0 inf
91.5 0.0 inf
92.5 0.0 inf
93.5 0.0 inf
94.5 0.0 inf
95.5 0.0 inf
96.5 0.0 inf
97.5 0.0 inf
