0.5 39.634 0.0015884225631385537
1.5 20.8416 0.002190455686714841
2.5 21.092 0.002177414540061621
3.5 19.3278 0.0022746196599474078
4.5 16.969900000000003 0.002427506259492265
5.5 15.1963 0.002565258118131056
6.5 13.2964 0.0027424136643834887
7.5 11.8403 0.0029061541509973953
8.5 10.5607 0.0030771852861308105
9.5 9.194199999999999 0.0032979420995809727
10.5 8.2511 0.0034813210387804583
11.5 7.2246 0.003720429648119017
12.5 6.4734 0.003930373095404116
13.5 5.6521 0.00420624999926062
14.5 4.9702 0.0044855227891029276
15.5 4.3131 0.004815099171660221
16.5 3.7979 0.005131309818292211
17.5 3.2768 0.005524271728019902
18.5 2.8319 0.00594238852274688
19.5 2.4212 0.006426650278443724
20.5 2.0693 0.006951655968723253
21.5 1.7776999999999998 0.007500164067883497
22.5 1.4848 0.00820665205373266
23.5 1.2414 0.008975199885536763
24.5 1.0591 0.009716984634549205
25.5 0.863 0.010764518342983632
26.5 0.7196 0.011788388026930793
27.5 0.5709 0.013234879103074857
28.5 0.49760000000000004 0.014176199428093568
29.5 0.3932 0.01594752330273742
30.5 0.32499999999999996 0.017541160386140585
31.5 0.26439999999999997 0.01944774603961035
32.5 0.2031 0.022189373390928115
33.5 0.15760000000000002 0.02518963609299392
34.5 0.1257 0.028205406366325913
35.5 0.1 0.03162277660168379
36.5 0.07869999999999999 0.035646150289975954
37.5 0.0643 0.03943615033625495
38.5 0.048 0.04564354645876384
39.5 0.039099999999999996 0.05057217374241737
40.5 0.0262 0.06178020632152154
41.5 0.0224 0.0668153104781061
42.5 0.0166 0.07761505257063328
43.5 0.012799999999999999 0.08838834764831845
44.5 0.0115 0.09325048082403138
45.5 0.0068000000000000005 0.12126781251816648
46.5 0.006200000000000001 0.1270001270001905
47.5 0.0041 0.15617376188860607
48.5 0.0029 0.18569533817705186
49.5 0.002 0.22360679774997896
50.5 0.0024999999999999996 0.2
51.5 0.0018 0.23570226039551587
52.5 0.0011 0.30151134457776363
53.5 0.0007 0.3779644730092272
54.5 0.0007 0.3779644730092272
55.5 0.00030000000000000003 0.5773502691896257
56.5 0.0002 0.7071067811865475
57.5 0.0 inf
58.5 0.0001 1.0
59.5 0.0 inf
60.5 0.0 inf
61.5 0.0001 1.0
62.5 0.0 inf
63.5 0.0002 0.7071067811865475
64.5 0.0 inf
65.5 0.0 inf
66.5 0.0 inf
67.5 0.0 inf
68.5 0.0 inf
69.5 0.0 inf
70.5 0.0 inf
71.5 0.0 inf
72.5 0.0 inf
73.5 0.0 inf
74.5 0.0 inf
75.5 0.0 inf
76.5 0.0 inf
77.5 0.0 inf
78.5 0.0 inf
79.5 0.0 inf
80.5 0.0 inf
81.5 0.0 inf
82.5 0.0 inf
83.5 0.0 inf
84.5 0.0 inf
85.5 0.0 inf
86.5 0.0 inf
87.5 0.0 inf
88.5 0.0 inf
89.5 0.0 inf
90.5 0.0 inf
91.5 0.0 inf
92.5 0.0 inf
93.5 0.0 inf
94.5 0.0 inf
95.5 0.0 inf
96.5 0.0 inf
97.5 0.0 inf
