0.5 46.4454 0.0014673328696386118
1.5 22.108199999999997 0.002126783623982611
2.5 21.7834 0.002142580592903728
3.5 19.7828 0.0022483096255704236
4.5 17.2391 0.0024084781214242065
5.5 15.3142 0.002555364415136382
6.5 13.475 0.002724178826415978
7.5 11.926300000000001 0.0028956571214950504
8.5 10.5861 0.0030734914117745405
9.5 9.2774 0.0032831207736477605
10.5 8.3375 0.003463235914358239
11.5 7.3143 0.0036975462535540097
12.5 6.4722 0.00393073744053541
13.5 5.6403 0.004210647621512639
14.5 4.9871 0.0044779161975587135
15.5 4.3233999999999995 0.004809360043242288
16.5 3.8099999999999996 0.0051231551957856
17.5 3.2790999999999997 0.005522333993007154
18.5 2.8053 0.005970495070990422
19.5 2.4242999999999997 0.006422540022122635
20.5 2.0863 0.006923275611648185
21.5 1.7863 0.007482087811749375
22.5 1.4877 0.008198649465721363
23.5 1.2534 0.008932132459075783
24.5 1.0351 0.009828988924745749
25.5 0.8563000000000001 0.01080654902409244
26.5 0.7207 0.011779388319313905
27.5 0.5865 0.013057679112392698
28.5 0.49520000000000003 0.014210510570080112
29.5 0.39959999999999996 0.015819299929208316
30.5 0.3161 0.017786387594901105
31.5 0.2599 0.01961538606622683
32.5 0.2015 0.022277295967705647
33.5 0.1607 0.024945491291633412
34.5 0.1296 0.027777777777777776
35.5 0.0984 0.03187883565316691
36.5 0.0816 0.03500700210070024
37.5 0.0653 0.03913302400974161
38.5 0.0508 0.04436782547080569
39.5 0.0361 0.05263157894736842
40.5 0.0298 0.057928444636349226
41.5 0.022600000000000002 0.06651901052377392
42.5 0.016 0.07905694150420949
43.5 0.0112 0.0944911182523068
44.5 0.0095 0.10259783520851541
45.5 0.0081 0.1111111111111111
46.5 0.0054 0.13608276348795434
47.5 0.0037 0.1643989873053573
48.5 0.0028 0.1889822365046136
49.5 0.0021999999999999997 0.21320071635561047
50.5 0.0015 0.2581988897471611
51.5 0.001 0.31622776601683794
52.5 0.0007 0.3779644730092272
53.5 0.00039999999999999996 0.5000000000000001
54.5 0.0005 0.4472135954999579
55.5 0.0002 0.7071067811865475
56.5 0.0006000000000000001 0.40824829046386296
57.5 0.0002 0.7071067811865475
58.5 0.0001 1.0
59.5 0.0 inf
60.5 0.0 inf
61.5 0.0 inf
62.5 0.0 inf
63.5 0.0 inf
64.5 0.0 inf
65.5 0.0 inf
66.5 0.0 inf
67.5 0.0 inf
68.5 0.0 inf
69.5 0.0 inf
70.5 0.0 inf
71.5 0.0 inf
72.5 0.0 inf
73.5 0.0 inf
74.5 0.0 inf
75.5 0.0 inf
76.5 0.0 inf
77.5 0.0 inf
78.5 0.0 inf
79.5 0.0 inf
80.5 0.0 inf
81.5 0.0 inf
82.5 0.0 inf
83.5 0.0 inf
84.5 0.0 inf
85.5 0.0 inf
86.5 0.0 inf
87.5 0.0 inf
88.5 0.0 inf
89.5 0.0 inf
90.5 0.0 inf
91.5 0.0 inf
92.5 0.0 inf
93.5 0.0 inf
94.5 0.0 inf
95.5 0.0 inf
96.5 0.0 inf
97.5 0.0 inf
