0.5 38.5177 0.0016112755864827802
1.5 20.3115 0.0022188554035523188
2.5 20.597 0.0022034236955109465
3.5 18.882199999999997 0.00230130246852888
4.5 16.697 0.002447263745143605
5.5 14.913599999999999 0.0025894573045461425
6.5 13.1147 0.0027613459495787096
7.5 11.668800000000001 0.002927432580101202
8.5 10.4515 0.0030932191310416735
9.5 9.144400000000001 0.0033069101300587005
10.5 8.1933 0.0034935790253556934
11.5 7.1203 0.0037475794939957627
12.5 6.3579 0.003965912732390939
13.5 5.6103000000000005 0.004221890425945857
14.5 4.8997 0.0045176778129026795
15.5 4.289899999999999 0.004828101767762978
16.5 3.7954 0.0051329995167127196
17.5 3.2873 0.005515442104051076
18.5 2.7893 0.0059875945799489705
19.5 2.4139 0.006436360525634111
20.5 2.0482 0.0069873712577788365
21.5 1.7482 0.007563180096369373
22.5 1.4822000000000002 0.008213846746195751
23.5 1.2433999999999998 0.008967978708178483
24.5 1.0448 0.009783256002435403
25.5 0.8479 0.0108599464149846
26.5 0.7358 0.011657894163635411
27.5 0.5800000000000001 0.013130643285972255
28.5 0.49740000000000006 0.014179049201854005
29.5 0.406 0.01569412051435861
30.5 0.3133 0.017865690353216123
31.5 0.2583 0.019676044536698512
32.5 0.2017 0.0222662484609674
33.5 0.1647 0.024640709031819093
34.5 0.127 0.028060676663315687
35.5 0.10239999999999999 0.03125000000000001
36.5 0.0804 0.035267280792929914
37.5 0.0571 0.04184869753186872
38.5 0.0493 0.0450377349111045
39.5 0.034 0.05423261445466404
40.5 0.032 0.05590169943749474
41.5 0.0219 0.06757373783994859
42.5 0.019299999999999998 0.07198157507486945
43.5 0.0121 0.09090909090909091
44.5 0.010700000000000001 0.09667364890456635
45.5 0.0081 0.1111111111111111
46.5 0.004999999999999999 0.14142135623730953
47.5 0.0056 0.1336306209562122
48.5 0.0038 0.16222142113076254
49.5 0.0024000000000000002 0.20412414523193148
50.5 0.0013 0.2773500981126146
51.5 0.0014 0.2672612419124244
52.5 0.0012000000000000001 0.28867513459481287
53.5 0.0005 0.4472135954999579
54.5 0.0005 0.4472135954999579
55.5 0.0002 0.7071067811865475
56.5 0.0002 0.7071067811865475
57.5 0.0 inf
58.5 0.0 inf
59.5 0.0 inf
60.5 0.0002 0.7071067811865475
61.5 0.0 inf
62.5 0.0 inf
63.5 0.0002 0.7071067811865475
64.5 0.0 inf
65.5 0.0 inf
66.5 0.0 inf
67.5 0.0 inf
68.5 0.0 inf
69.5 0.0 inf
70.5 0.0 inf
71.5 0.0 inf
72.5 0.0 inf
73.5 0.0 inf
74.5 0.0 inf
75.5 0.0 inf
76.5 0.0 inf
77.5 0.0 inf
78.5 0.0 inf
79.5 0.0 inf
80.5 0.0 inf
81.5 0.0 inf
82.5 0.0 inf
83.5 0.0 inf
84.5 0.0 inf
85.5 0.0 inf
86.5 0.0 inf
87.5 0.0 inf
88.5 0.0 inf
89.5 0.0 inf
90.5 0.0 inf
91.5 0.0 inf
92.5 0.0 inf
93.5 0.0 inf
94.5 0.0 inf
95.5 0.0 inf
96.5 0.0 inf
97.5 0.0 inf
