0.5 38.476 0.0016121484942273284
1.5 20.2912 0.0022199650349380685
2.5 20.5282 0.002207112980129616
3.5 18.8471 0.0023034443933701012
4.5 16.672800000000002 0.0024490391610272576
5.5 14.9431 0.0025869000463909957
6.5 13.0978 0.0027631268480046785
7.5 11.6435 0.0029306113431339744
8.5 10.4545 0.003092775287567279
9.5 9.0382 0.0033262816990387335
10.5 8.1174 0.003509874002347687
11.5 7.1612 0.0037368623319910203
12.5 6.3936 0.003954824982302079
13.5 5.5732 0.0042359193796319364
14.5 4.9262 0.00450551022937723
15.5 4.2955 0.004824953567584321
16.5 3.7668999999999997 0.005152380814750464
17.5 3.2892 0.005513848881720789
18.5 2.7904999999999998 0.005986307017484092
19.5 2.4156 0.006434095304018192
20.5 2.0723000000000003 0.006946622305369531
21.5 1.7650000000000001 0.007527099294949815
22.5 1.467 0.008256290076967833
23.5 1.2403 0.008979178976022672
24.5 1.0256 0.009874406319167053
25.5 0.867 0.010739657990297375
26.5 0.7076 0.01188792585913685
27.5 0.5787 0.013145383445418317
28.5 0.4945 0.014220565008492751
29.5 0.40549999999999997 0.015703793316826604
30.5 0.31689999999999996 0.017763922934727134
31.5 0.2524 0.019904685716450824
32.5 0.2062 0.022021944790965527
33.5 0.1537 0.025507216374642365
34.5 0.12819999999999998 0.027929038673897285
35.5 0.1013 0.03141921118033474
36.5 0.0804 0.035267280792929914
37.5 0.068 0.03834824944236852
38.5 0.053000000000000005 0.04343722427630694
39.5 0.038000000000000006 0.0512989176042577
40.5 0.024800000000000003 0.06350006350009525
41.5 0.0217 0.06788442333021306
42.5 0.0165 0.0778498944161523
43.5 0.0116 0.09284766908852593
44.5 0.011 0.09534625892455924
45.5 0.0084 0.1091089451179962
46.5 0.0051 0.14002800840280097
47.5 0.0043 0.15249857033260467
48.5 0.0034 0.17149858514250882
49.5 0.0031 0.1796053020267749
50.5 0.0021 0.2182178902359924
51.5 0.0007999999999999999 0.3535533905932738
52.5 0.0007999999999999999 0.3535533905932738
53.5 0.0005 0.4472135954999579
54.5 0.0001 1.0
55.5 0.0002 0.7071067811865475
56.5 0.00030000000000000003 0.5773502691896257
57.5 0.00030000000000000003 0.5773502691896257
58.5 0.0 inf
59.5 0.0001 1.0
60.5 0.0001 1.0
61.5 0.0 inf
62.5 0.0 inf
63.5 0.0 inf
64.5 0.0001 1.0
65.5 0.0 inf
66.5 0.0 inf
67.5 0.0 inf
68.5 0.0 inf
69.5 0.0 inf
70.5 0.0 inf
71.5 0.0 inf
72.5 0.0 inf
73.5 0.0 inf
74.5 0.0 inf
75.5 0.0 inf
76.5 0.0 inf
77.5 0.0 inf
78.5 0.0 inf
79.5 0.0 inf
80.5 0.0 inf
81.5 0.0 inf
82.5 0.0 inf
83.5 0.0 inf
84.5 0.0 inf
85.5 0.0 inf
86.5 0.0 inf
87.5 0.0 inf
88.5 0.0 inf
89.5 0.0 inf
90.5 0.0 inf
91.5 0.0 inf
92.5 0.0 inf
93.5 0.0 inf
94.5 0.0 inf
95.5 0.0 inf
96.5 0.0 inf
97.5 0.0 inf
