0.5 38.5717 0.0016101473064756779
1.5 20.399 0.0022140914814633658
2.5 20.641199999999998 0.0022010632823462957
3.5 18.965899999999998 0.0022962188183297564
4.5 16.7275 0.0024450316243963617
5.5 14.9783 0.002583858564941389
6.5 13.1771 0.002754800030435251
7.5 11.6946 0.002924201624664299
8.5 10.4448 0.0030942110718021067
9.5 9.1199 0.0033113490470382907
10.5 8.2058 0.0034909171044483294
11.5 7.1806 0.0037318109323198666
12.5 6.398899999999999 0.003953186816801442
13.5 5.6081 0.004222718446862334
14.5 4.9801 0.004481062159124135
15.5 4.2966999999999995 0.004824279754123128
16.5 3.7882 0.005137875190176125
17.5 3.2925 0.005511084984547929
18.5 2.7575000000000003 0.006022020636596778
19.5 2.4238 0.006423202433298642
20.5 2.0683 0.006953336289738034
21.5 1.7535 0.007551741490793339
22.5 1.4769 0.008228571643521873
23.5 1.2684 0.008879160028572114
24.5 1.03 0.009853292781642932
25.5 0.8684000000000001 0.010730997473258171
26.5 0.7038 0.011919975664202526
27.5 0.5825 0.013102435641608368
28.5 0.5065 0.01405109839972998
29.5 0.3962 0.01588703178380234
30.5 0.3173 0.017752722477790937
31.5 0.2498 0.020008004803202244
32.5 0.2014 0.02228282589107932
33.5 0.16870000000000002 0.024346831983299167
34.5 0.1237 0.028432506701809173
35.5 0.1029 0.03117398431942748
36.5 0.0748 0.036563621206356534
37.5 0.0636 0.03965257928590721
38.5 0.0487 0.04531432544294438
39.5 0.0407 0.04956815970966096
40.5 0.0314 0.05643326479831003
41.5 0.020900000000000002 0.06917144638660747
42.5 0.0205 0.06984302957695782
43.5 0.0138 0.08512565307587486
44.5 0.0101 0.09950371902099892
45.5 0.0075 0.11547005383792514
46.5 0.0052 0.1386750490563073
47.5 0.0036 0.16666666666666666
48.5 0.0033 0.17407765595569785
49.5 0.0033 0.17407765595569785
50.5 0.0015 0.2581988897471611
51.5 0.0017000000000000001 0.24253562503633297
52.5 0.00039999999999999996 0.5000000000000001
53.5 0.0003 0.5773502691896258
54.5 0.00030000000000000003 0.5773502691896257
55.5 0.00030000000000000003 0.5773502691896257
56.5 0.0001 1.0
57.5 0.0002 0.7071067811865475
58.5 0.0 inf
59.5 0.0001 1.0
60.5 0.0001 1.0
61.5 0.0 inf
62.5 0.0 inf
63.5 0.0001 1.0
64.5 0.0001 1.0
65.5 0.0 inf
66.5 0.0 inf
67.5 0.0 inf
68.5 0.0 inf
69.5 0.0 inf
70.5 0.0 inf
71.5 0.0 inf
72.5 0.0 inf
73.5 0.0 inf
74.5 0.0 inf
75.5 0.0 inf
76.5 0.0 inf
77.5 0.0 inf
78.5 0.0 inf
79.5 0.0 inf
80.5 0.0 inf
81.5 0.0 inf
82.5 0.0 inf
83.5 0.0 inf
84.5 0.0 inf
85.5 0.0 inf
86.5 0.0 inf
87.5 0.0 inf
88.5 0.0 inf
89.5 0.0 inf
90.5 0.0 inf
91.5 0.0 inf
92.5 0.0 inf
93.5 0.0 inf
94.5 0.0 inf
95.5 0.0 inf
96.5 0.0 inf
97.5 0.0 inf
