0.5 39.8582 0.0015839488720706832
1.5 20.9824 0.00218309391442392
2.5 21.2421 0.0021697079260921725
3.5 19.517 0.002263567599929078
4.5 17.0381 0.002422642984512642
5.5 15.3398 0.002553231250266592
6.5 13.4578 0.0027259191151002603
7.5 11.8816 0.0029010989123095235
8.5 10.6265 0.003067643423495738
9.5 9.279900000000001 0.0032826785083861234
10.5 8.2868 0.003473814081637763
11.5 7.2738 0.003707825801477777
12.5 6.4722 0.00393073744053541
13.5 5.696400000000001 0.004189862406339868
14.5 5.0108 0.004467313858559805
15.5 4.3119 0.004815769145111588
16.5 3.8118 0.005121945430285058
17.5 3.3079 0.005498241531190349
18.5 2.8524000000000003 0.005920996251169778
19.5 2.4421 0.006399090881746694
20.5 2.0827999999999998 0.006929090210592839
21.5 1.7835 0.007487958748050333
22.5 1.4764 0.008229964876230853
23.5 1.2579 0.00891614127994575
24.5 1.0518 0.009750646611193318
25.5 0.8769 0.01067886177088331
26.5 0.6992 0.011959121830873496
27.5 0.5900000000000001 0.013018891098082385
28.5 0.4931 0.014240738076707171
29.5 0.40890000000000004 0.01563836857789011
30.5 0.3273 0.017479419175542688
31.5 0.2653 0.019414730885301035
32.5 0.2 0.022360679774997897
33.5 0.1594 0.02504700724928122
34.5 0.129 0.027842302319485226
35.5 0.09989999999999999 0.03163859985841663
36.5 0.0803 0.035289233662029275
37.5 0.0676 0.038461538461538464
38.5 0.0475 0.04588314677411235
39.5 0.0388 0.05076730825668096
40.5 0.030699999999999998 0.05707301455353496
41.5 0.0223 0.06696495301824251
42.5 0.017599999999999998 0.07537783614444092
43.5 0.0109 0.09578262852211514
44.5 0.0109 0.09578262852211514
45.5 0.0060999999999999995 0.12803687993289598
46.5 0.0056 0.1336306209562122
47.5 0.0036 0.16666666666666666
48.5 0.0034999999999999996 0.16903085094570333
49.5 0.0027 0.19245008972987526
50.5 0.0014 0.2672612419124244
51.5 0.0015999999999999999 0.25000000000000006
52.5 0.0007999999999999999 0.3535533905932738
53.5 0.0007 0.3779644730092272
54.5 0.0009 0.3333333333333333
55.5 0.0001 1.0
56.5 0.0004 0.5
57.5 0.00030000000000000003 0.5773502691896257
58.5 0.0 inf
59.5 0.0 inf
60.5 0.0 inf
61.5 0.0 inf
62.5 0.0 inf
63.5 0.0 inf
64.5 0.0 inf
65.5 0.0 inf
66.5 0.0 inf
67.5 0.0 inf
68.5 0.0 inf
69.5 0.0 inf
70.5 0.0 inf
71.5 0.0 inf
72.5 0.0 inf
73.5 0.0 inf
74.5 0.0 inf
75.5 0.0 inf
76.5 0.0 inf
77.5 0.0 inf
78.5 0.0 inf
79.5 0.0 inf
80.5 0.0 inf
81.5 0.0 inf
82.5 0.0 inf
83.5 0.0 inf
84.5 0.0 inf
85.5 0.0 inf
86.5 0.0 inf
87.5 0.0 inf
88.5 0.0 inf
89.5 0.0 inf
90.5 0.0 inf
91.5 0.0 inf
92.5 0.0 inf
93.5 0.0 inf
94.5 0.0 inf
95.5 0.0 inf
96.5 0.0 inf
97.5 0.0 inf
