0.5 38.4471 0.0016127542920553696
1.5 20.2511 0.002222161868028136
2.5 20.620800000000003 0.0022021517607570414
3.5 18.8858 0.002301083121619298
4.5 16.6477 0.0024508846931499315
5.5 14.887599999999999 0.0025917174579872817
6.5 13.166 0.0027559610450966525
7.5 11.6242 0.0029330432240808045
8.5 10.3848 0.0031031368708546157
9.5 9.0721 0.0033200611720266286
10.5 8.1495 0.0035029546747657758
11.5 7.1305 0.003744898125879216
12.5 6.3848 0.0039575494588929665
13.5 5.5835 0.0042320105312866705
14.5 4.9335 0.0045021756392856094
15.5 4.301 0.0048218675720223215
16.5 3.7590000000000003 0.0051577921535196905
17.5 3.2952 0.005508826702992463
18.5 2.7965 0.005979881641373997
19.5 2.3775 0.006485444351255215
20.5 2.0709 0.0069489699870847205
21.5 1.7368000000000001 0.007587961082236559
22.5 1.4876999999999998 0.008198649465721365
23.5 1.2618 0.008902351510627226
24.5 1.0234 0.009885014112597597
25.5 0.8543000000000001 0.010819191224278855
26.5 0.7223999999999999 0.011765520133375293
27.5 0.5777000000000001 0.01315675587028552
28.5 0.5014000000000001 0.014122378114958499
29.5 0.39749999999999996 0.015861031714362882
30.5 0.3235 0.017581780649842196
31.5 0.253 0.019881069312188606
32.5 0.2032 0.022183912735402846
33.5 0.1605 0.024961028814965893
34.5 0.12279999999999999 0.02853650727676748
35.5 0.1049 0.03087537605472192
36.5 0.08149999999999999 0.03502847220520294
37.5 0.0626 0.039968038348871575
38.5 0.0463 0.04647394123401731
39.5 0.0356 0.052999894000318
40.5 0.0267 0.06119900613621046
41.5 0.0228 0.06622661785325219
42.5 0.018500000000000003 0.07352146220938077
43.5 0.0117 0.09245003270420485
44.5 0.009399999999999999 0.10314212462587935
45.5 0.0087 0.10721125348377948
46.5 0.006200000000000001 0.1270001270001905
47.5 0.004 0.15811388300841897
48.5 0.0042 0.1543033499620919
49.5 0.003 0.18257418583505536
50.5 0.0011 0.30151134457776363
51.5 0.0012000000000000001 0.28867513459481287
52.5 0.0009 0.3333333333333333
53.5 0.0006000000000000001 0.40824829046386296
54.5 0.0007 0.3779644730092272
55.5 0.0005 0.4472135954999579
56.5 0.0002 0.7071067811865475
57.5 0.00030000000000000003 0.5773502691896257
58.5 0.0 inf
59.5 0.0001 1.0
60.5 0.0001 1.0
61.5 0.0 inf
62.5 0.0 inf
63.5 0.0 inf
64.5 0.0 inf
65.5 0.0 inf
66.5 0.0 inf
67.5 0.0 inf
68.5 0.0 inf
69.5 0.0 inf
70.5 0.0 inf
71.5 0.0 inf
72.5 0.0 inf
73.5 0.0 inf
74.5 0.0 inf
75.5 0.0 inf
76.5 0.0 inf
77.5 0.0 inf
78.5 0.0 inf
79.5 0.0 inf
80.5 0.0 inf
81.5 0.0 inf
82.5 0.0 inf
83.5 0.0 inf
84.5 0.0 inf
85.5 0.0 inf
86.5 0.0 inf
87.5 0.0 inf
88.5 0.0 inf
89.5 0.0 inf
90.5 0.0 inf
91.5 0.0 inf
92.5 0.0 inf
93.5 0.0 inf
94.5 0.0 inf
95.5 0.0 inf
96.5 0.0 inf
97.5 0.0 inf
