0.5 61.111000000000004 0.0012792054610482467
1.5 24.4709 0.0020215059728158173
2.5 23.334699999999998 0.0020701360535017705
3.5 20.7354 0.002196057924795907
4.5 17.912399999999998 0.0023627790451771734
5.5 15.839099999999998 0.0025126659217166105
6.5 13.7275 0.002699008633771315
7.5 12.1257 0.0028717497397985755
8.5 10.8385 0.003037493862132862
9.5 9.4469 0.0032535339353570347
10.5 8.4341 0.003443345703594123
11.5 7.3408 0.0036908662209843286
12.5 6.566800000000001 0.0039023220261262316
13.5 5.7262 0.004178945850109589
14.5 4.996499999999999 0.004473702024818462
15.5 4.4027 0.0047658509207672345
16.5 3.8813000000000004 0.005075880556068361
17.5 3.301 0.0055039849516853945
18.5 2.8274 0.005947115501044907
19.5 2.4493 0.006389678526427578
20.5 2.0968 0.006905919252154884
21.5 1.7995999999999999 0.007454388236378752
22.5 1.5097 0.008138693107319595
23.5 1.2610999999999999 0.008904821886309528
24.5 1.075 0.009644856443408243
25.5 0.8440000000000001 0.010885008604602703
26.5 0.7094 0.011872834332813964
27.5 0.5831 0.013095692814688734
28.5 0.4924 0.014250856858528702
29.5 0.4014 0.015783790793679277
30.5 0.32230000000000003 0.01761448082809464
31.5 0.26380000000000003 0.019469849944497734
32.5 0.20879999999999999 0.021884405476620426
33.5 0.1634 0.02473853479976467
34.5 0.1309 0.027639499641139105
35.5 0.1046 0.030919620705155318
36.5 0.07680000000000001 0.03608439182435161
37.5 0.0683 0.03826393658966905
38.5 0.0521 0.04381079543383235
39.5 0.0418 0.04891159880445185
40.5 0.029699999999999997 0.058025885318565944
41.5 0.023899999999999998 0.0646846227353151
42.5 0.016800000000000002 0.07715167498104596
43.5 0.0138 0.08512565307587486
44.5 0.009399999999999999 0.10314212462587935
45.5 0.0091 0.10482848367219183
46.5 0.0059 0.13018891098082389
47.5 0.004699999999999999 0.14586499149789456
48.5 0.0024 0.20412414523193154
49.5 0.0017000000000000001 0.24253562503633297
50.5 0.0021 0.2182178902359924
51.5 0.0013 0.2773500981126146
52.5 0.0012000000000000001 0.28867513459481287
53.5 0.0006000000000000001 0.40824829046386296
54.5 0.0007999999999999999 0.3535533905932738
55.5 0.0005 0.4472135954999579
56.5 0.0005 0.4472135954999579
57.5 0.00030000000000000003 0.5773502691896257
58.5 0.0 inf
59.5 0.0003 0.5773502691896258
60.5 0.0001 1.0
61.5 0.0 inf
62.5 0.0 inf
63.5 0.0 inf
64.5 0.0 inf
65.5 0.0 inf
66.5 0.0 inf
67.5 0.0 inf
68.5 0.0001 1.0
69.5 0.0 inf
70.5 0.0 inf
71.5 0.0 inf
72.5 0.0 inf
73.5 0.0 inf
74.5 0.0 inf
75.5 0.0 inf
76.5 0.0 inf
77.5 0.0 inf
78.5 0.0 inf
79.5 0.0 inf
80.5 0.0 inf
81.5 0.0 inf
82.5 0.0 inf
83.5 0.0 inf
84.5 0.0 inf
85.5 0.0 inf
86.5 0.0 inf
87.5 0.0 inf
88.5 0.0 inf
89.5 0.0 inf
90.5 0.0 inf
91.5 0.0 inf
92.5 0.0 inf
93.5 0.0 inf
94.5 0.0 inf
95.5 0.0 inf
96.5 0.0 inf
97.5 0.0 inf
