0.5 38.568799999999996 0.0016102078390748016
1.5 20.311700000000002 0.0022188444794993562
2.5 20.6598 0.002200072251559131
3.5 18.878700000000002 0.0023015157826171777
4.5 16.717100000000002 0.0024457920545927323
5.5 14.9504 0.0025862684018824
6.5 13.1521 0.002757417000507153
7.5 11.6953 0.0029241141120837275
8.5 10.4698 0.0030905146540275243
9.5 9.086400000000001 0.0033174476194084705
10.5 8.189400000000001 0.003494410791812781
11.5 7.146100000000001 0.0037408083196435664
12.5 6.3683 0.003962673065166568
13.5 5.645 0.004208894373965181
14.5 4.9137 0.004511237390767247
15.5 4.2933 0.004826189625902941
16.5 3.7880000000000003 0.005138010823950523
17.5 3.3178 0.005490032287523829
18.5 2.8022 0.005973796658791708
19.5 2.3861 0.006473746356996358
20.5 2.0628 0.00696259988573928
21.5 1.7658 0.007525394016428849
22.5 1.4832 0.008211077318035775
23.5 1.2505000000000002 0.00894248359209465
24.5 1.0516 0.009751573787215116
25.5 0.8442000000000001 0.010883719140805654
26.5 0.7033 0.01192421207037253
27.5 0.5772999999999999 0.01316131311180435
28.5 0.49250000000000005 0.014249409997581928
29.5 0.4032 0.0157485197087178
30.5 0.3313 0.017373578546523584
31.5 0.2545 0.019822394114938212
32.5 0.1993 0.02239991398449545
33.5 0.1637 0.024715856229864275
34.5 0.1256 0.028216632399155017
35.5 0.1043 0.030964056111131625
36.5 0.0789 0.03560094272544522
37.5 0.0666 0.038749212914606423
38.5 0.0476 0.04583492485141056
39.5 0.0363 0.0524863881081478
40.5 0.030199999999999998 0.0575435337648436
41.5 0.0208 0.06933752452815364
42.5 0.018099999999999998 0.07432941462471664
43.5 0.015 0.08164965809277261
44.5 0.009600000000000001 0.10206207261596574
45.5 0.0064 0.125
46.5 0.006500000000000001 0.12403473458920847
47.5 0.004 0.15811388300841897
48.5 0.0031999999999999997 0.1767766952966369
49.5 0.0027 0.19245008972987526
50.5 0.0018 0.23570226039551587
51.5 0.0012000000000000001 0.28867513459481287
52.5 0.001 0.31622776601683794
53.5 0.0011 0.30151134457776363
54.5 0.0005 0.4472135954999579
55.5 0.0007 0.3779644730092272
56.5 0.00039999999999999996 0.5000000000000001
57.5 0.0005 0.4472135954999579
58.5 0.0002 0.7071067811865475
59.5 0.0001 1.0
60.5 0.0 inf
61.5 0.0 inf
62.5 0.0 inf
63.5 0.0 inf
64.5 0.0 inf
65.5 0.0 inf
66.5 0.0 inf
67.5 0.0 inf
68.5 0.0 inf
69.5 0.0 inf
70.5 0.0 inf
71.5 0.0 inf
72.5 0.0 inf
73.5 0.0 inf
74.5 0.0 inf
75.5 0.0 inf
76.5 0.0 inf
77.5 0.0 inf
78.5 0.0 inf
79.5 0.0 inf
80.5 0.0 inf
81.5 0.0 inf
82.5 0.0 inf
83.5 0.0 inf
84.5 0.0 inf
85.5 0.0 inf
86.5 0.0 inf
87.5 0.0 inf
88.5 0.0 inf
89.5 0.0 inf
90.5 0.0 inf
91.5 0.0 inf
92.5 0.0 inf
93.5 0.0 inf
94.5 0.0 inf
95.5 0.0 inf
96.5 0.0 inf
97.5 0.0 inf
