0.5 38.4613 0.0016124565482827575
1.5 20.2289 0.002223380878111943
2.5 20.622799999999998 0.002202044975783394
3.5 18.8886 0.002300912561823096
4.5 16.6297 0.002452210754147889
5.5 14.9362 0.002587497505896184
6.5 13.084900000000001 0.0027644885533101723
7.5 11.6199 0.002933585867274317
8.5 10.4199 0.003097905919271165
9.5 9.1192 0.003311476136029246
10.5 8.1508 0.003502675314293875
11.5 7.1041 0.003751850000913908
12.5 6.390000000000001 0.003955938860646178
13.5 5.6073 0.004223019666190179
14.5 4.9338 0.004502038759677191
15.5 4.2745 0.0048367911956240855
16.5 3.7983000000000002 0.0051310396213662
17.5 3.2676999999999996 0.005531958468291738
18.5 2.768 0.006010587960429314
19.5 2.3838999999999997 0.006476732840827634
20.5 2.0761 0.006940262001223991
21.5 1.737 0.007587524226766424
22.5 1.4675 0.00825488343412996
23.5 1.2396 0.008981713881714605
24.5 1.0605 0.009710568665124318
25.5 0.8441000000000001 0.010884363815418439
26.5 0.722 0.011768778828946261
27.5 0.5811999999999999 0.013117080903335115
28.5 0.4989 0.014157717688041934
29.5 0.405 0.015713484026367724
30.5 0.3261 0.017511550487910747
31.5 0.2537 0.019853622797734376
32.5 0.2041 0.02213494757094859
33.5 0.162 0.024845199749997663
34.5 0.1244 0.028352398856187136
35.5 0.1011 0.031450273186121945
36.5 0.0797 0.03542181734879073
37.5 0.0645 0.039374961547907886
38.5 0.055 0.04264014327112208
39.5 0.0413 0.04920678313051229
40.5 0.0263 0.061662641597820735
41.5 0.0225 0.06666666666666667
42.5 0.018099999999999998 0.07432941462471664
43.5 0.013399999999999999 0.08638684255813601
44.5 0.009399999999999999 0.10314212462587935
45.5 0.0078 0.11322770341445956
46.5 0.006200000000000001 0.1270001270001905
47.5 0.0043 0.15249857033260467
48.5 0.0033 0.17407765595569785
49.5 0.0022 0.21320071635561041
50.5 0.0023 0.20851441405707477
51.5 0.0015999999999999999 0.25000000000000006
52.5 0.0006000000000000001 0.40824829046386296
53.5 0.0007 0.3779644730092272
54.5 0.0004 0.5
55.5 0.0004 0.5
56.5 0.0002 0.7071067811865475
57.5 0.0002 0.7071067811865475
58.5 0.0005 0.4472135954999579
59.5 0.0001 1.0
60.5 0.0001 1.0
61.5 0.0001 1.0
62.5 0.0 inf
63.5 0.0002 0.7071067811865475
64.5 0.0 inf
65.5 0.0 inf
66.5 0.0001 1.0
67.5 0.0 inf
68.5 0.0 inf
69.5 0.0 inf
70.5 0.0 inf
71.5 0.0 inf
72.5 0.0 inf
73.5 0.0 inf
74.5 0.0 inf
75.5 0.0 inf
76.5 0.0 inf
77.5 0.0 inf
78.5 0.0 inf
79.5 0.0 inf
80.5 0.0 inf
81.5 0.0 inf
82.5 0.0 inf
83.5 0.0 inf
84.5 0.0 inf
85.5 0.0 inf
86.5 0.0 inf
87.5 0.0 inf
88.5 0.0 inf
89.5 0.0 inf
90.5 0.0 inf
91.5 0.0 inf
92.5 0.0 inf
93.5 0.0 inf
94.5 0.0 inf
95.5 0.0 inf
96.5 0.0 inf
97.5 0.0 inf
