0.5 38.4344 0.0016130207237910978
1.5 20.2911 0.002219970505223809
2.5 20.5601 0.0022054000936356003
3.5 18.8839 0.0023011988802275085
4.5 16.6188 0.0024530148048573907
5.5 14.9988 0.0025820921832246965
6.5 13.0596 0.0027671650410743646
7.5 11.632100000000001 0.0029320470592872805
8.5 10.4325 0.0030960345841378792
9.5 9.079699999999999 0.003318671382319156
10.5 8.166 0.0034994138972542044
11.5 7.1800999999999995 0.0037319408659547263
12.5 6.3814 0.003958603606599408
13.5 5.5604 0.004240792104664813
14.5 4.877800000000001 0.004527808029645605
15.5 4.308199999999999 0.004817836658430161
16.5 3.7779 0.005144874329040141
17.5 3.2657 0.005533652166962337
18.5 2.7671 0.0060115653536158995
19.5 2.4221000000000004 0.00642545616534942
20.5 2.0619 0.006964119274712247
21.5 1.7713 0.007513701517568859
22.5 1.4617 0.008271244836205303
23.5 1.2584 0.008914369779008365
24.5 1.0392000000000001 0.009809580398286881
25.5 0.8472 0.010864432010390794
26.5 0.7303999999999999 0.011700909430022725
27.5 0.5762 0.013173869985663552
28.5 0.4981 0.0141690825043918
29.5 0.3848 0.016120647005479025
30.5 0.311 0.017931631503020816
31.5 0.2603 0.019600308903302496
32.5 0.20400000000000001 0.022140372138502378
33.5 0.1607 0.024945491291633412
34.5 0.1243 0.02836380138986998
35.5 0.1081 0.030414953233623677
36.5 0.0819 0.03494282789073061
37.5 0.0638 0.03959037912324479
38.5 0.0479 0.04569116623849538
39.5 0.037 0.05198752449100364
40.5 0.028900000000000002 0.058823529411764705
41.5 0.024300000000000002 0.06415002990995841
42.5 0.0173 0.07602859212697055
43.5 0.012199999999999999 0.09053574604251854
44.5 0.0094 0.10314212462587934
45.5 0.0063 0.1259881576697424
46.5 0.0063 0.1259881576697424
47.5 0.0039 0.16012815380508713
48.5 0.0026 0.19611613513818404
49.5 0.0026 0.19611613513818404
50.5 0.0023 0.20851441405707477
51.5 0.0015 0.2581988897471611
52.5 0.0009 0.3333333333333333
53.5 0.0005 0.4472135954999579
54.5 0.0005 0.4472135954999579
55.5 0.0001 1.0
56.5 0.00030000000000000003 0.5773502691896257
57.5 0.0004 0.5
58.5 0.0002 0.7071067811865475
59.5 0.0001 1.0
60.5 0.0001 1.0
61.5 0.0001 1.0
62.5 0.0 inf
63.5 0.0 inf
64.5 0.0001 1.0
65.5 0.0 inf
66.5 0.0 inf
67.5 0.0 inf
68.5 0.0 inf
69.5 0.0 inf
70.5 0.0 inf
71.5 0.0 inf
72.5 0.0 inf
73.5 0.0 inf
74.5 0.0 inf
75.5 0.0 inf
76.5 0.0 inf
77.5 0.0 inf
78.5 0.0 inf
79.5 0.0 inf
80.5 0.0 inf
81.5 0.0 inf
82.5 0.0 inf
83.5 0.0 inf
84.5 0.0 inf
85.5 0.0 inf
86.5 0.0 inf
87.5 0.0 inf
88.5 0.0 inf
89.5 0.0 inf
90.5 0.0 inf
91.5 0.0 inf
92.5 0.0 inf
93.5 0.0 inf
94.5 0.0 inf
95.5 0.0 inf
96.5 0.0 inf
97.5 0.0 inf
