0.5 39.0303 0.001600659863982344
1.5 20.680699999999998 0.0021989602695370756
2.5 20.8956 0.00218762348457638
3.5 19.1405 0.0022857217493076937
4.5 16.9192 0.002431140666085563
5.5 15.1155 0.0025721052816132847
6.5 13.2889 0.0027431874380307053
7.5 11.8162 0.0029091162978530237
8.5 10.5412 0.003080030189371857
9.5 9.2175 0.0032937711924622215
10.5 8.2331 0.0034851245614926428
11.5 7.2503 0.003713829926475348
12.5 6.4664 0.003932499871505569
13.5 5.651 0.00420665936484716
14.5 4.9587 0.004490721090991406
15.5 4.352399999999999 0.004793310904525424
16.5 3.7767 0.005145691624411308
17.5 3.271 0.005529167262300082
18.5 2.8013000000000003 0.0059747562106478545
19.5 2.418 0.006430901411885911
20.5 2.0743 0.006943272598209111
21.5 1.7698999999999998 0.007516672618412162
22.5 1.4964 0.008174781439921426
23.5 1.2772000000000001 0.008848518130026099
24.5 1.0592000000000001 0.009716525929205895
25.5 0.8629 0.010765142065691399
26.5 0.7189 0.011794125865200426
27.5 0.5728 0.013212910564542248
28.5 0.4986 0.014161976288736246
29.5 0.4028 0.015756337291581362
30.5 0.3127 0.017882822232191637
31.5 0.2653 0.019414730885301035
32.5 0.21000000000000002 0.02182178902359924
33.5 0.1674 0.024441185836892216
34.5 0.1274 0.02801659073402629
35.5 0.1063 0.030671383606587218
36.5 0.08610000000000001 0.034079908829549845
37.5 0.061200000000000004 0.040422604172722164
38.5 0.0475 0.04588314677411235
39.5 0.038 0.051298917604257706
40.5 0.0279 0.05986843400892496
41.5 0.02 0.07071067811865475
42.5 0.020900000000000002 0.06917144638660747
43.5 0.013000000000000001 0.08770580193070293
44.5 0.0121 0.09090909090909091
45.5 0.006999999999999999 0.11952286093343939
46.5 0.0063 0.1259881576697424
47.5 0.0046 0.14744195615489714
48.5 0.0026 0.19611613513818404
49.5 0.0023 0.20851441405707477
50.5 0.0012 0.2886751345948129
51.5 0.0013 0.2773500981126146
52.5 0.0012000000000000001 0.28867513459481287
53.5 0.00039999999999999996 0.5000000000000001
54.5 0.00030000000000000003 0.5773502691896257
55.5 0.0006000000000000001 0.40824829046386296
56.5 0.00039999999999999996 0.5000000000000001
57.5 0.0001 1.0
58.5 0.0002 0.7071067811865475
59.5 0.0001 1.0
60.5 0.0 inf
61.5 0.0001 1.0
62.5 0.0 inf
63.5 0.0 inf
64.5 0.0 inf
65.5 0.0 inf
66.5 0.0 inf
67.5 0.0 inf
68.5 0.0 inf
69.5 0.0 inf
70.5 0.0 inf
71.5 0.0 inf
72.5 0.0001 1.0
73.5 0.0 inf
74.5 0.0 inf
75.5 0.0 inf
76.5 0.0 inf
77.5 0.0 inf
78.5 0.0 inf
79.5 0.0 inf
80.5 0.0 inf
81.5 0.0 inf
82.5 0.0 inf
83.5 0.0 inf
84.5 0.0 inf
85.5 0.0 inf
86.5 0.0 inf
87.5 0.0 inf
88.5 0.0 inf
89.5 0.0 inf
90.5 0.0 inf
91.5 0.0 inf
92.5 0.0 inf
93.5 0.0 inf
94.5 0.0 inf
95.5 0.0 inf
96.5 0.0 inf
97.5 0.0 inf
