0.5 61.861 0.001271427298704535
1.5 24.5064 0.002020041264208373
2.5 23.4364 0.0020656395922218243
3.5 20.702399999999997 0.0021978075058813186
4.5 17.910800000000002 0.002362884578208856
5.5 15.8723 0.0025100366815675903
6.5 13.7067 0.0027010557383904126
7.5 12.1648 0.0028671308481260857
8.5 10.8413 0.0030371015875885823
9.5 9.442799999999998 0.0032542401899356664
10.5 8.446200000000001 0.0034408783563957303
11.5 7.3331 0.0036928034789935685
12.5 6.5501000000000005 0.003907293499268725
13.5 5.7157 0.004182782545354124
14.5 5.0491 0.004450338177358232
15.5 4.3629 0.004787539504470402
16.5 3.8198999999999996 0.005116512071458092
17.5 3.3225 0.005486147820484028
18.5 2.8548 0.005918506868570292
19.5 2.455 0.006382256462726028
20.5 2.0877 0.00692095386730036
21.5 1.8005 0.007452524923963273
22.5 1.5009000000000001 0.008162517421254015
23.5 1.2649 0.00889143593658907
24.5 1.0556999999999999 0.009732619374563063
25.5 0.8615999999999999 0.010773260339714291
26.5 0.7228000000000001 0.011762264143238672
27.5 0.5789 0.013143112497237697
28.5 0.5062 0.014055261482651724
29.5 0.4063 0.01568832540534904
30.5 0.32830000000000004 0.01745277776518646
31.5 0.24839999999999998 0.020064308847628203
32.5 0.2044 0.02211869776019044
33.5 0.16010000000000002 0.024992191160203066
34.5 0.13040000000000002 0.027692438781085564
35.5 0.0995 0.031702131247412065
36.5 0.0727 0.0370879470776142
37.5 0.0689 0.03809696588797296
38.5 0.0508 0.04436782547080569
39.5 0.0414 0.04914731871829905
40.5 0.030699999999999998 0.05707301455353496
41.5 0.020700000000000003 0.06950480468569159
42.5 0.0176 0.07537783614444091
43.5 0.0121 0.09090909090909091
44.5 0.009899999999999999 0.10050378152592121
45.5 0.007600000000000001 0.11470786693528087
46.5 0.0056 0.1336306209562122
47.5 0.0042 0.1543033499620919
48.5 0.0034999999999999996 0.16903085094570333
49.5 0.0029 0.18569533817705186
50.5 0.001 0.31622776601683794
51.5 0.0013 0.2773500981126146
52.5 0.0009 0.3333333333333333
53.5 0.0011 0.30151134457776363
54.5 0.0003 0.5773502691896258
55.5 0.0002 0.7071067811865475
56.5 0.0004 0.5
57.5 0.0002 0.7071067811865475
58.5 0.00030000000000000003 0.5773502691896257
59.5 0.0 inf
60.5 0.0 inf
61.5 0.0001 1.0
62.5 0.0 inf
63.5 0.0 inf
64.5 0.0 inf
65.5 0.0 inf
66.5 0.0 inf
67.5 0.0 inf
68.5 0.0 inf
69.5 0.0 inf
70.5 0.0 inf
71.5 0.0 inf
72.5 0.0 inf
73.5 0.0 inf
74.5 0.0 inf
75.5 0.0 inf
76.5 0.0 inf
77.5 0.0 inf
78.5 0.0 inf
79.5 0.0 inf
80.5 0.0 inf
81.5 0.0 inf
82.5 0.0 inf
83.5 0.0 inf
84.5 0.0 inf
85.5 0.0 inf
86.5 0.0 inf
87.5 0.0 inf
88.5 0.0 inf
89.5 0.0 inf
90.5 0.0 inf
91.5 0.0 inf
92.5 0.0 inf
93.5 0.0 inf
94.5 0.0 inf
95.5 0.0 inf
96.5 0.0 inf
97.5 0.0 inf
