0.5 38.454100000000004 0.0016126074963449932
1.5 20.3292 0.002217889249129826
2.5 20.5075 0.0022082266145433574
3.5 18.9518 0.0022970728444796085
4.5 16.6444 0.0024511276432905055
5.5 14.9138 0.0025894399416608554
6.5 13.082899999999999 0.002764699850721957
7.5 11.6616 0.0029283361551770233
8.5 10.3737 0.003104796626298026
9.5 9.099499999999999 0.003315058794953835
10.5 8.1996 0.0034922366563904686
11.5 7.1264 0.003745975238765959
12.5 6.3917 0.003955412745270698
13.5 5.6044 0.0042241121268611565
14.5 4.9216999999999995 0.004507569493833188
15.5 4.2724 0.004837979756348195
16.5 3.798 0.005131242265058993
17.5 3.2854 0.005517036708261013
18.5 2.8007999999999997 0.005975289494850622
19.5 2.3698 0.0064959721220497965
20.5 2.0523 0.006980388227879474
21.5 1.7669000000000001 0.007523051149771044
22.5 1.47 0.008247860988423226
23.5 1.2565 0.008921107106718893
24.5 1.0287 0.009859516771290152
25.5 0.857 0.010802134712749701
26.5 0.7039 0.011919128924676385
27.5 0.5777 0.013156755870285523
28.5 0.5035 0.01409289650415634
29.5 0.4067 0.015680608569955762
30.5 0.317 0.0177611208331347
31.5 0.2606 0.019589023819033338
32.5 0.20950000000000002 0.021847813825958583
33.5 0.1701 0.024246432248443597
34.5 0.12490000000000001 0.028295591748714637
35.5 0.10350000000000001 0.03108349360801046
36.5 0.0785 0.03569153051241249
37.5 0.059899999999999995 0.04085889232227185
38.5 0.0472 0.04602873089491617
39.5 0.0405 0.049690399499995326
40.5 0.0295 0.0582222509739582
41.5 0.020700000000000003 0.06950480468569159
42.5 0.0171 0.07647191129018725
43.5 0.0143 0.08362420100070908
44.5 0.0105 0.09759000729485333
45.5 0.0073 0.11704114719613057
46.5 0.007 0.11952286093343936
47.5 0.0031999999999999997 0.1767766952966369
48.5 0.0042 0.1543033499620919
49.5 0.0023 0.20851441405707477
50.5 0.0012000000000000001 0.28867513459481287
51.5 0.0014 0.2672612419124244
52.5 0.0007 0.3779644730092272
53.5 0.0002 0.7071067811865475
54.5 0.0005 0.4472135954999579
55.5 0.0001 1.0
56.5 0.0003 0.5773502691896258
57.5 0.0004 0.5
58.5 0.0001 1.0
59.5 0.0002 0.7071067811865475
60.5 0.0 inf
61.5 0.0 inf
62.5 0.0 inf
63.5 0.0 inf
64.5 0.0 inf
65.5 0.0 inf
66.5 0.0001 1.0
67.5 0.0 inf
68.5 0.0 inf
69.5 0.0 inf
70.5 0.0 inf
71.5 0.0 inf
72.5 0.0 inf
73.5 0.0 inf
74.5 0.0 inf
75.5 0.0 inf
76.5 0.0 inf
77.5 0.0 inf
78.5 0.0 inf
79.5 0.0 inf
80.5 0.0 inf
81.5 0.0 inf
82.5 0.0 inf
83.5 0.0 inf
84.5 0.0 inf
85.5 0.0 inf
86.5 0.0 inf
87.5 0.0 inf
88.5 0.0 inf
89.5 0.0 inf
90.5 0.0 inf
91.5 0.0 inf
92.5 0.0 inf
93.5 0.0 inf
94.5 0.0 inf
95.5 0.0 inf
96.5 0.0 inf
97.5 0.0 inf
