0.5 38.5399 0.001610811450993768
1.5 20.3246 0.0022181402187269788
2.5 20.642 0.002201020629800829
3.5 18.8722 0.0023019120947769516
4.5 16.740000000000002 0.0024441185836892214
5.5 15.004 0.0025816447011230217
6.5 13.1263 0.0027601255488220603
7.5 11.6421 0.002930787545560616
8.5 10.412700000000001 0.0030989767783275255
9.5 9.1191 0.0033114942927939357
10.5 8.2049 0.0034911085595082073
11.5 7.16 0.0037371754637596792
12.5 6.3901 0.003955907906871295
13.5 5.5764 0.004234703820562605
14.5 4.9758 0.0044829979690634075
15.5 4.2600999999999996 0.004844958965733248
16.5 3.7979000000000003 0.005131309818292211
17.5 3.2706999999999997 0.005529420833728806
18.5 2.7835 0.0059938295317385855
19.5 2.4388 0.006403418801472846
20.5 2.0667999999999997 0.00695585905747124
21.5 1.7538 0.007551095573545372
22.5 1.4833 0.008210800529263622
23.5 1.2423000000000002 0.008971948197771492
24.5 1.0577 0.009723413338285558
25.5 0.8647 0.010753931616762061
26.5 0.7089 0.011877020657238974
27.5 0.5887 0.013033257689973352
28.5 0.4949 0.014214817002999845
29.5 0.3951 0.015909131996778254
30.5 0.3187 0.017713687074079002
31.5 0.24819999999999998 0.020072391147592506
32.5 0.1951 0.022639736366332933
33.5 0.1638 0.024708310555370042
34.5 0.1286 0.027885569326658022
35.5 0.1076 0.030485538042484616
36.5 0.0755 0.03639372626234195
37.5 0.0646 0.039344473768231684
38.5 0.0479 0.04569116623849538
39.5 0.0395 0.05031546054266276
40.5 0.0256 0.0625
41.5 0.021900000000000003 0.06757373783994859
42.5 0.0183 0.07392212709545729
43.5 0.014 0.08451542547285165
44.5 0.0095 0.10259783520851541
45.5 0.0077 0.11396057645963795
46.5 0.0068000000000000005 0.12126781251816648
47.5 0.0042 0.1543033499620919
48.5 0.0034000000000000002 0.17149858514250882
49.5 0.0018 0.23570226039551587
50.5 0.0016 0.25
51.5 0.0013 0.2773500981126146
52.5 0.0002 0.7071067811865475
53.5 0.00039999999999999996 0.5000000000000001
54.5 0.0006 0.4082482904638631
55.5 0.0005 0.4472135954999579
56.5 0.00030000000000000003 0.5773502691896257
57.5 0.0 inf
58.5 0.0003 0.5773502691896258
59.5 0.0 inf
60.5 0.0 inf
61.5 0.0 inf
62.5 0.0 inf
63.5 0.0 inf
64.5 0.0 inf
65.5 0.0 inf
66.5 0.0 inf
67.5 0.0 inf
68.5 0.0 inf
69.5 0.0 inf
70.5 0.0 inf
71.5 0.0 inf
72.5 0.0 inf
73.5 0.0 inf
74.5 0.0 inf
75.5 0.0 inf
76.5 0.0 inf
77.5 0.0 inf
78.5 0.0 inf
79.5 0.0 inf
80.5 0.0 inf
81.5 0.0 inf
82.5 0.0 inf
83.5 0.0 inf
84.5 0.0 inf
85.5 0.0 inf
86.5 0.0 inf
87.5 0.0 inf
88.5 0.0 inf
89.5 0.0 inf
90.5 0.0 inf
91.5 0.0 inf
92.5 0.0 inf
93.5 0.0 inf
94.5 0.0 inf
95.5 0.0 inf
96.5 0.0 inf
97.5 0.0 inf
