0.5 38.472 0.0016122323009746743
1.5 20.2938 0.002219822821701169
2.5 20.5541 0.002205721962144237
3.5 18.8401 0.0023038722736178656
4.5 16.627899999999997 0.002452343478662369
5.5 14.9605 0.0025853952452016497
6.5 13.095600000000001 0.0027633589344986612
7.5 11.6862 0.0029252523888661057
8.5 10.392 0.0031020616949128236
9.5 9.085 0.003317703219174801
10.5 8.1768 0.003497102103037397
11.5 7.1383 0.0037428515469163396
12.5 6.4344 0.003942266432856423
13.5 5.5465 0.004246102672131318
14.5 4.931699999999999 0.004502997179204121
15.5 4.2892 0.00482849572623514
16.5 3.7578 0.005158615621578505
17.5 3.2661 0.005533313302775433
18.5 2.8132 0.005962106035186265
19.5 2.3676 0.006498989485696354
20.5 2.0834 0.0069280923816841845
21.5 1.7488000000000001 0.007561882550236294
22.5 1.446 0.00831602628799857
23.5 1.2327 0.00900681623569942
24.5 1.0429 0.009792163725092829
25.5 0.8591 0.010788924165398667
26.5 0.7142999999999999 0.011832041246378365
27.5 0.5860000000000001 0.013063248606829104
28.5 0.5033 0.01409569632468742
29.5 0.4041 0.01573097260610029
30.5 0.32489999999999997 0.01754385964912281
31.5 0.254 0.019841894753313626
32.5 0.1956 0.022610781582306727
33.5 0.16349999999999998 0.024730968341474903
34.5 0.12569999999999998 0.02820540636632592
35.5 0.101 0.03146583877637763
36.5 0.0808 0.03517987723651459
37.5 0.0616 0.040291148201269014
38.5 0.0495 0.044946657497549475
39.5 0.039599999999999996 0.050251890762960605
40.5 0.0268 0.06108472217815261
41.5 0.0228 0.06622661785325219
42.5 0.0155 0.08032193289024989
43.5 0.012799999999999999 0.08838834764831845
44.5 0.0091 0.10482848367219183
45.5 0.006 0.12909944487358055
46.5 0.005 0.1414213562373095
47.5 0.0047 0.14586499149789456
48.5 0.0031999999999999997 0.1767766952966369
49.5 0.0027 0.19245008972987526
50.5 0.001 0.31622776601683794
51.5 0.0013 0.2773500981126146
52.5 0.0008 0.35355339059327373
53.5 0.00039999999999999996 0.5000000000000001
54.5 0.0002 0.7071067811865475
55.5 0.0002 0.7071067811865475
56.5 0.0002 0.7071067811865475
57.5 0.0 inf
58.5 0.0001 1.0
59.5 0.0001 1.0
60.5 0.0001 1.0
61.5 0.0 inf
62.5 0.0 inf
63.5 0.0001 1.0
64.5 0.0 inf
65.5 0.0 inf
66.5 0.0001 1.0
67.5 0.0 inf
68.5 0.0 inf
69.5 0.0 inf
70.5 0.0 inf
71.5 0.0 inf
72.5 0.0 inf
73.5 0.0 inf
74.5 0.0 inf
75.5 0.0 inf
76.5 0.0 inf
77.5 0.0 inf
78.5 0.0 inf
79.5 0.0 inf
80.5 0.0 inf
81.5 0.0 inf
82.5 0.0 inf
83.5 0.0 inf
84.5 0.0 inf
85.5 0.0 inf
86.5 0.0 inf
87.5 0.0 inf
88.5 0.0 inf
89.5 0.0 inf
90.5 0.0 inf
91.5 0.0 inf
92.5 0.0 inf
93.5 0.0 inf
94.5 0.0 inf
95.5 0.0 inf
96.5 0.0 inf
97.5 0.0 inf
