0.5 38.4739 0.0016121924911400634
1.5 20.324399999999997 0.002218151132381315
2.5 20.5833 0.0022041568598550544
3.5 18.8367 0.0023040801872198534
4.5 16.5816 0.002455764872044746
5.5 15.0068 0.0025814038455649864
6.5 13.125499999999999 0.0027602096624479836
7.5 11.633500000000002 0.0029318706296062947
8.5 10.411200000000001 0.0030992000137733404
9.5 9.1051 0.003314039191403034
10.5 8.1583 0.003501064923329343
11.5 7.1818 0.0037314991469598016
12.5 6.3724 0.003961398068797045
13.5 5.5906 0.004229322374312358
14.5 4.9191 0.00450876057883634
15.5 4.2765 0.0048356600470595935
16.5 3.7701000000000002 0.0051501937217424704
17.5 3.2689 0.005530942995273033
18.5 2.7778 0.005999976000143999
19.5 2.3958 0.006460627768351831
20.5 2.0354 0.007009307530742866
21.5 1.768 0.007520710469952336
22.5 1.4905 0.008190945000835323
23.5 1.2576 0.00891720468758027
24.5 1.0542 0.009739541087531403
25.5 0.8396 0.010913493271991717
26.5 0.7375 0.01164445019479164
27.5 0.5637000000000001 0.013319133826287714
28.5 0.4907 0.014275521124027076
29.5 0.39 0.016012815380508715
30.5 0.3136 0.017857142857142856
31.5 0.2657 0.019400111356958783
32.5 0.209 0.021873931962990357
33.5 0.1617 0.02486823656509969
34.5 0.1257 0.028205406366325913
35.5 0.1011 0.031450273186121945
36.5 0.0758 0.0363216356146074
37.5 0.0644 0.03940552031195503
38.5 0.0521 0.04381079543383235
39.5 0.0402 0.049875466805381644
40.5 0.030100000000000002 0.0576390417704235
41.5 0.0204 0.07001400420140048
42.5 0.019200000000000002 0.07216878364870322
43.5 0.0115 0.09325048082403138
44.5 0.0097 0.10153461651336192
45.5 0.0074 0.11624763874381928
46.5 0.0057 0.13245323570650439
47.5 0.0043 0.15249857033260467
48.5 0.0032 0.17677669529663687
49.5 0.0021999999999999997 0.21320071635561047
50.5 0.0021 0.2182178902359924
51.5 0.0011 0.30151134457776363
52.5 0.0009 0.3333333333333333
53.5 0.0009 0.3333333333333333
54.5 0.0005 0.4472135954999579
55.5 0.0 inf
56.5 0.0007999999999999999 0.3535533905932738
57.5 0.0002 0.7071067811865475
58.5 0.00030000000000000003 0.5773502691896257
59.5 0.0 inf
60.5 0.0 inf
61.5 0.0001 1.0
62.5 0.0 inf
63.5 0.0 inf
64.5 0.0001 1.0
65.5 0.0 inf
66.5 0.0 inf
67.5 0.0 inf
68.5 0.0 inf
69.5 0.0 inf
70.5 0.0 inf
71.5 0.0 inf
72.5 0.0 inf
73.5 0.0 inf
74.5 0.0 inf
75.5 0.0 inf
76.5 0.0 inf
77.5 0.0 inf
78.5 0.0 inf
79.5 0.0 inf
80.5 0.0 inf
81.5 0.0 inf
82.5 0.0 inf
83.5 0.0 inf
84.5 0.0 inf
85.5 0.0 inf
86.5 0.0 inf
87.5 0.0 inf
88.5 0.0 inf
89.5 0.0 inf
90.5 0.0 inf
91.5 0.0 inf
92.5 0.0 inf
93.5 0.0 inf
94.5 0.0 inf
95.5 0.0 inf
96.5 0.0 inf
97.5 0.0 inf
