0.5 38.4541 0.0016126074963449934
1.5 20.2369 0.0022229413640249282
2.5 20.5708 0.002204826444326266
3.5 18.9231 0.002298814129276152
4.5 16.629399999999997 0.0024522328734037963
5.5 14.922 0.0025887283639436866
6.5 13.1094 0.0027619040855201707
7.5 11.662600000000001 0.002928210608603797
8.5 10.4409 0.0030947889097519598
9.5 9.0484 0.003324406359738
10.5 8.17 0.003498557142706598
11.5 7.096 0.00375399073636357
12.5 6.383 0.003958107432172416
13.5 5.6103000000000005 0.004221890425945857
14.5 4.9557 0.004492080144707412
15.5 4.261900000000001 0.004843935731125827
16.5 3.7744999999999997 0.005147191011414654
17.5 3.2958 0.005508325239543881
18.5 2.7926 0.005984055780468384
19.5 2.4021999999999997 0.006452015747170163
20.5 2.039 0.007003117080805822
21.5 1.7724 0.007511369551181503
22.5 1.4624000000000001 0.00826926502069528
23.5 1.2473 0.00895394740078145
24.5 1.0477 0.009769706750532984
25.5 0.8451 0.01087792221941396
26.5 0.7148 0.011827902287547987
27.5 0.5645 0.013309692652798466
28.5 0.49040000000000006 0.014279886949438495
29.5 0.41080000000000005 0.015602161985357414
30.5 0.31379999999999997 0.01785145133736255
31.5 0.2512 0.019952172111690553
32.5 0.2018 0.02226073086740952
33.5 0.1618 0.02486055050818142
34.5 0.1242 0.02837521769195829
35.5 0.10200000000000001 0.03131121455425747
36.5 0.081 0.03513641844631533
37.5 0.0652 0.03916302249939787
38.5 0.0509 0.04432422071779363
39.5 0.0399 0.05006261743217589
40.5 0.030100000000000002 0.0576390417704235
41.5 0.022600000000000002 0.06651901052377392
42.5 0.016800000000000002 0.07715167498104596
43.5 0.0119 0.09166984970282112
44.5 0.0119 0.09166984970282112
45.5 0.0078 0.11322770341445956
46.5 0.0052 0.1386750490563073
47.5 0.0041 0.15617376188860607
48.5 0.0035 0.1690308509457033
49.5 0.0022 0.21320071635561041
50.5 0.0014 0.2672612419124244
51.5 0.0014 0.2672612419124244
52.5 0.0005 0.4472135954999579
53.5 0.0002 0.7071067811865475
54.5 0.0002 0.7071067811865475
55.5 0.0006000000000000001 0.40824829046386296
56.5 0.0001 1.0
57.5 0.0002 0.7071067811865475
58.5 0.0001 1.0
59.5 0.0001 1.0
60.5 0.0 inf
61.5 0.0 inf
62.5 0.0 inf
63.5 0.0 inf
64.5 0.0 inf
65.5 0.0 inf
66.5 0.0 inf
67.5 0.0 inf
68.5 0.0 inf
69.5 0.0 inf
70.5 0.0 inf
71.5 0.0 inf
72.5 0.0 inf
73.5 0.0 inf
74.5 0.0 inf
75.5 0.0 inf
76.5 0.0 inf
77.5 0.0 inf
78.5 0.0 inf
79.5 0.0 inf
80.5 0.0 inf
81.5 0.0 inf
82.5 0.0 inf
83.5 0.0 inf
84.5 0.0 inf
85.5 0.0 inf
86.5 0.0 inf
87.5 0.0 inf
88.5 0.0 inf
89.5 0.0 inf
90.5 0.0 inf
91.5 0.0 inf
92.5 0.0 inf
93.5 0.0 inf
94.5 0.0 inf
95.5 0.0 inf
96.5 0.0 inf
97.5 0.0 inf
