0.5 41.182 0.0015582828208993884
1.5 21.479400000000002 0.002157689395547714
2.5 21.5194 0.0021556831193502036
3.5 19.679299999999998 0.00225421417721624
4.5 17.2545 0.0024074030730950767
5.5 15.335 0.002553630811764105
6.5 13.4897 0.002722694125337534
7.5 11.9646 0.0028910187481352378
8.5 10.669 0.0030615273422362715
9.5 9.3014 0.0032788823906078545
10.5 8.3469 0.0034612852747085516
11.5 7.309699999999999 0.003698709504967124
12.5 6.485799999999999 0.003926614118624918
13.5 5.622 0.004217495028894258
14.5 5.0222 0.004462240752040446
15.5 4.3306000000000004 0.004805360389954873
16.5 3.8245 0.00511343414795401
17.5 3.2662 0.005533228596455301
18.5 2.8099 0.005965606013236533
19.5 2.4222 0.006425323527200525
20.5 2.0993 0.006901805990296322
21.5 1.7757999999999998 0.0075041753591384396
22.5 1.4949 0.008178881746865275
23.5 1.2711999999999999 0.008869375827221778
24.5 1.0590000000000002 0.009717443404863406
25.5 0.8614999999999999 0.010773885583343253
26.5 0.7256 0.011739547651073238
27.5 0.5778 0.01315561729939764
28.5 0.49119999999999997 0.01426825363838374
29.5 0.39990000000000003 0.015813365095036135
30.5 0.3159 0.017792017089454125
31.5 0.2629 0.01950314757443023
32.5 0.2037 0.02215666980146639
33.5 0.1642 0.0246781968201642
34.5 0.1286 0.027885569326658022
35.5 0.0998 0.03165444689164592
36.5 0.07680000000000001 0.03608439182435161
37.5 0.0637 0.03962144258751636
38.5 0.0506 0.044455422447438706
39.5 0.0388 0.05076730825668096
40.5 0.031 0.05679618342470648
41.5 0.025 0.06324555320336758
42.5 0.0152 0.08111071056538127
43.5 0.0142 0.08391813582966891
44.5 0.0105 0.09759000729485333
45.5 0.0074 0.11624763874381928
46.5 0.0065 0.12403473458920847
47.5 0.005 0.1414213562373095
48.5 0.0034999999999999996 0.16903085094570333
49.5 0.0026 0.19611613513818404
50.5 0.0013 0.2773500981126146
51.5 0.0010999999999999998 0.3015113445777637
52.5 0.0005 0.4472135954999579
53.5 0.0003 0.5773502691896258
54.5 0.00039999999999999996 0.5000000000000001
55.5 0.00030000000000000003 0.5773502691896257
56.5 0.00039999999999999996 0.5000000000000001
57.5 0.0001 1.0
58.5 0.0001 1.0
59.5 0.0 inf
60.5 0.0001 1.0
61.5 0.0 inf
62.5 0.0001 1.0
63.5 0.0001 1.0
64.5 0.0 inf
65.5 0.0001 1.0
66.5 0.0 inf
67.5 0.0 inf
68.5 0.0 inf
69.5 0.0 inf
70.5 0.0 inf
71.5 0.0 inf
72.5 0.0 inf
73.5 0.0 inf
74.5 0.0 inf
75.5 0.0 inf
76.5 0.0 inf
77.5 0.0 inf
78.5 0.0 inf
79.5 0.0 inf
80.5 0.0 inf
81.5 0.0 inf
82.5 0.0 inf
83.5 0.0 inf
84.5 0.0 inf
85.5 0.0 inf
86.5 0.0 inf
87.5 0.0 inf
88.5 0.0 inf
89.5 0.0 inf
90.5 0.0 inf
91.5 0.0 inf
92.5 0.0 inf
93.5 0.0 inf
94.5 0.0 inf
95.5 0.0 inf
96.5 0.0 inf
97.5 0.0 inf
