0.5 38.5002 0.0016116417419737503
1.5 20.2652 0.002221388672246255
2.5 20.5351 0.00220674214290314
3.5 18.901000000000003 0.0023001576812137557
4.5 16.630000000000003 0.0024521886354905206
5.5 14.9448 0.002586752909756562
6.5 13.1045 0.0027624203991974865
7.5 11.633 0.0029319336365504728
8.5 10.421399999999998 0.003097682963329455
9.5 9.0884 0.0033170825793409687
10.5 8.1256 0.003508102549679055
11.5 7.1690000000000005 0.0037348288922670184
12.5 6.3721 0.003961491319486237
13.5 5.6098 0.0042220785697458215
14.5 4.8876 0.0045232664567300546
15.5 4.2796 0.0048339083340732305
16.5 3.7573999999999996 0.005158890198591159
17.5 3.2973 0.005507072179803938
18.5 2.8083 0.0059673051925391895
19.5 2.3967 0.006459414618821213
20.5 2.045 0.006992836012750656
21.5 1.7511999999999999 0.007556699035940278
22.5 1.4745 0.008235265621967563
23.5 1.2512 0.008939981748151894
24.5 1.0417 0.009797802207551491
25.5 0.8502000000000001 0.01084524705455941
26.5 0.7111000000000001 0.011858633871570443
27.5 0.5867 0.013055453308385664
28.5 0.4995 0.014149211999266963
29.5 0.3977 0.01585704302280871
30.5 0.3188 0.017710908674395363
31.5 0.2591 0.01964564506773356
32.5 0.2056 0.022054054569561544
33.5 0.16110000000000002 0.024914503091731193
34.5 0.12669999999999998 0.02809387802771537
35.5 0.10020000000000001 0.03159120118032817
36.5 0.0786 0.03566881875032108
37.5 0.0636 0.03965257928590721
38.5 0.0508 0.04436782547080569
39.5 0.036500000000000005 0.05234239225902136
40.5 0.030600000000000002 0.05716619504750295
41.5 0.0218 0.06772854614785964
42.5 0.017 0.07669649888473704
43.5 0.012199999999999999 0.09053574604251854
44.5 0.0083 0.10976425998969035
45.5 0.0085 0.10846522890932808
46.5 0.0057 0.13245323570650439
47.5 0.0044 0.15075567228888181
48.5 0.0031999999999999997 0.1767766952966369
49.5 0.003 0.18257418583505536
50.5 0.0015 0.2581988897471611
51.5 0.0011 0.30151134457776363
52.5 0.0012000000000000001 0.28867513459481287
53.5 0.0007999999999999999 0.3535533905932738
54.5 0.0005 0.4472135954999579
55.5 0.0002 0.7071067811865475
56.5 0.0001 1.0
57.5 0.0001 1.0
58.5 0.0002 0.7071067811865475
59.5 0.0002 0.7071067811865475
60.5 0.0001 1.0
61.5 0.0001 1.0
62.5 0.0001 1.0
63.5 0.0 inf
64.5 0.0 inf
65.5 0.0 inf
66.5 0.0 inf
67.5 0.0 inf
68.5 0.0 inf
69.5 0.0 inf
70.5 0.0 inf
71.5 0.0 inf
72.5 0.0 inf
73.5 0.0 inf
74.5 0.0 inf
75.5 0.0 inf
76.5 0.0 inf
77.5 0.0 inf
78.5 0.0 inf
79.5 0.0 inf
80.5 0.0 inf
81.5 0.0 inf
82.5 0.0 inf
83.5 0.0 inf
84.5 0.0 inf
85.5 0.0 inf
86.5 0.0 inf
87.5 0.0 inf
88.5 0.0 inf
89.5 0.0 inf
90.5 0.0 inf
91.5 0.0 inf
92.5 0.0 inf
93.5 0.0 inf
94.5 0.0 inf
95.5 0.0 inf
96.5 0.0 inf
97.5 0.0 inf
