0.5 55.0993 0.0013471841334941348
1.5 23.387099999999997 0.0020678156298837478
2.5 22.655299999999997 0.0021009469736573087
3.5 20.301299999999998 0.0022194127442899912
4.5 17.618 0.002382438492039312
5.5 15.6842 0.0025250432085934483
6.5 13.6606 0.002705609483983919
7.5 11.994 0.0028874733045303677
8.5 10.6675 0.0030617425814952162
9.5 9.3314 0.0032736074232971777
10.5 8.3964 0.003451067390403245
11.5 7.2738 0.003707825801477777
12.5 6.5312 0.003912942882156612
13.5 5.7271 0.004178617481560345
14.5 4.9946 0.004474552866289712
15.5 4.328200000000001 0.004806692498756091
16.5 3.8283 0.005110895700861417
17.5 3.3227 0.005485982706860212
18.5 2.8381 0.005935894221597926
19.5 2.4159 0.006433695807243163
20.5 2.1032 0.006895403952180791
21.5 1.7610000000000001 0.007535643110747818
22.5 1.5036 0.008155185451433537
23.5 1.2628 0.008898825966347891
24.5 1.0524 0.00974786666912365
25.5 0.8646 0.010754553500909857
26.5 0.7159 0.011818811846019014
27.5 0.5886 0.013034364783429585
28.5 0.4909 0.014272612797395282
29.5 0.398 0.015851065623706032
30.5 0.31989999999999996 0.017680432313071925
31.5 0.2711 0.01920592555801522
32.5 0.20829999999999999 0.02191065522274417
33.5 0.1647 0.024640709031819093
34.5 0.1279 0.0279617744210284
35.5 0.1063 0.030671383606587218
36.5 0.0763 0.03620243071279982
37.5 0.0659 0.03895446935658099
38.5 0.0531 0.04339630366027462
39.5 0.0372 0.05184758473652126
40.5 0.027200000000000002 0.06063390625908324
41.5 0.0245 0.06388765649999399
42.5 0.0157 0.07980868844676221
43.5 0.011300000000000001 0.09407208683835973
44.5 0.010499999999999999 0.09759000729485333
45.5 0.0077 0.11396057645963795
46.5 0.0046 0.14744195615489714
47.5 0.004399999999999999 0.15075567228888184
48.5 0.0031999999999999997 0.1767766952966369
49.5 0.0013 0.2773500981126146
50.5 0.0015 0.2581988897471611
51.5 0.001 0.31622776601683794
52.5 0.0007999999999999999 0.3535533905932738
53.5 0.0009 0.3333333333333333
54.5 0.00039999999999999996 0.5000000000000001
55.5 0.00039999999999999996 0.5000000000000001
56.5 0.0 inf
57.5 0.0001 1.0
58.5 0.0003 0.5773502691896258
59.5 0.0 inf
60.5 0.0 inf
61.5 0.0001 1.0
62.5 0.0 inf
63.5 0.0 inf
64.5 0.0001 1.0
65.5 0.0 inf
66.5 0.0 inf
67.5 0.0 inf
68.5 0.0 inf
69.5 0.0 inf
70.5 0.0 inf
71.5 0.0 inf
72.5 0.0 inf
73.5 0.0 inf
74.5 0.0 inf
75.5 0.0 inf
76.5 0.0 inf
77.5 0.0 inf
78.5 0.0 inf
79.5 0.0 inf
80.5 0.0 inf
81.5 0.0 inf
82.5 0.0 inf
83.5 0.0 inf
84.5 0.0 inf
85.5 0.0 inf
86.5 0.0 inf
87.5 0.0 inf
88.5 0.0 inf
89.5 0.0 inf
90.5 0.0 inf
91.5 0.0 inf
92.5 0.0 inf
93.5 0.0 inf
94.5 0.0 inf
95.5 0.0 inf
96.5 0.0 inf
97.5 0.0 inf
