0.5 38.5206 0.0016112149333887286
1.5 20.2791 0.0022206272332412585
2.5 20.5789 0.002204392484009842
3.5 18.8945 0.002300553292087373
4.5 16.6598 0.002449994493643563
5.5 14.9704 0.0025845402364536962
6.5 13.0825 0.002764742116018624
7.5 11.698599999999999 0.0029237016585779165
8.5 10.4144 0.0030987238364618146
9.5 9.0979 0.003315350283148452
10.5 8.2082 0.0034904067115749285
11.5 7.1286000000000005 0.0037453971602189264
12.5 6.4398 0.00394061322131688
13.5 5.5979 0.0042265638286694595
14.5 4.9335 0.0045021756392856094
15.5 4.279 0.004834247226727614
16.5 3.7442 0.005167975909515774
17.5 3.2656 0.005533736892737147
18.5 2.8097000000000003 0.005965818331272484
19.5 2.3973 0.006458606232031386
20.5 2.0598 0.006967668387455683
21.5 1.7532 0.007552387573824063
22.5 1.4676 0.008254602191827642
23.5 1.2481 0.008951077315796816
24.5 1.0504 0.009757142403137058
25.5 0.8628 0.010765765896831822
26.5 0.7202999999999999 0.011782658554890323
27.5 0.5799 0.013131775384373805
28.5 0.4992 0.014153462926807445
29.5 0.39670000000000005 0.015877016633223832
30.5 0.3135 0.017859990659227328
31.5 0.25429999999999997 0.0198301874685379
32.5 0.2067 0.021995293510729184
33.5 0.1603 0.02497659540757031
34.5 0.1311 0.027618408833305373
35.5 0.0991 0.031766046899489794
36.5 0.0805 0.035245368842512066
37.5 0.0659 0.03895446935658099
38.5 0.0501 0.04467670516087703
39.5 0.0368 0.05212860351426869
40.5 0.0286 0.05913123959890826
41.5 0.0186 0.07332355751067665
42.5 0.0169 0.07692307692307693
43.5 0.0129 0.08804509063256238
44.5 0.0088 0.10660035817780521
45.5 0.0075 0.11547005383792514
46.5 0.0057 0.13245323570650439
47.5 0.0031999999999999997 0.1767766952966369
48.5 0.0034000000000000002 0.17149858514250882
49.5 0.0023 0.20851441405707477
50.5 0.002 0.22360679774997896
51.5 0.0013 0.2773500981126146
52.5 0.0007 0.3779644730092272
53.5 0.001 0.31622776601683794
54.5 0.0002 0.7071067811865475
55.5 0.0005 0.4472135954999579
56.5 0.0008 0.35355339059327373
57.5 0.00030000000000000003 0.5773502691896257
58.5 0.0 inf
59.5 0.0001 1.0
60.5 0.0002 0.7071067811865475
61.5 0.0 inf
62.5 0.0 inf
63.5 0.0 inf
64.5 0.0 inf
65.5 0.0 inf
66.5 0.0 inf
67.5 0.0 inf
68.5 0.0 inf
69.5 0.0 inf
70.5 0.0 inf
71.5 0.0 inf
72.5 0.0 inf
73.5 0.0 inf
74.5 0.0 inf
75.5 0.0 inf
76.5 0.0 inf
77.5 0.0 inf
78.5 0.0 inf
79.5 0.0 inf
80.5 0.0 inf
81.5 0.0 inf
82.5 0.0 inf
83.5 0.0 inf
84.5 0.0 inf
85.5 0.0 inf
86.5 0.0 inf
87.5 0.0 inf
88.5 0.0 inf
89.5 0.0 inf
90.5 0.0 inf
91.5 0.0 inf
92.5 0.0 inf
93.5 0.0 inf
94.5 0.0 inf
95.5 0.0 inf
96.5 0.0 inf
97.5 0.0 inf
