0.5 38.5465 0.0016106735420954841
1.5 20.3888 0.0022146452391465024
2.5 20.572200000000002 0.002204751420518904
3.5 18.951999999999998 0.0022970607239704024
4.5 16.7103 0.0024462896427372787
5.5 14.9627 0.002585205169926802
6.5 13.1436 0.0027583084707424074
7.5 11.682500000000001 0.0029257155849711277
8.5 10.4291 0.0030965392134820265
9.5 9.1372 0.003308212775526469
10.5 8.1542 0.003501944995087779
11.5 7.1725 0.0037339175296875787
12.5 6.4068000000000005 0.003950748797119153
13.5 5.5821000000000005 0.004232541195669431
14.5 4.983700000000001 0.004479443408191002
15.5 4.3028 0.004820858895168439
16.5 3.7619 0.005155803732640434
17.5 3.2558 0.005542058944787842
18.5 2.8055000000000003 0.005970282253258047
19.5 2.4071 0.006445445396391005
20.5 2.0682 0.006953504388863872
21.5 1.7414 0.007577932455248813
22.5 1.4956 0.008176967502653355
23.5 1.2645 0.008892842141870137
24.5 1.0613000000000001 0.009706908098161668
25.5 0.8480000000000001 0.010859306069076735
26.5 0.7117 0.011853634095982498
27.5 0.5766 0.013169299692382678
28.5 0.4897 0.014290089472673803
29.5 0.4019 0.0157739695054446
30.5 0.3161 0.017786387594901105
31.5 0.25339999999999996 0.019865371663225287
32.5 0.2057 0.022048693185121176
33.5 0.1573 0.02521364528296496
34.5 0.12369999999999999 0.028432506701809173
35.5 0.1018 0.031341957040361135
36.5 0.0801 0.03533326266687867
37.5 0.0605 0.040655781409087086
38.5 0.0524 0.0436852028330519
39.5 0.0388 0.05076730825668096
40.5 0.0314 0.05643326479831003
41.5 0.0205 0.06984302957695782
42.5 0.0173 0.07602859212697055
43.5 0.011200000000000002 0.0944911182523068
44.5 0.011 0.09534625892455924
45.5 0.0075 0.11547005383792514
46.5 0.004699999999999999 0.14586499149789456
47.5 0.0035 0.1690308509457033
48.5 0.0037 0.1643989873053573
49.5 0.0015999999999999999 0.25000000000000006
50.5 0.001 0.31622776601683794
51.5 0.0023 0.20851441405707477
52.5 0.0008 0.35355339059327373
53.5 0.0007999999999999999 0.3535533905932738
54.5 0.0009 0.3333333333333333
55.5 0.0003 0.5773502691896258
56.5 0.00030000000000000003 0.5773502691896257
57.5 0.00030000000000000003 0.5773502691896257
58.5 0.0001 1.0
59.5 0.0 inf
60.5 0.0001 1.0
61.5 0.0 inf
62.5 0.0 inf
63.5 0.0 inf
64.5 0.0 inf
65.5 0.0 inf
66.5 0.0 inf
67.5 0.0 inf
68.5 0.0 inf
69.5 0.0 inf
70.5 0.0 inf
71.5 0.0 inf
72.5 0.0 inf
73.5 0.0 inf
74.5 0.0 inf
75.5 0.0 inf
76.5 0.0 inf
77.5 0.0 inf
78.5 0.0 inf
79.5 0.0 inf
80.5 0.0 inf
81.5 0.0 inf
82.5 0.0 inf
83.5 0.0 inf
84.5 0.0 inf
85.5 0.0 inf
86.5 0.0 inf
87.5 0.0 inf
88.5 0.0 inf
89.5 0.0 inf
90.5 0.0 inf
91.5 0.0 inf
92.5 0.0 inf
93.5 0.0 inf
94.5 0.0 inf
95.5 0.0 inf
96.5 0.0 inf
97.5 0.0 inf
