0.5 48.8011 0.0014314797023953333
1.5 22.9144 0.002089035186308709
2.5 22.408099999999997 0.0021125037231260538
3.5 20.1327 0.0022286865336517965
4.5 17.513800000000003 0.0023895152526059024
5.5 15.57 0.0025342864042323518
6.5 13.6038 0.002711251971339316
7.5 12.003 0.0028863905696740275
8.5 10.7152 0.0030549201228258567
9.5 9.3714 0.0032666135737388466
10.5 8.359 0.0034587791903009997
11.5 7.329000000000001 0.003693836251362005
12.5 6.5046 0.003920935540180976
13.5 5.6548 0.004205245699288486
14.5 5.036 0.004456122685519722
15.5 4.3475 0.004796011377111683
16.5 3.8396 0.00510336943821211
17.5 3.3124000000000002 0.005494505494505495
18.5 2.8335 0.005940710533649081
19.5 2.4139 0.006436360525634111
20.5 2.1021 0.006897207851218108
21.5 1.7943 0.007465389497541117
22.5 1.4877 0.008198649465721363
23.5 1.2682 0.008879860139752274
24.5 1.0451 0.009781851740902977
25.5 0.8553999999999999 0.010812232527259167
26.5 0.7263 0.011733889063479382
27.5 0.5908 0.013010073697072197
28.5 0.4953 0.014209075961972871
29.5 0.3964 0.015883023449744897
30.5 0.32320000000000004 0.017589938618257295
31.5 0.2606 0.019589023819033338
32.5 0.2016 0.0222717701593687
33.5 0.16799999999999998 0.024397501823713332
34.5 0.1294 0.02779923608748833
35.5 0.1035 0.03108349360801046
36.5 0.0829 0.034731435582359395
37.5 0.0665 0.038778336716474064
38.5 0.0467 0.046274481338274755
39.5 0.0377 0.051502620262460476
40.5 0.027899999999999998 0.05986843400892496
41.5 0.0219 0.06757373783994859
42.5 0.0173 0.07602859212697055
43.5 0.013000000000000001 0.08770580193070293
44.5 0.01 0.1
45.5 0.0067 0.12216944435630522
46.5 0.0053 0.13736056394868904
47.5 0.0040999999999999995 0.15617376188860607
48.5 0.0038 0.16222142113076254
49.5 0.0014 0.2672612419124244
50.5 0.0012000000000000001 0.28867513459481287
51.5 0.0017000000000000001 0.24253562503633297
52.5 0.001 0.31622776601683794
53.5 0.0007 0.3779644730092272
54.5 0.0004 0.5
55.5 0.00030000000000000003 0.5773502691896257
56.5 0.00030000000000000003 0.5773502691896257
57.5 0.0002 0.7071067811865475
58.5 0.0001 1.0
59.5 0.0001 1.0
60.5 0.0 inf
61.5 0.0 inf
62.5 0.0 inf
63.5 0.0001 1.0
64.5 0.0 inf
65.5 0.0 inf
66.5 0.0 inf
67.5 0.0 inf
68.5 0.0 inf
69.5 0.0 inf
70.5 0.0 inf
71.5 0.0 inf
72.5 0.0 inf
73.5 0.0 inf
74.5 0.0 inf
75.5 0.0 inf
76.5 0.0 inf
77.5 0.0 inf
78.5 0.0 inf
79.5 0.0 inf
80.5 0.0 inf
81.5 0.0 inf
82.5 0.0 inf
83.5 0.0 inf
84.5 0.0 inf
85.5 0.0 inf
86.5 0.0 inf
87.5 0.0 inf
88.5 0.0 inf
89.5 0.0 inf
90.5 0.0 inf
91.5 0.0 inf
92.5 0.0 inf
93.5 0.0 inf
94.5 0.0 inf
95.5 0.0 inf
96.5 0.0 inf
97.5 0.0 inf
