0.5 49.596199999999996 0.0014199589802494838
1.5 22.892 0.002090057004992142
2.5 22.4947 0.002108433448010419
3.5 20.1288 0.0022289024296938947
4.5 17.534 0.002388138438475279
5.5 15.656600000000001 0.0025272678456820627
6.5 13.5789 0.0027137366812059823
7.5 12.0211 0.002884216752395725
8.5 10.738 0.003051675142790916
9.5 9.311399999999999 0.003277121235891852
10.5 8.32 0.003466876226407682
11.5 7.2918 0.003703246540990896
12.5 6.4854 0.003926735207642559
13.5 5.730700000000001 0.004177304781003186
14.5 5.0375 0.0044554591935411295
15.5 4.3687000000000005 0.004784360417838319
16.5 3.8367 0.0051052977849418806
17.5 3.3391 0.005472493913375943
18.5 2.8246 0.005950062431357594
19.5 2.4396 0.006402368802482189
20.5 2.1019 0.006897535984991752
21.5 1.752 0.007554973565193743
22.5 1.5063 0.00814787320397934
23.5 1.2368999999999999 0.008991511524156837
24.5 1.0516999999999999 0.009751110166144314
25.5 0.8616999999999999 0.010772635204927467
26.5 0.7192000000000001 0.011791665765914453
27.5 0.591 0.013007872144692095
28.5 0.5022 0.014111125222243389
29.5 0.40449999999999997 0.015723192698301948
30.5 0.3153 0.01780893769916455
31.5 0.256 0.01976423537605237
32.5 0.2077 0.02194227995205747
33.5 0.1635 0.024730968341474896
34.5 0.1302 0.027713699773684663
35.5 0.1015 0.03138824102871722
36.5 0.07869999999999999 0.035646150289975954
37.5 0.06470000000000001 0.03931405669853757
38.5 0.0495 0.044946657497549475
39.5 0.0379 0.051366549693751415
40.5 0.0269 0.06097107608496923
41.5 0.0208 0.06933752452815364
42.5 0.0182 0.07412493166611012
43.5 0.011 0.09534625892455924
44.5 0.008799999999999999 0.10660035817780524
45.5 0.0086 0.10783277320343841
46.5 0.0048000000000000004 0.14433756729740643
47.5 0.0045000000000000005 0.14907119849998599
48.5 0.003 0.18257418583505536
49.5 0.0015 0.2581988897471611
50.5 0.0016 0.25
51.5 0.0013000000000000002 0.2773500981126145
52.5 0.0013 0.2773500981126146
53.5 0.00030000000000000003 0.5773502691896257
54.5 0.0005 0.4472135954999579
55.5 0.0005 0.4472135954999579
56.5 0.0004 0.5
57.5 0.0001 1.0
58.5 0.0002 0.7071067811865475
59.5 0.0001 1.0
60.5 0.0001 1.0
61.5 0.0 inf
62.5 0.0001 1.0
63.5 0.0 inf
64.5 0.0 inf
65.5 0.0 inf
66.5 0.0 inf
67.5 0.0 inf
68.5 0.0 inf
69.5 0.0001 1.0
70.5 0.0 inf
71.5 0.0 inf
72.5 0.0 inf
73.5 0.0 inf
74.5 0.0 inf
75.5 0.0 inf
76.5 0.0 inf
77.5 0.0 inf
78.5 0.0 inf
79.5 0.0 inf
80.5 0.0 inf
81.5 0.0 inf
82.5 0.0 inf
83.5 0.0 inf
84.5 0.0 inf
85.5 0.0 inf
86.5 0.0 inf
87.5 0.0 inf
88.5 0.0 inf
89.5 0.0 inf
90.5 0.0 inf
91.5 0.0 inf
92.5 0.0 inf
93.5 0.0 inf
94.5 0.0 inf
95.5 0.0 inf
96.5 0.0 inf
97.5 0.0 inf
