0.5 39.1798 0.001597603092869537
1.5 20.675199999999997 0.002199252732905306
2.5 20.939799999999998 0.002185313432973033
3.5 19.2299 0.0022804023878746243
4.5 16.8832 0.002433731243062217
5.5 15.1204 0.002571688482549756
6.5 13.2969 0.0027423621027517276
7.5 11.8352 0.002906780240535963
8.5 10.5506 0.003078657815508068
9.5 9.2149 0.0032942358313141082
10.5 8.2143 0.0034891104699468025
11.5 7.2509 0.00371367626665003
12.5 6.4721 0.00393076780720355
13.5 5.6719 0.00419890179488396
14.5 4.9889 0.004477108306408035
15.5 4.295999999999999 0.004824672777665406
16.5 3.7988 0.005130701935223867
17.5 3.2904 0.005512843347130187
18.5 2.798 0.005978278527550084
19.5 2.3872999999999998 0.006472119106105885
20.5 2.0838 0.006927427401850461
21.5 1.7751 0.007505654826489253
22.5 1.4817 0.008215232511519701
23.5 1.2519 0.008937482002861978
24.5 1.0641 0.00969412863866392
25.5 0.8680000000000001 0.010733469768527295
26.5 0.7148 0.011827902287547987
27.5 0.5874999999999999 0.013046561461068844
28.5 0.4959 0.014200477428076834
29.5 0.4012 0.015787724448766815
30.5 0.31479999999999997 0.017823075144987977
31.5 0.2584 0.019672236884115842
32.5 0.21339999999999998 0.021647252975540952
33.5 0.1624 0.024814583349273254
34.5 0.1303 0.027703063158526546
35.5 0.1056 0.03077287274483318
36.5 0.0774 0.03594425773447947
37.5 0.0611 0.04045566970313674
38.5 0.0553 0.04252432555625623
39.5 0.0392 0.050507627227610534
40.5 0.0293 0.0584206237836986
41.5 0.023600000000000003 0.06509445549041193
42.5 0.0186 0.07332355751067665
43.5 0.0121 0.09090909090909091
44.5 0.0088 0.10660035817780521
45.5 0.0063 0.1259881576697424
46.5 0.006699999999999999 0.12216944435630522
47.5 0.004 0.15811388300841897
48.5 0.003 0.18257418583505536
49.5 0.0022 0.21320071635561041
50.5 0.0011 0.30151134457776363
51.5 0.0011 0.30151134457776363
52.5 0.0005 0.4472135954999579
53.5 0.0006 0.4082482904638631
54.5 0.00030000000000000003 0.5773502691896257
55.5 0.0001 1.0
56.5 0.0002 0.7071067811865475
57.5 0.0002 0.7071067811865475
58.5 0.0001 1.0
59.5 0.0001 1.0
60.5 0.0 inf
61.5 0.0002 0.7071067811865475
62.5 0.0001 1.0
63.5 0.0 inf
64.5 0.0 inf
65.5 0.0 inf
66.5 0.0 inf
67.5 0.0 inf
68.5 0.0 inf
69.5 0.0 inf
70.5 0.0 inf
71.5 0.0 inf
72.5 0.0 inf
73.5 0.0 inf
74.5 0.0 inf
75.5 0.0 inf
76.5 0.0 inf
77.5 0.0 inf
78.5 0.0 inf
79.5 0.0 inf
80.5 0.0 inf
81.5 0.0 inf
82.5 0.0 inf
83.5 0.0 inf
84.5 0.0 inf
85.5 0.0 inf
86.5 0.0 inf
87.5 0.0 inf
88.5 0.0 inf
89.5 0.0 inf
90.5 0.0 inf
91.5 0.0 inf
92.5 0.0 inf
93.5 0.0 inf
94.5 0.0 inf
95.5 0.0 inf
96.5 0.0 inf
97.5 0.0 inf
