0.5 38.744099999999996 0.0016065609683926557
1.5 20.4783 0.0022098004084602964
2.5 20.7074 0.0021975421490291404
3.5 19.0712 0.0022898708558414154
4.5 16.746000000000002 0.002443680687316686
5.5 15.0469 0.0025779618291803296
6.5 13.2168 0.002750659549700041
7.5 11.729800000000001 0.0029198107042968835
8.5 10.5053 0.0030852884294453437
9.5 9.2012 0.003296687372639002
10.5 8.195599999999999 0.0034930887747586614
11.5 7.1856 0.0037305123419653767
12.5 6.441599999999999 0.003940062612820493
13.5 5.6164000000000005 0.004219597094972458
14.5 4.9539 0.0044928961694459925
15.5 4.3262 0.004807803436090073
16.5 3.8114999999999997 0.0051221469983546465
17.5 3.3002000000000002 0.00550465202052213
18.5 2.8151 0.005960093688641072
19.5 2.3939 0.006463191108104975
20.5 2.0427999999999997 0.006996600478050861
21.5 1.775 0.007505866250408016
22.5 1.5085 0.008141929597283415
23.5 1.2403 0.008979178976022672
24.5 1.0499 0.009759465477002299
25.5 0.8552 0.010813496746208505
26.5 0.7066 0.01189633494688226
27.5 0.5869 0.013053228642218303
28.5 0.49670000000000003 0.014189036961020857
29.5 0.4036 0.015740713750513967
30.5 0.31210000000000004 0.01790000349050102
31.5 0.2603 0.019600308903302496
32.5 0.20229999999999998 0.022233204294660427
33.5 0.162 0.024845199749997663
34.5 0.12279999999999999 0.02853650727676748
35.5 0.1061 0.03070027799227584
36.5 0.079 0.035578403348241
37.5 0.0635 0.03968378950662725
38.5 0.047 0.04612656040144425
39.5 0.0372 0.05184758473652126
40.5 0.0276 0.0601929265428846
41.5 0.0216 0.06804138174397717
42.5 0.016300000000000002 0.07832604499879572
43.5 0.0139 0.08481889296799709
44.5 0.0103 0.09853292781642932
45.5 0.0085 0.10846522890932808
46.5 0.0049 0.14285714285714285
47.5 0.0046 0.14744195615489714
48.5 0.0036 0.16666666666666666
49.5 0.0024000000000000002 0.20412414523193148
50.5 0.0021 0.2182178902359924
51.5 0.0013 0.2773500981126146
52.5 0.0011 0.30151134457776363
53.5 0.0005 0.4472135954999579
54.5 0.0006 0.4082482904638631
55.5 0.0006000000000000001 0.40824829046386296
56.5 0.0004 0.5
57.5 0.0002 0.7071067811865475
58.5 0.0001 1.0
59.5 0.0001 1.0
60.5 0.0 inf
61.5 0.0 inf
62.5 0.0 inf
63.5 0.0 inf
64.5 0.0 inf
65.5 0.0 inf
66.5 0.0 inf
67.5 0.0 inf
68.5 0.0 inf
69.5 0.0 inf
70.5 0.0 inf
71.5 0.0 inf
72.5 0.0 inf
73.5 0.0 inf
74.5 0.0 inf
75.5 0.0 inf
76.5 0.0 inf
77.5 0.0 inf
78.5 0.0 inf
79.5 0.0 inf
80.5 0.0 inf
81.5 0.0 inf
82.5 0.0 inf
83.5 0.0 inf
84.5 0.0 inf
85.5 0.0 inf
86.5 0.0 inf
87.5 0.0 inf
88.5 0.0 inf
89.5 0.0 inf
90.5 0.0 inf
91.5 0.0 inf
92.5 0.0 inf
93.5 0.0 inf
94.5 0.0 inf
95.5 0.0 inf
96.5 0.0 inf
97.5 0.0 inf
