0.5 38.7828 0.0016057592028224444
1.5 20.4327 0.0022122648585936014
2.5 20.8264 0.002191254885175391
3.5 19.0498 0.0022911566825123356
4.5 16.8129 0.0024388140316571978
5.5 15.0439 0.002578218860268017
6.5 13.2394 0.0027483108232559386
7.5 11.780100000000001 0.0029135703671690862
8.5 10.4427 0.0030945221750899904
9.5 9.1512 0.0033056812656584132
10.5 8.2761 0.0034760589677805156
11.5 7.197800000000001 0.003727349462174252
12.5 6.4833 0.003927371108826668
13.5 5.6287 0.004214984179982254
14.5 4.9477 0.004495710329064304
15.5 4.305400000000001 0.004819403034385204
16.5 3.7896 0.005136926054420023
17.5 3.2824 0.005519557322760548
18.5 2.822 0.005952802792922383
19.5 2.4142 0.006435960606789901
20.5 2.0758 0.006940763495438018
21.5 1.7894999999999999 0.007475395050026026
22.5 1.4859 0.008203613831580879
23.5 1.2599 0.008909061604952997
24.5 1.0549 0.009736309117610812
25.5 0.8527 0.010829336992513977
26.5 0.7283999999999999 0.0117169622698253
27.5 0.5894999999999999 0.01302441108607606
28.5 0.4897 0.014290089472673803
29.5 0.3973 0.015865023417386784
30.5 0.3187 0.017713687074079002
31.5 0.2669 0.019356450135765438
32.5 0.2032 0.022183912735402846
33.5 0.1663 0.024521886354905213
34.5 0.1242 0.02837521769195829
35.5 0.1002 0.031591201180328175
36.5 0.0819 0.03494282789073061
37.5 0.060399999999999995 0.04068942293855797
38.5 0.055400000000000005 0.042485928866208736
39.5 0.0382 0.05116445100966508
40.5 0.028900000000000002 0.058823529411764705
41.5 0.0266 0.06131393394849658
42.5 0.016399999999999998 0.07808688094430304
43.5 0.011800000000000001 0.09205746178983235
44.5 0.0116 0.09284766908852593
45.5 0.0073 0.11704114719613057
46.5 0.0052 0.1386750490563073
47.5 0.004399999999999999 0.15075567228888184
48.5 0.0033 0.17407765595569785
49.5 0.0021999999999999997 0.21320071635561047
50.5 0.0010999999999999998 0.3015113445777637
51.5 0.0014 0.2672612419124244
52.5 0.0011 0.30151134457776363
53.5 0.0006000000000000001 0.40824829046386296
54.5 0.0005 0.4472135954999579
55.5 0.0001 1.0
56.5 0.00030000000000000003 0.5773502691896257
57.5 0.0006000000000000001 0.40824829046386296
58.5 0.0001 1.0
59.5 0.0001 1.0
60.5 0.0001 1.0
61.5 0.0001 1.0
62.5 0.0 inf
63.5 0.0 inf
64.5 0.0 inf
65.5 0.0 inf
66.5 0.0 inf
67.5 0.0 inf
68.5 0.0 inf
69.5 0.0 inf
70.5 0.0 inf
71.5 0.0 inf
72.5 0.0 inf
73.5 0.0 inf
74.5 0.0 inf
75.5 0.0 inf
76.5 0.0 inf
77.5 0.0 inf
78.5 0.0 inf
79.5 0.0 inf
80.5 0.0 inf
81.5 0.0 inf
82.5 0.0 inf
83.5 0.0 inf
84.5 0.0 inf
85.5 0.0 inf
86.5 0.0 inf
87.5 0.0 inf
88.5 0.0 inf
89.5 0.0 inf
90.5 0.0 inf
91.5 0.0 inf
92.5 0.0 inf
93.5 0.0 inf
94.5 0.0 inf
95.5 0.0 inf
96.5 0.0 inf
97.5 0.0 inf
