0.5 38.5738 0.001610103476786026
1.5 20.3874 0.002214721277535626
2.5 20.590600000000002 0.002203766104572057
3.5 18.9469 0.002297369856901286
4.5 16.7165 0.0024458359472157424
5.5 15.0645 0.0025764554602960717
6.5 13.1181 0.002760988078215886
7.5 11.6729 0.0029269184179091384
8.5 10.4327 0.0030960049077413333
9.5 9.072600000000001 0.0033199696848312202
10.5 8.200199999999999 0.0034921088924137534
11.5 7.1852 0.003730616179309473
12.5 6.4359 0.0039418069987256135
13.5 5.587 0.004230684743086175
14.5 4.919700000000001 0.004508485629262718
15.5 4.2872 0.004829621853480956
16.5 3.7569 0.005159233481521423
17.5 3.2889 0.005514100351352723
18.5 2.8292 0.005945223356427527
19.5 2.3981 0.006457528854946943
20.5 2.0882 0.006920125238791793
21.5 1.7858999999999998 0.007482925671529353
22.5 1.4961 0.008175601007965987
23.5 1.2542 0.00892928329394458
24.5 1.0535 0.009742776278149621
25.5 0.856 0.010808442529177923
26.5 0.7122999999999999 0.011848640639004905
27.5 0.5809 0.013120467558816476
28.5 0.4814 0.014412753434733406
29.5 0.399 0.01583118967153259
30.5 0.3144 0.01783440937516054
31.5 0.2581 0.019683666479473904
32.5 0.1991 0.022411161745176402
33.5 0.1642 0.0246781968201642
34.5 0.12969999999999998 0.027767067240353292
35.5 0.1091 0.03027524209883363
36.5 0.0741 0.03673591791853225
37.5 0.06420000000000001 0.03946685189819291
38.5 0.0487 0.04531432544294438
39.5 0.0374 0.051708768999501914
40.5 0.030600000000000002 0.05716619504750295
41.5 0.0229 0.06608186004550898
42.5 0.015300000000000001 0.08084520834544433
43.5 0.014 0.08451542547285165
44.5 0.0114 0.0936585811581694
45.5 0.0084 0.1091089451179962
46.5 0.0055 0.13483997249264842
47.5 0.0045000000000000005 0.14907119849998599
48.5 0.0031000000000000003 0.17960530202677488
49.5 0.0029 0.18569533817705186
50.5 0.0021999999999999997 0.21320071635561047
51.5 0.0011 0.30151134457776363
52.5 0.00030000000000000003 0.5773502691896257
53.5 0.0005 0.4472135954999579
54.5 0.0002 0.7071067811865475
55.5 0.0005 0.4472135954999579
56.5 0.0005 0.4472135954999579
57.5 0.0002 0.7071067811865475
58.5 0.0005 0.4472135954999579
59.5 0.0 inf
60.5 0.0 inf
61.5 0.0 inf
62.5 0.0 inf
63.5 0.0001 1.0
64.5 0.0 inf
65.5 0.0 inf
66.5 0.0 inf
67.5 0.0 inf
68.5 0.0 inf
69.5 0.0 inf
70.5 0.0 inf
71.5 0.0 inf
72.5 0.0 inf
73.5 0.0 inf
74.5 0.0 inf
75.5 0.0 inf
76.5 0.0 inf
77.5 0.0 inf
78.5 0.0 inf
79.5 0.0 inf
80.5 0.0 inf
81.5 0.0 inf
82.5 0.0 inf
83.5 0.0 inf
84.5 0.0 inf
85.5 0.0 inf
86.5 0.0 inf
87.5 0.0 inf
88.5 0.0 inf
89.5 0.0 inf
90.5 0.0 inf
91.5 0.0 inf
92.5 0.0 inf
93.5 0.0 inf
94.5 0.0 inf
95.5 0.0 inf
96.5 0.0 inf
97.5 0.0 inf
