0.5 40.667 0.0015681186937651613
1.5 21.4785 0.0021577346012211468
2.5 21.623 0.0021505127702585473
3.5 19.7693 0.002249077154011299
4.5 17.3157 0.0024031449870564017
5.5 15.5947 0.00253227861696541
6.5 13.5999 0.002711640692018778
7.5 12.075700000000001 0.002877688905280978
8.5 10.7822 0.0030454137787111375
9.5 9.386 0.003264071962873907
10.5 8.4416 0.0034418157311097188
11.5 7.3936 0.003677663795576139
12.5 6.5473 0.003908128901064921
13.5 5.6959 0.004190046300476935
14.5 5.0418 0.00445355882450654
15.5 4.4107 0.004761526877940995
16.5 3.831 0.005109094363008762
17.5 3.3432 0.0054691372328975335
18.5 2.8719 0.00590086043768875
19.5 2.4157 0.006433962130157786
20.5 2.1017 0.00689786416560262
21.5 1.806 0.007441168295606795
22.5 1.4912 0.00818902227600523
23.5 1.2497 0.00894534541586328
24.5 1.0694 0.009670076507046953
25.5 0.8813 0.010652170640874361
26.5 0.7166 0.011813037920774943
27.5 0.5811999999999999 0.013117080903335115
28.5 0.5083 0.014026197349227646
29.5 0.4056 0.015701857325533194
30.5 0.3215 0.017636382584553453
31.5 0.267 0.01935282499290459
32.5 0.2046 0.022107884414269093
33.5 0.1595 0.02503915429180672
34.5 0.13 0.027735009811261455
35.5 0.0998 0.03165444689164592
36.5 0.0822 0.03487900532075779
37.5 0.0663 0.03883678186903087
38.5 0.0501 0.04467670516087703
39.5 0.0374 0.051708768999501914
40.5 0.0313 0.05652334189442215
41.5 0.023 0.0659380473395787
42.5 0.019799999999999998 0.07106690545187015
43.5 0.0125 0.08944271909999159
44.5 0.0106 0.09712858623572641
45.5 0.0073 0.11704114719613057
46.5 0.0057 0.13245323570650439
47.5 0.0042 0.1543033499620919
48.5 0.0029 0.18569533817705186
49.5 0.0024000000000000002 0.20412414523193148
50.5 0.0018999999999999998 0.2294157338705618
51.5 0.0007999999999999999 0.3535533905932738
52.5 0.0008 0.35355339059327373
53.5 0.0007 0.3779644730092272
54.5 0.0006 0.4082482904638631
55.5 0.0002 0.7071067811865475
56.5 0.0002 0.7071067811865475
57.5 0.00039999999999999996 0.5000000000000001
58.5 0.00039999999999999996 0.5000000000000001
59.5 0.0001 1.0
60.5 0.0001 1.0
61.5 0.0 inf
62.5 0.0001 1.0
63.5 0.0 inf
64.5 0.0 inf
65.5 0.0 inf
66.5 0.0 inf
67.5 0.0 inf
68.5 0.0 inf
69.5 0.0 inf
70.5 0.0 inf
71.5 0.0 inf
72.5 0.0 inf
73.5 0.0 inf
74.5 0.0 inf
75.5 0.0 inf
76.5 0.0 inf
77.5 0.0 inf
78.5 0.0 inf
79.5 0.0 inf
80.5 0.0 inf
81.5 0.0 inf
82.5 0.0 inf
83.5 0.0 inf
84.5 0.0 inf
85.5 0.0 inf
86.5 0.0 inf
87.5 0.0 inf
88.5 0.0 inf
89.5 0.0 inf
90.5 0.0 inf
91.5 0.0 inf
92.5 0.0 inf
93.5 0.0 inf
94.5 0.0 inf
95.5 0.0 inf
96.5 0.0 inf
97.5 0.0 inf
