0.5 48.139300000000006 0.0014412858223240182
1.5 23.9376 0.0020439002519914966
2.5 23.460900000000002 0.0020645607463692945
3.5 21.0313 0.0021805544751634293
4.5 18.207 0.0023435855084988112
5.5 16.131 0.0024898280447190613
6.5 14.0545 0.002667425508973256
7.5 12.3631 0.0028440439863016884
8.5 10.973099999999999 0.003018806882699407
9.5 9.5718 0.00323223696134017
10.5 8.5235 0.00342524008027986
11.5 7.4599 0.0036612846692147824
12.5 6.6548 0.0038764349099071854
13.5 5.8033 0.0041510932461561725
14.5 5.1056 0.004425645328266562
15.5 4.4193 0.004756891633399098
16.5 3.9203 0.005050569464871853
17.5 3.3577 0.005457315406819009
18.5 2.8804 0.00589214734719533
19.5 2.4566999999999997 0.006380047867126693
20.5 2.1142000000000003 0.006877442463084207
21.5 1.7885 0.007477484608431623
22.5 1.5036 0.008155185451433537
23.5 1.2744 0.008858233390878899
24.5 1.0684 0.009674600943034482
25.5 0.8684000000000001 0.010730997473258171
26.5 0.7208 0.011778571185788638
27.5 0.5992999999999999 0.012917481884172806
28.5 0.5071 0.0140427833195661
29.5 0.4093 0.01563072519103182
30.5 0.3274 0.017476749542968805
31.5 0.2591 0.01964564506773356
32.5 0.2037 0.02215666980146639
33.5 0.1628 0.02478407985483048
34.5 0.1254 0.02823912473624525
35.5 0.10919999999999999 0.030261376633440123
36.5 0.0762 0.03622617780011092
37.5 0.0642 0.03946685189819293
38.5 0.0516 0.04402254531628119
39.5 0.0395 0.05031546054266276
40.5 0.027000000000000003 0.06085806194501844
41.5 0.020499999999999997 0.06984302957695783
42.5 0.0195 0.0716114874039433
43.5 0.0139 0.08481889296799709
44.5 0.0098 0.10101525445522107
45.5 0.0071 0.11867816581938533
46.5 0.0069 0.1203858530857692
47.5 0.0039 0.16012815380508713
48.5 0.0036 0.16666666666666666
49.5 0.0028 0.1889822365046136
50.5 0.0012 0.2886751345948129
51.5 0.0022 0.21320071635561041
52.5 0.0009 0.3333333333333333
53.5 0.00039999999999999996 0.5000000000000001
54.5 0.0006000000000000001 0.40824829046386296
55.5 0.0001 1.0
56.5 0.0001 1.0
57.5 0.00030000000000000003 0.5773502691896257
58.5 0.0 inf
59.5 0.0001 1.0
60.5 0.0 inf
61.5 0.0 inf
62.5 0.0 inf
63.5 0.0001 1.0
64.5 0.0 inf
65.5 0.0 inf
66.5 0.0 inf
67.5 0.0001 1.0
68.5 0.0 inf
69.5 0.0 inf
70.5 0.0 inf
71.5 0.0001 1.0
72.5 0.0 inf
73.5 0.0 inf
74.5 0.0 inf
75.5 0.0 inf
76.5 0.0 inf
77.5 0.0 inf
78.5 0.0 inf
79.5 0.0 inf
80.5 0.0 inf
81.5 0.0 inf
82.5 0.0 inf
83.5 0.0 inf
84.5 0.0 inf
85.5 0.0 inf
86.5 0.0 inf
87.5 0.0 inf
88.5 0.0 inf
89.5 0.0 inf
90.5 0.0 inf
91.5 0.0 inf
92.5 0.0 inf
93.5 0.0 inf
94.5 0.0 inf
95.5 0.0 inf
96.5 0.0 inf
97.5 0.0 inf
