0.5 38.5022 0.001611599882997595
1.5 20.274099999999997 0.002220901041984595
2.5 20.5762 0.002204537108976297
3.5 18.9253 0.0022986805108376343
4.5 16.6241 0.002452623745646508
5.5 14.941400000000002 0.002587047208136044
6.5 13.1228 0.0027604936027194565
7.5 11.6449 0.0029304351724840096
8.5 10.4305 0.0030963313950468285
9.5 9.1415 0.003307434621604111
10.5 8.1545 0.003501880577087821
11.5 7.1528 0.003739055908860858
12.5 6.3658 0.0039634511064345
13.5 5.5761 0.004234817734773189
14.5 4.9493 0.004494983588114446
15.5 4.2923 0.004826751784717897
16.5 3.7922000000000002 0.005135164768384749
17.5 3.2807 0.005520987205438913
18.5 2.7938 0.005982770499097453
19.5 2.3937 0.006463461110866789
20.5 2.0881 0.006920290940683197
21.5 1.7317 0.007599126454631278
22.5 1.475 0.008233869695926183
23.5 1.2555 0.008924659210027766
24.5 1.0413 0.00979968386729758
25.5 0.8561 0.01080781125022816
26.5 0.7191000000000001 0.011792485627953748
27.5 0.5812999999999999 0.01311595260081672
28.5 0.4949 0.014214817002999845
29.5 0.4085 0.015646023188518772
30.5 0.32230000000000003 0.01761448082809464
31.5 0.2519 0.01992443047452101
32.5 0.2039 0.022145800696175846
33.5 0.1648 0.02463323195410733
34.5 0.1242 0.02837521769195829
35.5 0.10500000000000001 0.030860669992418384
36.5 0.07819999999999999 0.035759926992607584
37.5 0.060200000000000004 0.04075695729696112
38.5 0.0484 0.045454545454545456
39.5 0.0379 0.051366549693751415
40.5 0.0247 0.06362847629757777
41.5 0.0204 0.07001400420140048
42.5 0.0186 0.07332355751067665
43.5 0.012 0.09128709291752768
44.5 0.0098 0.10101525445522107
45.5 0.0071 0.11867816581938533
46.5 0.0052 0.1386750490563073
47.5 0.0047 0.14586499149789456
48.5 0.0040999999999999995 0.15617376188860607
49.5 0.0027 0.19245008972987526
50.5 0.0015 0.2581988897471611
51.5 0.0009 0.3333333333333333
52.5 0.0012000000000000001 0.28867513459481287
53.5 0.0006 0.4082482904638631
54.5 0.0007 0.3779644730092272
55.5 0.0005 0.4472135954999579
56.5 0.0 inf
57.5 0.0001 1.0
58.5 0.0 inf
59.5 0.0 inf
60.5 0.0 inf
61.5 0.0 inf
62.5 0.0 inf
63.5 0.0 inf
64.5 0.0 inf
65.5 0.0 inf
66.5 0.0 inf
67.5 0.0 inf
68.5 0.0 inf
69.5 0.0 inf
70.5 0.0 inf
71.5 0.0 inf
72.5 0.0 inf
73.5 0.0 inf
74.5 0.0 inf
75.5 0.0 inf
76.5 0.0 inf
77.5 0.0 inf
78.5 0.0 inf
79.5 0.0 inf
80.5 0.0 inf
81.5 0.0 inf
82.5 0.0 inf
83.5 0.0 inf
84.5 0.0 inf
85.5 0.0 inf
86.5 0.0 inf
87.5 0.0 inf
88.5 0.0 inf
89.5 0.0 inf
90.5 0.0 inf
91.5 0.0 inf
92.5 0.0 inf
93.5 0.0 inf
94.5 0.0 inf
95.5 0.0 inf
96.5 0.0 inf
97.5 0.0 inf
