0.5 38.4861 0.0016119369403389254
1.5 20.350099999999998 0.002216750046053745
2.5 20.5703 0.002204853240399322
3.5 18.9225 0.0022988505747126436
4.5 16.6971 0.002447256416723073
5.5 14.9356 0.002587549478462131
6.5 13.113399999999999 0.0027614828195274333
7.5 11.648800000000001 0.002929944578864481
8.5 10.4668 0.0030909575248048164
9.5 9.1067 0.0033137480488579563
10.5 8.1775 0.0034969524225811816
11.5 7.1396 0.0037425107765285156
12.5 6.3934 0.0039548868397496625
13.5 5.640499999999999 0.004210572970596101
14.5 4.9571000000000005 0.004491445766109142
15.5 4.2499 0.004850769568939638
16.5 3.7668999999999997 0.005152380814750464
17.5 3.2542 0.005543421215795889
18.5 2.7720000000000002 0.006006249751303726
19.5 2.3883 0.006470764000648074
20.5 2.0548 0.006976140543970926
21.5 1.7788 0.007497844679437468
22.5 1.4977 0.008171232824386691
23.5 1.2517 0.0089381960018248
24.5 1.055 0.00973584767022471
25.5 0.8452999999999999 0.010876635272089798
26.5 0.7131 0.011841992502339556
27.5 0.5801 0.013129511480316922
28.5 0.49360000000000004 0.014233523557739299
29.5 0.3839 0.01613953224762664
30.5 0.32389999999999997 0.01757092099429725
31.5 0.2659 0.019392813966684824
32.5 0.1995 0.022388683141982252
33.5 0.1562 0.025302269968462875
34.5 0.1276 0.027994625547792716
35.5 0.10400000000000001 0.031008683647302117
36.5 0.08080000000000001 0.03517987723651459
37.5 0.0626 0.039968038348871575
38.5 0.045399999999999996 0.04693232544639321
39.5 0.039599999999999996 0.050251890762960605
40.5 0.0291 0.05862103817605492
41.5 0.0265 0.06142951168339512
42.5 0.016300000000000002 0.07832604499879572
43.5 0.013000000000000001 0.08770580193070293
44.5 0.0121 0.09090909090909091
45.5 0.0069 0.1203858530857692
46.5 0.005 0.1414213562373095
47.5 0.0045 0.14907119849998599
48.5 0.003 0.18257418583505536
49.5 0.0021 0.2182178902359924
50.5 0.0015 0.2581988897471611
51.5 0.0015 0.2581988897471611
52.5 0.0009 0.3333333333333333
53.5 0.0005 0.4472135954999579
54.5 0.0005 0.4472135954999579
55.5 0.0006000000000000001 0.40824829046386296
56.5 0.00030000000000000003 0.5773502691896257
57.5 0.0 inf
58.5 0.0003 0.5773502691896258
59.5 0.0001 1.0
60.5 0.0002 0.7071067811865475
61.5 0.0 inf
62.5 0.0 inf
63.5 0.0001 1.0
64.5 0.0 inf
65.5 0.0001 1.0
66.5 0.0 inf
67.5 0.0 inf
68.5 0.0 inf
69.5 0.0 inf
70.5 0.0 inf
71.5 0.0 inf
72.5 0.0 inf
73.5 0.0 inf
74.5 0.0 inf
75.5 0.0 inf
76.5 0.0 inf
77.5 0.0 inf
78.5 0.0 inf
79.5 0.0 inf
80.5 0.0 inf
81.5 0.0 inf
82.5 0.0 inf
83.5 0.0 inf
84.5 0.0 inf
85.5 0.0 inf
86.5 0.0 inf
87.5 0.0 inf
88.5 0.0 inf
89.5 0.0 inf
90.5 0.0 inf
91.5 0.0 inf
92.5 0.0 inf
93.5 0.0 inf
94.5 0.0 inf
95.5 0.0 inf
96.5 0.0 inf
97.5 0.0 inf
