0.5 100.02199999999999 0.0009998900181466732
1.5 29.4251 0.001843491019404908
2.5 26.4827 0.00194320612007855
3.5 22.553 0.002105706511202357
4.5 19.0142 0.002293300528566411
5.5 16.6869 0.002448004254909269
6.5 14.3715 0.002637843041850632
7.5 12.608899999999998 0.0028161864191467104
8.5 11.1963 0.0029885652110448486
9.5 9.6739 0.003215134925526194
10.5 8.5972 0.0034105269446113415
11.5 7.514200000000001 0.003648031879618654
12.5 6.6297 0.0038837660559074057
13.5 5.8324 0.004140724627275686
14.5 5.129099999999999 0.004415495198013047
15.5 4.472300000000001 0.004728621319167124
16.5 3.9089 0.005057928897662815
17.5 3.3712 0.005446377511878739
18.5 2.8753 0.005897370565323073
19.5 2.4552 0.0063819965088956964
20.5 2.1388 0.006837776672725624
21.5 1.7872 0.007480203655805015
22.5 1.5197 0.008111871609686747
23.5 1.2782 0.008845056132894474
24.5 1.0953 0.009555060828546923
25.5 0.8899999999999999 0.010599978800063602
26.5 0.7170000000000001 0.011809742331947863
27.5 0.5932 0.012983728600114436
28.5 0.5078 0.014033101025064882
29.5 0.4066 0.01568253671119514
30.5 0.3208 0.01765561378866122
31.5 0.2632 0.019492029389636262
32.5 0.201 0.022304986837273527
33.5 0.16570000000000001 0.024566243134638045
34.5 0.1231 0.028501713717057404
35.5 0.1032 0.031128640318234518
36.5 0.0798 0.03539961627023943
37.5 0.0591 0.04113450348948636
38.5 0.048100000000000004 0.04559607525875532
39.5 0.0374 0.051708768999501914
40.5 0.0286 0.05913123959890826
41.5 0.0216 0.06804138174397717
42.5 0.018099999999999998 0.07432941462471664
43.5 0.0134 0.08638684255813601
44.5 0.0093 0.10369516947304253
45.5 0.008 0.11180339887498948
46.5 0.0058 0.13130643285972257
47.5 0.004699999999999999 0.14586499149789456
48.5 0.0034999999999999996 0.16903085094570333
49.5 0.0023 0.20851441405707477
50.5 0.0012 0.2886751345948129
51.5 0.0017000000000000001 0.24253562503633297
52.5 0.0005 0.4472135954999579
53.5 0.0009000000000000001 0.3333333333333333
54.5 0.0005 0.4472135954999579
55.5 0.0 inf
56.5 0.00030000000000000003 0.5773502691896257
57.5 0.0001 1.0
58.5 0.0001 1.0
59.5 0.0001 1.0
60.5 0.0001 1.0
61.5 0.0 inf
62.5 0.0 inf
63.5 0.0 inf
64.5 0.0 inf
65.5 0.0 inf
66.5 0.0 inf
67.5 0.0 inf
68.5 0.0 inf
69.5 0.0 inf
70.5 0.0 inf
71.5 0.0 inf
72.5 0.0 inf
73.5 0.0 inf
74.5 0.0 inf
75.5 0.0 inf
76.5 0.0 inf
77.5 0.0 inf
78.5 0.0 inf
79.5 0.0 inf
80.5 0.0 inf
81.5 0.0 inf
82.5 0.0 inf
83.5 0.0 inf
84.5 0.0 inf
85.5 0.0 inf
86.5 0.0 inf
87.5 0.0 inf
88.5 0.0 inf
89.5 0.0 inf
90.5 0.0 inf
91.5 0.0 inf
92.5 0.0 inf
93.5 0.0 inf
94.5 0.0 inf
95.5 0.0 inf
96.5 0.0 inf
97.5 0.0 inf
