0.5 38.459900000000005 0.0016124858959750863
1.5 20.3676 0.0022157975169824163
2.5 20.5357 0.002206709905020887
3.5 18.8968 0.0023004132833666707
4.5 16.6177 0.0024530959915328456
5.5 14.9749 0.0025841518764332704
6.5 13.0938 0.002763548866953287
7.5 11.6784 0.002926229113419265
8.5 10.4247 0.003097192629655892
9.5 9.139299999999999 0.0033078326782567846
10.5 8.1554 0.0035016873444152063
11.5 7.148 0.0037403111170567463
12.5 6.3911999999999995 0.003955567463296569
13.5 5.5677 0.0042380110697248
14.5 4.9341 0.004501901892552661
15.5 4.2774 0.00483515128905292
16.5 3.7781000000000002 0.00514473815100306
17.5 3.2643000000000004 0.0055348386820746436
18.5 2.8006 0.005975502848518405
19.5 2.3834 0.006477412163769351
20.5 2.0468 0.006989760511142484
21.5 1.7766 0.007502485610105728
22.5 1.4754 0.008232753466042938
23.5 1.2444000000000002 0.008964374649555988
24.5 1.0492 0.009762720569806997
25.5 0.8625 0.01076763804116331
26.5 0.7061 0.011900546188101243
27.5 0.59 0.013018891098082387
28.5 0.48410000000000003 0.014372504678206121
29.5 0.40149999999999997 0.01578182506843426
30.5 0.32699999999999996 0.017487435419566728
31.5 0.256 0.01976423537605237
32.5 0.1953 0.02262814111007102
33.5 0.1658 0.024558833620630074
34.5 0.1348 0.027236735535142165
35.5 0.1015 0.03138824102871722
36.5 0.0779 0.03582871819500093
37.5 0.064 0.03952847075210474
38.5 0.0543 0.04291410754228745
39.5 0.0368 0.05212860351426869
40.5 0.0315 0.0563436169819011
41.5 0.0246 0.06375767130633382
42.5 0.0175 0.07559289460184544
43.5 0.012 0.09128709291752768
44.5 0.009000000000000001 0.10540925533894598
45.5 0.0079 0.11250879009260237
46.5 0.0063 0.1259881576697424
47.5 0.004699999999999999 0.14586499149789456
48.5 0.0031999999999999997 0.1767766952966369
49.5 0.0027 0.19245008972987526
50.5 0.0021 0.2182178902359924
51.5 0.0006000000000000001 0.40824829046386296
52.5 0.0005 0.4472135954999579
53.5 0.00039999999999999996 0.5000000000000001
54.5 0.0006000000000000001 0.40824829046386296
55.5 0.0004 0.5
56.5 0.0002 0.7071067811865475
57.5 0.0001 1.0
58.5 0.0 inf
59.5 0.0 inf
60.5 0.0 inf
61.5 0.0 inf
62.5 0.0001 1.0
63.5 0.0 inf
64.5 0.0 inf
65.5 0.0 inf
66.5 0.0 inf
67.5 0.0 inf
68.5 0.0 inf
69.5 0.0 inf
70.5 0.0 inf
71.5 0.0 inf
72.5 0.0 inf
73.5 0.0 inf
74.5 0.0 inf
75.5 0.0 inf
76.5 0.0 inf
77.5 0.0 inf
78.5 0.0 inf
79.5 0.0 inf
80.5 0.0 inf
81.5 0.0 inf
82.5 0.0 inf
83.5 0.0 inf
84.5 0.0 inf
85.5 0.0 inf
86.5 0.0 inf
87.5 0.0 inf
88.5 0.0 inf
89.5 0.0 inf
90.5 0.0 inf
91.5 0.0 inf
92.5 0.0 inf
93.5 0.0 inf
94.5 0.0 inf
95.5 0.0 inf
96.5 0.0 inf
97.5 0.0 inf
