0.5 87.43029999999999 0.0010694710075335432
1.5 28.7517 0.0018649544795110722
2.5 26.061 0.001958864798518702
3.5 22.3891 0.002113399897132418
4.5 18.9984 0.0022942539409053237
5.5 16.5882 0.002455276281942648
6.5 14.3322 0.0026414571507425697
7.5 12.5685 0.0028207089417099634
8.5 11.1802 0.0029907162722997557
9.5 9.664000000000001 0.003216781329093617
10.5 8.689499999999999 0.0033923652531047434
11.5 7.5215 0.003646261149215399
12.5 6.6509 0.0038775712884826542
13.5 5.8203 0.004145026532244311
14.5 5.1229 0.004418166321034204
15.5 4.4129000000000005 0.004760339828036267
16.5 3.9034 0.005061491025107466
17.5 3.3746 0.0054436331347440785
18.5 2.8819999999999997 0.0058905115483444855
19.5 2.465 0.00636929755298482
20.5 2.1336 0.006846104100678745
21.5 1.8119 0.007429043263608877
22.5 1.513 0.008129812622173143
23.5 1.2697 0.008874613338746807
24.5 1.0668 0.009681853268597943
25.5 0.8663 0.010743996119441206
26.5 0.7402 0.011623193278701668
27.5 0.5942000000000001 0.01297279861366662
28.5 0.5012 0.014125195547029415
29.5 0.4026 0.015760250451281974
30.5 0.3261 0.017511550487910747
31.5 0.2571 0.019721909504608663
32.5 0.2017 0.0222662484609674
33.5 0.1694 0.024296476537493127
34.5 0.1267 0.02809387802771537
35.5 0.1062 0.030685820596610777
36.5 0.0779 0.03582871819500093
37.5 0.0653 0.03913302400974161
38.5 0.0524 0.0436852028330519
39.5 0.0387 0.05083285677753489
40.5 0.028 0.05976143046671968
41.5 0.0222 0.06711560552140243
42.5 0.0179 0.07474350927519359
43.5 0.013600000000000001 0.08574929257125441
44.5 0.008 0.11180339887498948
45.5 0.0076 0.11470786693528087
46.5 0.0057 0.13245323570650439
47.5 0.0047 0.14586499149789456
48.5 0.0036 0.16666666666666666
49.5 0.0028 0.1889822365046136
50.5 0.0012000000000000001 0.28867513459481287
51.5 0.0007999999999999999 0.3535533905932738
52.5 0.0007 0.3779644730092272
53.5 0.0005 0.4472135954999579
54.5 0.0006000000000000001 0.40824829046386296
55.5 0.0004 0.5
56.5 0.0002 0.7071067811865475
57.5 0.0002 0.7071067811865475
58.5 0.0001 1.0
59.5 0.0001 1.0
60.5 0.0 inf
61.5 0.0001 1.0
62.5 0.0 inf
63.5 0.0001 1.0
64.5 0.0001 1.0
65.5 0.0 inf
66.5 0.0 inf
67.5 0.0 inf
68.5 0.0 inf
69.5 0.0 inf
70.5 0.0 inf
71.5 0.0 inf
72.5 0.0 inf
73.5 0.0 inf
74.5 0.0 inf
75.5 0.0 inf
76.5 0.0 inf
77.5 0.0 inf
78.5 0.0 inf
79.5 0.0 inf
80.5 0.0 inf
81.5 0.0 inf
82.5 0.0 inf
83.5 0.0 inf
84.5 0.0 inf
85.5 0.0 inf
86.5 0.0 inf
87.5 0.0 inf
88.5 0.0 inf
89.5 0.0 inf
90.5 0.0 inf
91.5 0.0 inf
92.5 0.0 inf
93.5 0.0 inf
94.5 0.0 inf
95.5 0.0 inf
96.5 0.0 inf
97.5 0.0 inf
