0.5 38.4708 0.0016122574455476304
1.5 20.2787 0.0022206491342140313
2.5 20.5775 0.002204467471179991
3.5 18.866100000000003 0.0023022842047767493
4.5 16.6146 0.002453324833722393
5.5 14.961400000000001 0.002585317482067364
6.5 13.0958 0.002763337833309844
7.5 11.666699999999999 0.002927696036425678
8.5 10.3887 0.003102554345137822
9.5 9.1115 0.0033128750813974715
10.5 8.1496 0.003502933183125569
11.5 7.1236 0.003746711362368966
12.5 6.4003 0.0039527544336140676
13.5 5.5889 0.00422996555108933
14.5 4.9009 0.004517124695590942
15.5 4.2734000000000005 0.004837413665785857
16.5 3.7969 0.005131985497398979
17.5 3.3089 0.0054974106422231595
18.5 2.8070000000000004 0.0059686868453321966
19.5 2.4029999999999996 0.00645094166430153
20.5 2.0642 0.006960238367188897
21.5 1.7453 0.0075694609990080855
22.5 1.4507 0.008302544164800623
23.5 1.2387 0.008984976202985103
24.5 1.0514999999999999 0.009752037474421446
25.5 0.848 0.010859306069076735
26.5 0.718 0.011801515411874575
27.5 0.5705 0.013239518037357893
28.5 0.4888 0.014303239192265577
29.5 0.40359999999999996 0.015740713750513967
30.5 0.3175 0.017747130188322274
31.5 0.2616 0.019551547175144377
32.5 0.1992 0.022405535747411044
33.5 0.15889999999999999 0.025086383169282255
34.5 0.1223 0.028594780785029784
35.5 0.10300000000000001 0.03115884764248779
36.5 0.0751 0.03649051825844134
37.5 0.0633 0.039746431675858215
38.5 0.0506 0.044455422447438706
39.5 0.0372 0.05184758473652126
40.5 0.0289 0.058823529411764705
41.5 0.0215 0.06819943394704735
42.5 0.018000000000000002 0.07453559924999299
43.5 0.0132 0.08703882797784893
44.5 0.009899999999999999 0.10050378152592121
45.5 0.0077 0.11396057645963795
46.5 0.0055 0.13483997249264842
47.5 0.0048000000000000004 0.14433756729740643
48.5 0.0031999999999999997 0.1767766952966369
49.5 0.0026 0.19611613513818404
50.5 0.0012 0.2886751345948129
51.5 0.0014 0.2672612419124244
52.5 0.0007999999999999999 0.3535533905932738
53.5 0.0007999999999999999 0.3535533905932738
54.5 0.00039999999999999996 0.5000000000000001
55.5 0.00039999999999999996 0.5000000000000001
56.5 0.0002 0.7071067811865475
57.5 0.0001 1.0
58.5 0.0002 0.7071067811865475
59.5 0.0001 1.0
60.5 0.0001 1.0
61.5 0.0001 1.0
62.5 0.0001 1.0
63.5 0.0 inf
64.5 0.0 inf
65.5 0.0 inf
66.5 0.0 inf
67.5 0.0 inf
68.5 0.0 inf
69.5 0.0 inf
70.5 0.0 inf
71.5 0.0 inf
72.5 0.0 inf
73.5 0.0 inf
74.5 0.0 inf
75.5 0.0 inf
76.5 0.0 inf
77.5 0.0 inf
78.5 0.0 inf
79.5 0.0 inf
80.5 0.0 inf
81.5 0.0 inf
82.5 0.0 inf
83.5 0.0 inf
84.5 0.0 inf
85.5 0.0 inf
86.5 0.0 inf
87.5 0.0 inf
88.5 0.0 inf
89.5 0.0 inf
90.5 0.0 inf
91.5 0.0 inf
92.5 0.0 inf
93.5 0.0 inf
94.5 0.0 inf
95.5 0.0 inf
96.5 0.0 inf
97.5 0.0 inf
