0.5 39.8832 0.0015834523606427194
1.5 21.0646 0.0021788302272758527
2.5 21.253700000000002 0.002169115745741046
3.5 19.4179 0.0022693363512178337
4.5 17.1628 0.0024138258237822808
5.5 15.3757 0.0025502487984699275
6.5 13.437999999999999 0.0027279266062310912
7.5 11.8661 0.002902993062799793
8.5 10.6278 0.00306745579960322
9.5 9.2996 0.0032791997001017236
10.5 8.3206 0.0034667512256122608
11.5 7.3178 0.0036966619058210115
12.5 6.5146999999999995 0.0039178949696410436
13.5 5.6851 0.004194024333304877
14.5 5.0253 0.004460864209316459
15.5 4.3377 0.004801426043248153
16.5 3.843 0.005101111398190333
17.5 3.3276000000000003 0.0054819420742029425
18.5 2.8113 0.00596412042143518
19.5 2.4408 0.006400794772021405
20.5 2.1252 0.006859620607619772
21.5 1.7488000000000001 0.007561882550236294
22.5 1.482 0.00821440096816907
23.5 1.2655 0.008889327878882927
24.5 1.0495999999999999 0.00976086011803788
25.5 0.8593999999999999 0.010787040898139902
26.5 0.7326999999999999 0.011682529980951668
27.5 0.5921000000000001 0.012995783552244981
28.5 0.49219999999999997 0.014253751903120991
29.5 0.39459999999999995 0.01591920808366894
30.5 0.3195 0.01769149641447584
31.5 0.2586 0.019664628205864065
32.5 0.1986 0.02243935544326001
33.5 0.1684 0.024368508941428967
34.5 0.1227 0.02854813347699592
35.5 0.1084 0.03037283696153935
36.5 0.0804 0.035267280792929914
37.5 0.06520000000000001 0.03916302249939786
38.5 0.0493 0.0450377349111045
39.5 0.0413 0.04920678313051229
40.5 0.0293 0.0584206237836986
41.5 0.022 0.06741998624632421
42.5 0.0172 0.07624928516630233
43.5 0.012 0.09128709291752768
44.5 0.0092 0.10425720702853739
45.5 0.0067 0.12216944435630522
46.5 0.0047 0.14586499149789456
47.5 0.0043 0.15249857033260467
48.5 0.0031999999999999997 0.1767766952966369
49.5 0.0021 0.2182178902359924
50.5 0.0019 0.22941573387056174
51.5 0.0012000000000000001 0.28867513459481287
52.5 0.0012000000000000001 0.28867513459481287
53.5 0.0008 0.35355339059327373
54.5 0.00030000000000000003 0.5773502691896257
55.5 0.0002 0.7071067811865475
56.5 0.00030000000000000003 0.5773502691896257
57.5 0.0001 1.0
58.5 0.0001 1.0
59.5 0.0001 1.0
60.5 0.0001 1.0
61.5 0.0 inf
62.5 0.0001 1.0
63.5 0.0 inf
64.5 0.0 inf
65.5 0.0 inf
66.5 0.0 inf
67.5 0.0 inf
68.5 0.0 inf
69.5 0.0 inf
70.5 0.0 inf
71.5 0.0 inf
72.5 0.0 inf
73.5 0.0 inf
74.5 0.0 inf
75.5 0.0 inf
76.5 0.0 inf
77.5 0.0 inf
78.5 0.0 inf
79.5 0.0 inf
80.5 0.0 inf
81.5 0.0 inf
82.5 0.0 inf
83.5 0.0 inf
84.5 0.0 inf
85.5 0.0 inf
86.5 0.0 inf
87.5 0.0 inf
88.5 0.0 inf
89.5 0.0 inf
90.5 0.0 inf
91.5 0.0 inf
92.5 0.0 inf
93.5 0.0 inf
94.5 0.0 inf
95.5 0.0 inf
96.5 0.0 inf
97.5 0.0 inf
