0.5 38.468 0.0016123161207933368
1.5 20.2606 0.002221640831806146
2.5 20.5676 0.002204997956078092
3.5 18.8737 0.0023018206199535295
4.5 16.6184 0.0024530443263521703
5.5 14.9498 0.0025863203004185585
6.5 13.147300000000001 0.0027579203127371674
7.5 11.655999999999999 0.0029290395145326895
8.5 10.4285 0.0030966282913362296
9.5 9.0792 0.003318762762223029
10.5 8.1014 0.0035133382359270023
11.5 7.150399999999999 0.0037396833549694043
12.5 6.3599 0.003965289102369725
13.5 5.602399999999999 0.004224866042183668
14.5 4.8937 0.004520446450488657
15.5 4.3072 0.004818395903073124
16.5 3.7626999999999997 0.005155255607325116
17.5 3.2801 0.005521492135296422
18.5 2.7836 0.005993721867502267
19.5 2.3969 0.006459145122831827
20.5 2.0822 0.006930088470767144
21.5 1.7549000000000001 0.0075487286275213025
22.5 1.4872 0.008200027552138863
23.5 1.2352 0.008997696884358681
24.5 1.0441 0.009786534966019706
25.5 0.8608 0.010778265338980672
26.5 0.7219 0.011769593926002261
27.5 0.5746 0.013192198857116066
28.5 0.4918 0.014259547289375143
29.5 0.40049999999999997 0.015801515437999243
30.5 0.3171 0.017758320057144228
31.5 0.2556 0.01977969430323089
32.5 0.1992 0.022405535747411044
33.5 0.15660000000000002 0.025269934785963448
34.5 0.1307 0.027660638840895514
35.5 0.0993 0.03173404079876884
36.5 0.07949999999999999 0.03546634510659544
37.5 0.067 0.03863337046431279
38.5 0.048799999999999996 0.04526787302125927
39.5 0.0406 0.04962916669854651
40.5 0.028499999999999998 0.05923488777590923
41.5 0.0229 0.06608186004550898
42.5 0.016900000000000002 0.07692307692307691
43.5 0.0149 0.08192319205190406
44.5 0.0106 0.09712858623572641
45.5 0.0083 0.10976425998969035
46.5 0.0048000000000000004 0.14433756729740643
47.5 0.004 0.15811388300841897
48.5 0.003 0.18257418583505536
49.5 0.0027 0.19245008972987526
50.5 0.0017000000000000001 0.24253562503633297
51.5 0.0014 0.2672612419124244
52.5 0.0012 0.2886751345948129
53.5 0.0005 0.4472135954999579
54.5 0.0007 0.3779644730092272
55.5 0.0001 1.0
56.5 0.0004 0.5
57.5 0.0006000000000000001 0.40824829046386296
58.5 0.00030000000000000003 0.5773502691896257
59.5 0.0 inf
60.5 0.0 inf
61.5 0.0 inf
62.5 0.0 inf
63.5 0.0001 1.0
64.5 0.0 inf
65.5 0.0 inf
66.5 0.0 inf
67.5 0.0 inf
68.5 0.0 inf
69.5 0.0 inf
70.5 0.0 inf
71.5 0.0 inf
72.5 0.0 inf
73.5 0.0 inf
74.5 0.0 inf
75.5 0.0 inf
76.5 0.0 inf
77.5 0.0 inf
78.5 0.0 inf
79.5 0.0 inf
80.5 0.0 inf
81.5 0.0 inf
82.5 0.0 inf
83.5 0.0 inf
84.5 0.0 inf
85.5 0.0 inf
86.5 0.0 inf
87.5 0.0 inf
88.5 0.0 inf
89.5 0.0 inf
90.5 0.0 inf
91.5 0.0 inf
92.5 0.0 inf
93.5 0.0 inf
94.5 0.0 inf
95.5 0.0 inf
96.5 0.0 inf
97.5 0.0 inf
