0.5 38.4604 0.001612475414472445
1.5 20.3653 0.002215922636435745
2.5 20.5746 0.0022046228260935675
3.5 18.9176 0.002299148277341198
4.5 16.5657 0.0024569431288214215
5.5 14.9566 0.0025857322998879585
6.5 13.0989 0.002763010826684344
7.5 11.6602 0.0029285119475119022
8.5 10.4031 0.0031004063193709273
9.5 9.115300000000001 0.003312184471236237
10.5 8.1731 0.0034978935905815947
11.5 7.1263000000000005 0.0037460015214238426
12.5 6.4178999999999995 0.003947330834113185
13.5 5.6007 0.00422550718769578
14.5 4.9213 0.004507752676240458
15.5 4.289 0.004828608303512786
16.5 3.7873 0.00513848562676565
17.5 3.2979000000000003 0.00550657119529712
18.5 2.7812 0.005996307411601603
19.5 2.3901 0.006468326954299388
20.5 2.0677 0.006954345067404642
21.5 1.7582 0.007541641122019254
22.5 1.494 0.008181344894563599
23.5 1.2428 0.00897014323100855
24.5 1.0105 0.009947909852847282
25.5 0.8386 0.010919998305216394
26.5 0.7168 0.01181138978153835
27.5 0.5892999999999999 0.013026621048098595
28.5 0.49150000000000005 0.01426389847107313
29.5 0.4092 0.01563263498701806
30.5 0.32599999999999996 0.01751423610260147
31.5 0.2608 0.019581511249698935
32.5 0.19829999999999998 0.022456322822201027
33.5 0.16299999999999998 0.024768870230903496
34.5 0.1224 0.028583097523751475
35.5 0.10250000000000001 0.031234752377721213
36.5 0.07680000000000001 0.03608439182435161
37.5 0.062099999999999995 0.040128617695256406
38.5 0.0516 0.04402254531628119
39.5 0.037 0.05198752449100364
40.5 0.029699999999999997 0.058025885318565944
41.5 0.0213 0.06851887098275317
42.5 0.017599999999999998 0.07537783614444092
43.5 0.0135 0.08606629658238704
44.5 0.0097 0.10153461651336192
45.5 0.0084 0.1091089451179962
46.5 0.006 0.12909944487358055
47.5 0.0043 0.15249857033260467
48.5 0.0024000000000000002 0.20412414523193148
49.5 0.0025 0.2
50.5 0.0016 0.25
51.5 0.002 0.22360679774997896
52.5 0.0007 0.3779644730092272
53.5 0.0005 0.4472135954999579
54.5 0.0002 0.7071067811865475
55.5 0.00030000000000000003 0.5773502691896257
56.5 0.0006000000000000001 0.40824829046386296
57.5 0.0002 0.7071067811865475
58.5 0.0001 1.0
59.5 0.0 inf
60.5 0.0 inf
61.5 0.0 inf
62.5 0.0 inf
63.5 0.0 inf
64.5 0.0 inf
65.5 0.0 inf
66.5 0.0 inf
67.5 0.0 inf
68.5 0.0 inf
69.5 0.0 inf
70.5 0.0 inf
71.5 0.0 inf
72.5 0.0 inf
73.5 0.0 inf
74.5 0.0 inf
75.5 0.0 inf
76.5 0.0 inf
77.5 0.0 inf
78.5 0.0 inf
79.5 0.0 inf
80.5 0.0 inf
81.5 0.0 inf
82.5 0.0 inf
83.5 0.0 inf
84.5 0.0 inf
85.5 0.0 inf
86.5 0.0 inf
87.5 0.0 inf
88.5 0.0 inf
89.5 0.0 inf
90.5 0.0 inf
91.5 0.0 inf
92.5 0.0 inf
93.5 0.0 inf
94.5 0.0 inf
95.5 0.0 inf
96.5 0.0 inf
97.5 0.0 inf
