0.5 38.501000000000005 0.00161162499799189
1.5 20.2761 0.0022207915063336974
2.5 20.5561 0.0022056146569834315
3.5 18.8888 0.0023009003804317285
4.5 16.6345 0.0024518569274363773
5.5 14.9237 0.0025885809151356244
6.5 13.123000000000001 0.0027604725671016815
7.5 11.666599999999999 0.0029277085837392173
8.5 10.4167 0.0030983817195591483
9.5 9.0909 0.0033166264486690386
10.5 8.1661 0.0034993924707188294
11.5 7.1152 0.003748922339718734
12.5 6.418200000000001 0.003947238579813807
13.5 5.5794 0.00423356518382331
14.5 4.9472000000000005 0.00449593750791004
15.5 4.3042 0.004820074806213448
16.5 3.7971 0.005131850340224376
17.5 3.2662 0.005533228596455301
18.5 2.7878 0.005989205201956623
19.5 2.3688000000000002 0.006497343129878753
20.5 2.0498 0.006984643680332163
21.5 1.7743 0.00750734671827214
22.5 1.4762 0.008230522367501684
23.5 1.244 0.008965815751510408
24.5 1.0591 0.009716984634549205
25.5 0.8518 0.010835056545328018
26.5 0.7168 0.01181138978153835
27.5 0.577 0.013164734152397188
28.5 0.4987 0.014160556328208415
29.5 0.3922 0.015967841215554487
30.5 0.31499999999999995 0.01781741612749496
31.5 0.2636 0.019477234678290496
32.5 0.19590000000000002 0.02259346194622841
33.5 0.167 0.024470439211619822
34.5 0.119 0.028988551782622423
35.5 0.0999 0.03163859985841663
36.5 0.0793 0.03551104121142175
37.5 0.0681 0.03832008326196737
38.5 0.0467 0.046274481338274755
39.5 0.038 0.051298917604257706
40.5 0.0271 0.0607456739230787
41.5 0.020999999999999998 0.06900655593423542
42.5 0.0167 0.07738232325341368
43.5 0.0127 0.08873565094161139
44.5 0.0102 0.09901475429766741
45.5 0.0077 0.11396057645963795
46.5 0.004 0.15811388300841897
47.5 0.0040999999999999995 0.15617376188860607
48.5 0.0035 0.1690308509457033
49.5 0.003 0.18257418583505536
50.5 0.0017000000000000001 0.24253562503633297
51.5 0.0015999999999999999 0.25000000000000006
52.5 0.0011 0.30151134457776363
53.5 0.0006000000000000001 0.40824829046386296
54.5 0.00030000000000000003 0.5773502691896257
55.5 0.00039999999999999996 0.5000000000000001
56.5 0.0002 0.7071067811865475
57.5 0.0002 0.7071067811865475
58.5 0.0001 1.0
59.5 0.0 inf
60.5 0.0002 0.7071067811865475
61.5 0.0 inf
62.5 0.0 inf
63.5 0.0 inf
64.5 0.0 inf
65.5 0.0 inf
66.5 0.0 inf
67.5 0.0 inf
68.5 0.0 inf
69.5 0.0 inf
70.5 0.0 inf
71.5 0.0 inf
72.5 0.0 inf
73.5 0.0 inf
74.5 0.0 inf
75.5 0.0 inf
76.5 0.0 inf
77.5 0.0 inf
78.5 0.0 inf
79.5 0.0 inf
80.5 0.0 inf
81.5 0.0 inf
82.5 0.0 inf
83.5 0.0 inf
84.5 0.0 inf
85.5 0.0 inf
86.5 0.0 inf
87.5 0.0 inf
88.5 0.0 inf
89.5 0.0 inf
90.5 0.0 inf
91.5 0.0 inf
92.5 0.0 inf
93.5 0.0 inf
94.5 0.0 inf
95.5 0.0 inf
96.5 0.0 inf
97.5 0.0 inf
