0.5 38.4709 0.0016122553501216157
1.5 20.3167 0.0022185714306021008
2.5 20.551000000000002 0.0022058883160988797
3.5 18.8092 0.0023057639128003593
4.5 16.6705 0.002449208100045199
5.5 14.9223 0.0025887023417348943
6.5 13.1141 0.0027614091177953427
7.5 11.625499999999999 0.002932879228433673
8.5 10.4263 0.0030969549759178572
9.5 9.088899999999999 0.0033169913381511508
10.5 8.1814 0.0034961188403014203
11.5 7.1611 0.0037368884232988247
12.5 6.3264 0.003975773880187782
13.5 5.597300000000001 0.004226790354882201
14.5 4.961399999999999 0.004489498996723915
15.5 4.2632 0.0048431971314147094
16.5 3.7602 0.005156969079684797
17.5 3.2701 0.005529928081264501
18.5 2.7799 0.005997709312480414
19.5 2.4127 0.006437960946842177
20.5 2.0789 0.0069355866245016115
21.5 1.7545 0.007549589077612724
22.5 1.473 0.00823945766378752
23.5 1.2303000000000002 0.009015596950663814
24.5 1.0561 0.00973077607542256
25.5 0.862 0.010770760453304095
26.5 0.7193 0.011790846074851915
27.5 0.5676 0.013273296830047474
28.5 0.4911 0.01426970624756423
29.5 0.39 0.016012815380508715
30.5 0.3156 0.01780047136272261
31.5 0.26049999999999995 0.019592783347677306
32.5 0.1978 0.022484687520664393
33.5 0.16610000000000003 0.024536645240595824
34.5 0.1256 0.028216632399155017
35.5 0.1021 0.03129587719622029
36.5 0.07869999999999999 0.035646150289975954
37.5 0.0628 0.03990434422338111
38.5 0.0489 0.045221563164613454
39.5 0.0407 0.04956815970966096
40.5 0.028700000000000003 0.05902813361009551
41.5 0.0207 0.06950480468569159
42.5 0.0172 0.07624928516630233
43.5 0.0139 0.08481889296799709
44.5 0.010499999999999999 0.09759000729485333
45.5 0.008 0.11180339887498948
46.5 0.0066 0.12309149097933272
47.5 0.0042 0.1543033499620919
48.5 0.0031 0.1796053020267749
49.5 0.0028 0.1889822365046136
50.5 0.0012000000000000001 0.28867513459481287
51.5 0.0013 0.2773500981126146
52.5 0.0009 0.3333333333333333
53.5 0.0007999999999999999 0.3535533905932738
54.5 0.0001 1.0
55.5 0.00030000000000000003 0.5773502691896257
56.5 0.0 inf
57.5 0.0002 0.7071067811865475
58.5 0.0001 1.0
59.5 0.0002 0.7071067811865475
60.5 0.0 inf
61.5 0.0 inf
62.5 0.0 inf
63.5 0.0 inf
64.5 0.0 inf
65.5 0.0 inf
66.5 0.0 inf
67.5 0.0 inf
68.5 0.0 inf
69.5 0.0 inf
70.5 0.0 inf
71.5 0.0 inf
72.5 0.0 inf
73.5 0.0 inf
74.5 0.0 inf
75.5 0.0 inf
76.5 0.0 inf
77.5 0.0 inf
78.5 0.0 inf
79.5 0.0 inf
80.5 0.0 inf
81.5 0.0 inf
82.5 0.0 inf
83.5 0.0 inf
84.5 0.0 inf
85.5 0.0 inf
86.5 0.0 inf
87.5 0.0 inf
88.5 0.0 inf
89.5 0.0 inf
90.5 0.0 inf
91.5 0.0 inf
92.5 0.0 inf
93.5 0.0 inf
94.5 0.0 inf
95.5 0.0 inf
96.5 0.0 inf
97.5 0.0 inf
