0.5 42.293 0.0015376792497892103
1.5 21.9755 0.002133195296361607
2.5 21.997500000000002 0.0021321283106518953
3.5 20.023000000000003 0.0022347833463010145
4.5 17.454700000000003 0.0023935571729372333
5.5 15.5601 0.0025350924866459745
6.5 13.6502 0.002706639981012137
7.5 12.0913 0.002875831932251324
8.5 10.756699999999999 0.003049021394498691
9.5 9.337499999999999 0.0032725379578254403
10.5 8.4036 0.003449588678320618
11.5 7.3341 0.003692551714675831
12.5 6.5504 0.003907204023704541
13.5 5.7024 0.00418765756358005
14.5 5.043200000000001 0.004452940624244352
15.5 4.3589 0.004789735673995516
16.5 3.8464 0.005098856352800026
17.5 3.38 0.0054392829322042115
18.5 2.8386 0.0059353714149646885
19.5 2.4119 0.006439028557802104
20.5 2.0898000000000003 0.006917475626274336
21.5 1.7995999999999999 0.007454388236378752
22.5 1.515 0.008124444637023876
23.5 1.2583 0.008914723994723006
24.5 1.0535 0.009742776278149621
25.5 0.8592 0.010788296300052578
26.5 0.7302 0.011702511745597511
27.5 0.5832999999999999 0.013093447518004477
28.5 0.505 0.014071950894605839
29.5 0.3994 0.015823260199624396
30.5 0.3201 0.01767490804100673
31.5 0.2567 0.019737269249541726
32.5 0.2081 0.021921181601070722
33.5 0.1725 0.02407717061715384
34.5 0.12630000000000002 0.02813833039416763
35.5 0.1022 0.031280562354492725
36.5 0.07550000000000001 0.03639372626234195
37.5 0.062200000000000005 0.04009634698823127
38.5 0.0533 0.043314808182421
39.5 0.0395 0.05031546054266276
40.5 0.028900000000000002 0.058823529411764705
41.5 0.0194 0.07179581586177382
42.5 0.0182 0.07412493166611012
43.5 0.012199999999999999 0.09053574604251854
44.5 0.0091 0.10482848367219183
45.5 0.0081 0.1111111111111111
46.5 0.0059 0.13018891098082389
47.5 0.0043 0.15249857033260467
48.5 0.004 0.15811388300841897
49.5 0.0029 0.18569533817705186
50.5 0.0013 0.2773500981126146
51.5 0.0016 0.25
52.5 0.0007 0.3779644730092272
53.5 0.00039999999999999996 0.5000000000000001
54.5 0.00030000000000000003 0.5773502691896257
55.5 0.0006000000000000001 0.40824829046386296
56.5 0.0005 0.4472135954999579
57.5 0.0002 0.7071067811865475
58.5 0.0 inf
59.5 0.0 inf
60.5 0.0 inf
61.5 0.0 inf
62.5 0.0 inf
63.5 0.0001 1.0
64.5 0.0 inf
65.5 0.0001 1.0
66.5 0.0 inf
67.5 0.0 inf
68.5 0.0 inf
69.5 0.0 inf
70.5 0.0 inf
71.5 0.0 inf
72.5 0.0 inf
73.5 0.0 inf
74.5 0.0 inf
75.5 0.0 inf
76.5 0.0 inf
77.5 0.0 inf
78.5 0.0 inf
79.5 0.0 inf
80.5 0.0 inf
81.5 0.0 inf
82.5 0.0 inf
83.5 0.0 inf
84.5 0.0 inf
85.5 0.0 inf
86.5 0.0 inf
87.5 0.0 inf
88.5 0.0 inf
89.5 0.0 inf
90.5 0.0 inf
91.5 0.0 inf
92.5 0.0 inf
93.5 0.0 inf
94.5 0.0 inf
95.5 0.0 inf
96.5 0.0 inf
97.5 0.0 inf
