0.5 38.468 0.0016123161207933368
1.5 20.325200000000002 0.002218107478730489
2.5 20.5491 0.002205990293580235
3.5 18.9197 0.002299020676338878
4.5 16.6277 0.0024523582271609853
5.5 14.9558 0.0025858014556060746
6.5 13.109200000000001 0.0027619251538809507
7.5 11.6172 0.0029339267506918254
8.5 10.366299999999999 0.0031059046106426754
9.5 9.1251 0.003310405415251413
10.5 8.1556 0.003501644408165112
11.5 7.1715 0.0037341778509156075
12.5 6.4158 0.003947976795376613
13.5 5.5633 0.004239686654642793
14.5 4.953799999999999 0.004492941517194143
15.5 4.2871 0.004829678180528262
16.5 3.7588 0.005157929370811001
17.5 3.2748 0.005525958374084916
18.5 2.7873 0.005989742364859123
19.5 2.3882000000000003 0.006470899472892133
20.5 2.0693 0.006951655968723253
21.5 1.7716 0.007513065311345603
22.5 1.4717 0.008243095949647115
23.5 1.2631999999999999 0.00889741692097981
24.5 1.0461 0.009777175232656109
25.5 0.8599 0.010783904309751607
26.5 0.7194 0.011790026554706715
27.5 0.5742 0.013196793041081598
28.5 0.4924 0.014250856858528702
29.5 0.39249999999999996 0.015961737689352443
30.5 0.3154 0.017806114244894065
31.5 0.26 0.019611613513818404
32.5 0.20479999999999998 0.02209708691207961
33.5 0.1613 0.024899052235614633
34.5 0.1291 0.027831516999568835
35.5 0.1001 0.0316069770620507
36.5 0.0798 0.03539961627023943
37.5 0.0615 0.04032389192727559
38.5 0.0453 0.046984098573493956
39.5 0.040400000000000005 0.04975185951049945
40.5 0.0281 0.05965499862718936
41.5 0.0246 0.06375767130633382
42.5 0.016300000000000002 0.07832604499879572
43.5 0.012400000000000001 0.08980265101338744
44.5 0.0108 0.09622504486493763
45.5 0.0053 0.13736056394868904
46.5 0.0055 0.13483997249264842
47.5 0.0039 0.16012815380508713
48.5 0.0036 0.16666666666666666
49.5 0.0025 0.2
50.5 0.0014 0.2672612419124244
51.5 0.0011 0.30151134457776363
52.5 0.0014 0.2672612419124244
53.5 0.0006000000000000001 0.40824829046386296
54.5 0.00030000000000000003 0.5773502691896257
55.5 0.0005 0.4472135954999579
56.5 0.0002 0.7071067811865475
57.5 0.0002 0.7071067811865475
58.5 0.0 inf
59.5 0.0001 1.0
60.5 0.0 inf
61.5 0.0001 1.0
62.5 0.0 inf
63.5 0.0 inf
64.5 0.0 inf
65.5 0.0 inf
66.5 0.0 inf
67.5 0.0 inf
68.5 0.0 inf
69.5 0.0 inf
70.5 0.0 inf
71.5 0.0 inf
72.5 0.0 inf
73.5 0.0 inf
74.5 0.0 inf
75.5 0.0 inf
76.5 0.0 inf
77.5 0.0 inf
78.5 0.0 inf
79.5 0.0 inf
80.5 0.0 inf
81.5 0.0 inf
82.5 0.0 inf
83.5 0.0 inf
84.5 0.0 inf
85.5 0.0 inf
86.5 0.0 inf
87.5 0.0 inf
88.5 0.0 inf
89.5 0.0 inf
90.5 0.0 inf
91.5 0.0 inf
92.5 0.0 inf
93.5 0.0 inf
94.5 0.0 inf
95.5 0.0 inf
96.5 0.0 inf
97.5 0.0 inf
