0.5 38.4609 0.001612464933174197
1.5 20.3234 0.0022182057030694716
2.5 20.5343 0.0022067851289440583
3.5 18.892400000000002 0.0023006811484652793
4.5 16.6205 0.0024528893503943097
5.5 14.9644 0.0025850583222879757
6.5 13.0911 0.00276383383908123
7.5 11.6727 0.0029269434927065765
8.5 10.4403 0.00309487783663472
9.5 9.1302 0.003309480713386344
10.5 8.145999999999999 0.003503707131474827
11.5 7.0875 0.00375624113212674
12.5 6.348 0.0039690040398925085
13.5 5.5934 0.004228263663597174
14.5 4.9106000000000005 0.004512661109813293
15.5 4.2969 0.004824167479322873
16.5 3.7702999999999998 0.005150057120887815
17.5 3.284 0.005518212565200631
18.5 2.7967 0.005979667818348474
19.5 2.3931 0.006464271322228275
20.5 2.0445 0.0069936910394718
21.5 1.77 0.007516460280028288
22.5 1.5029 0.008157084435148048
23.5 1.2528000000000001 0.00893427112364829
24.5 1.0579 0.00972249417078922
25.5 0.8522 0.010832513403280236
26.5 0.7106 0.011862805187564086
27.5 0.5660000000000001 0.013292044433783764
28.5 0.4998 0.014144964899666776
29.5 0.4041 0.01573097260610029
30.5 0.316 0.0177892016741205
31.5 0.2554 0.019787437382135124
32.5 0.2099 0.021826986543983434
33.5 0.1639 0.024700771787671945
34.5 0.13169999999999998 0.027555424922739644
35.5 0.1062 0.030685820596610777
36.5 0.07719999999999999 0.035990787537434725
37.5 0.0669 0.038662233651352955
38.5 0.0468 0.046225016352102424
39.5 0.0383 0.0510976130307596
40.5 0.0271 0.0607456739230787
41.5 0.0207 0.06950480468569159
42.5 0.017099999999999997 0.07647191129018727
43.5 0.0119 0.09166984970282112
44.5 0.0098 0.10101525445522107
45.5 0.0063999999999999994 0.12500000000000003
46.5 0.0055 0.13483997249264842
47.5 0.0046 0.14744195615489714
48.5 0.0033 0.17407765595569785
49.5 0.0018999999999999998 0.2294157338705618
50.5 0.0024000000000000002 0.20412414523193148
51.5 0.0013 0.2773500981126146
52.5 0.0010999999999999998 0.3015113445777637
53.5 0.00030000000000000003 0.5773502691896257
54.5 0.0007 0.3779644730092272
55.5 0.00030000000000000003 0.5773502691896257
56.5 0.0002 0.7071067811865475
57.5 0.0001 1.0
58.5 0.0002 0.7071067811865475
59.5 0.0001 1.0
60.5 0.0 inf
61.5 0.0 inf
62.5 0.0001 1.0
63.5 0.0001 1.0
64.5 0.0 inf
65.5 0.0 inf
66.5 0.0 inf
67.5 0.0 inf
68.5 0.0 inf
69.5 0.0 inf
70.5 0.0 inf
71.5 0.0 inf
72.5 0.0001 1.0
73.5 0.0 inf
74.5 0.0 inf
75.5 0.0 inf
76.5 0.0 inf
77.5 0.0 inf
78.5 0.0 inf
79.5 0.0 inf
80.5 0.0 inf
81.5 0.0 inf
82.5 0.0 inf
83.5 0.0 inf
84.5 0.0 inf
85.5 0.0 inf
86.5 0.0 inf
87.5 0.0 inf
88.5 0.0 inf
89.5 0.0 inf
90.5 0.0 inf
91.5 0.0 inf
92.5 0.0 inf
93.5 0.0 inf
94.5 0.0 inf
95.5 0.0 inf
96.5 0.0 inf
97.5 0.0 inf
