0.5 38.439299999999996 0.0016129179116503413
1.5 20.273699999999998 0.0022209229510597762
2.5 20.559600000000003 0.002205426910629671
3.5 18.8812 0.0023013634093588726
4.5 16.6415 0.0024513412045835126
5.5 14.913799999999998 0.0025894399416608554
6.5 13.1251 0.0027602517221447897
7.5 11.6462 0.0029302716138966474
8.5 10.4378 0.0030952484478437544
9.5 9.107800000000001 0.003313547932862828
10.5 8.2021 0.0034917043989799615
11.5 7.1452 0.0037410439058746876
12.5 6.3564 0.003966380648049373
13.5 5.5907 0.004229284549520411
14.5 4.902699999999999 0.004516295400418258
15.5 4.2782 0.004834699194494751
16.5 3.7641999999999998 0.0051542283433731835
17.5 3.2811 0.005520650662481853
18.5 2.7685000000000004 0.006010045170166732
19.5 2.3992 0.006456048341418217
20.5 2.0770999999999997 0.006938591138595058
21.5 1.7486000000000002 0.007562314991408422
22.5 1.4843000000000002 0.008208034180164091
23.5 1.2315999999999998 0.009010837544011096
24.5 1.0510000000000002 0.009754356903036577
25.5 0.8511 0.010839511357170368
26.5 0.6961999999999999 0.011984860698077079
27.5 0.5895999999999999 0.013023306526765581
28.5 0.4976 0.014176199428093568
29.5 0.3943 0.015925262933238246
30.5 0.3291 0.01743155212307927
31.5 0.2445 0.02022369785697524
32.5 0.2064 0.022011272658140596
33.5 0.1595 0.02503915429180672
34.5 0.1212 0.0287242494810713
35.5 0.10300000000000001 0.03115884764248779
36.5 0.07700000000000001 0.036037498507822355
37.5 0.0665 0.038778336716474064
38.5 0.0504 0.0445435403187374
39.5 0.0378 0.05143444998736397
40.5 0.0281 0.05965499862718936
41.5 0.0211 0.06884283908215143
42.5 0.018099999999999998 0.07432941462471664
43.5 0.0123 0.09016696346674323
44.5 0.0103 0.09853292781642932
45.5 0.0073999999999999995 0.11624763874381928
46.5 0.0060999999999999995 0.12803687993289598
47.5 0.0037 0.1643989873053573
48.5 0.0033 0.17407765595569785
49.5 0.0027 0.19245008972987526
50.5 0.0012 0.2886751345948129
51.5 0.0016 0.25
52.5 0.0007 0.3779644730092272
53.5 0.0009 0.3333333333333333
54.5 0.0003 0.5773502691896258
55.5 0.0002 0.7071067811865475
56.5 0.0004 0.5
57.5 0.0001 1.0
58.5 0.0005 0.4472135954999579
59.5 0.0001 1.0
60.5 0.0 inf
61.5 0.0 inf
62.5 0.0001 1.0
63.5 0.0 inf
64.5 0.0 inf
65.5 0.0 inf
66.5 0.0 inf
67.5 0.0 inf
68.5 0.0 inf
69.5 0.0 inf
70.5 0.0 inf
71.5 0.0 inf
72.5 0.0 inf
73.5 0.0 inf
74.5 0.0 inf
75.5 0.0 inf
76.5 0.0 inf
77.5 0.0 inf
78.5 0.0 inf
79.5 0.0 inf
80.5 0.0 inf
81.5 0.0 inf
82.5 0.0 inf
83.5 0.0 inf
84.5 0.0 inf
85.5 0.0 inf
86.5 0.0 inf
87.5 0.0 inf
88.5 0.0 inf
89.5 0.0 inf
90.5 0.0 inf
91.5 0.0 inf
92.5 0.0 inf
93.5 0.0 inf
94.5 0.0 inf
95.5 0.0 inf
96.5 0.0 inf
97.5 0.0 inf
