0.5 58.1673 0.00131117465994507
1.5 24.6681 0.0020134096687784964
2.5 23.6661 0.0020555907388148066
3.5 20.9045 0.0021871577494056065
4.5 18.0169 0.0023559168913333825
5.5 15.9746 0.0025019867407764167
6.5 13.8858 0.0026835800036898267
7.5 12.1826 0.002865035499657168
8.5 10.8705 0.0030330197605748215
9.5 9.4862 0.0032467874726406823
10.5 8.4588 0.003438314681615575
11.5 7.4186 0.003671461871738766
12.5 6.6116 0.0038890785461091265
13.5 5.7568 0.0041678245565505345
14.5 5.054 0.0044481802880448245
15.5 4.309900000000001 0.004816886389267559
16.5 3.8455 0.005099452985519894
17.5 3.3437 0.005468728304038413
18.5 2.8664 0.005906518960387471
19.5 2.4562 0.006380697216040582
20.5 2.0831 0.006928591242249715
21.5 1.7867000000000002 0.00748125023335072
22.5 1.4879 0.008198098425665244
23.5 1.2635999999999998 0.008896008544727062
24.5 1.0609 0.009708737864077669
25.5 0.8569 0.010802764997472515
26.5 0.7133 0.01184033221596584
27.5 0.5996 0.012914249955040652
28.5 0.5067 0.014048325065369655
29.5 0.4005 0.01580151543799924
30.5 0.3236 0.017579063848365748
31.5 0.26439999999999997 0.01944774603961035
32.5 0.20329999999999998 0.022178456109386124
33.5 0.166 0.0245440346836908
34.5 0.13119999999999998 0.02760788151871164
35.5 0.1065 0.03064257065179478
36.5 0.0812 0.03509312031717982
37.5 0.0656 0.03904344047215152
38.5 0.05 0.044721359549995794
39.5 0.0369 0.052057920629535355
40.5 0.030600000000000002 0.05716619504750295
41.5 0.022 0.06741998624632421
42.5 0.018799999999999997 0.07293249574894728
43.5 0.0121 0.09090909090909091
44.5 0.0093 0.10369516947304253
45.5 0.0084 0.1091089451179962
46.5 0.0063 0.1259881576697424
47.5 0.0039 0.16012815380508713
48.5 0.0031 0.1796053020267749
49.5 0.0027 0.19245008972987526
50.5 0.0021 0.2182178902359924
51.5 0.0012000000000000001 0.28867513459481287
52.5 0.0009 0.3333333333333333
53.5 0.0007999999999999999 0.3535533905932738
54.5 0.0002 0.7071067811865475
55.5 0.0001 1.0
56.5 0.0004 0.5
57.5 0.0001 1.0
58.5 0.0001 1.0
59.5 0.0002 0.7071067811865475
60.5 0.0 inf
61.5 0.0001 1.0
62.5 0.0002 0.7071067811865475
63.5 0.0 inf
64.5 0.0 inf
65.5 0.0 inf
66.5 0.0 inf
67.5 0.0 inf
68.5 0.0 inf
69.5 0.0 inf
70.5 0.0 inf
71.5 0.0 inf
72.5 0.0 inf
73.5 0.0 inf
74.5 0.0 inf
75.5 0.0 inf
76.5 0.0 inf
77.5 0.0 inf
78.5 0.0 inf
79.5 0.0 inf
80.5 0.0 inf
81.5 0.0 inf
82.5 0.0 inf
83.5 0.0 inf
84.5 0.0 inf
85.5 0.0 inf
86.5 0.0 inf
87.5 0.0 inf
88.5 0.0 inf
89.5 0.0 inf
90.5 0.0 inf
91.5 0.0 inf
92.5 0.0 inf
93.5 0.0 inf
94.5 0.0 inf
95.5 0.0 inf
96.5 0.0 inf
97.5 0.0 inf
