0.5 38.5045 0.0016115517492069264
1.5 20.3069 0.00221910670131082
2.5 20.6113 0.0022026592016186268
3.5 18.9244 0.00229873517010988
4.5 16.651 0.0024506418152370193
5.5 14.9719 0.002584410763659271
6.5 13.2164 0.002750701174329101
7.5 11.6084 0.002935038603495853
8.5 10.3845 0.003103181694117066
9.5 9.058399999999999 0.003322570867620616
10.5 8.2158 0.0034887919431684663
11.5 7.1866 0.003730252786534144
12.5 6.363099999999999 0.003964291905968405
13.5 5.6063 0.00422339628101343
14.5 4.9027 0.004516295400418258
15.5 4.2728 0.004837753296275688
16.5 3.7522 0.005162463694295098
17.5 3.2787 0.00552267084392811
18.5 2.8198 0.005955124520126874
19.5 2.4177999999999997 0.006431167387914806
20.5 2.0773 0.006938257110859224
21.5 1.7807 0.007493843526239021
22.5 1.4594 0.008277759970393539
23.5 1.234 0.009002070714423868
24.5 1.0499 0.009759465477002299
25.5 0.836 0.010936965981495178
26.5 0.7223999999999999 0.011765520133375293
27.5 0.5817 0.013111442300614298
28.5 0.4998 0.014144964899666776
29.5 0.3994 0.015823260199624396
30.5 0.33089999999999997 0.017384076178023157
31.5 0.2603 0.019600308903302496
32.5 0.2072 0.02196873875818734
33.5 0.1622 0.024829877392851134
34.5 0.13040000000000002 0.027692438781085564
35.5 0.1038 0.03103854276221004
36.5 0.0766 0.036131468676496206
37.5 0.0602 0.04075695729696112
38.5 0.0521 0.04381079543383235
39.5 0.0373 0.05177803730784977
40.5 0.029900000000000003 0.05783149319662401
41.5 0.0207 0.06950480468569159
42.5 0.0179 0.07474350927519359
43.5 0.013 0.08770580193070293
44.5 0.0092 0.10425720702853739
45.5 0.0074 0.11624763874381928
46.5 0.0052 0.1386750490563073
47.5 0.0048000000000000004 0.14433756729740643
48.5 0.0033 0.17407765595569785
49.5 0.0024 0.20412414523193154
50.5 0.0015999999999999999 0.25000000000000006
51.5 0.0015999999999999999 0.25000000000000006
52.5 0.0006000000000000001 0.40824829046386296
53.5 0.0007999999999999999 0.3535533905932738
54.5 0.0004 0.5
55.5 0.0004 0.5
56.5 0.0002 0.7071067811865475
57.5 0.0005 0.4472135954999579
58.5 0.0002 0.7071067811865475
59.5 0.0 inf
60.5 0.0 inf
61.5 0.0001 1.0
62.5 0.0 inf
63.5 0.0 inf
64.5 0.0 inf
65.5 0.0 inf
66.5 0.0 inf
67.5 0.0 inf
68.5 0.0 inf
69.5 0.0 inf
70.5 0.0 inf
71.5 0.0 inf
72.5 0.0 inf
73.5 0.0 inf
74.5 0.0 inf
75.5 0.0 inf
76.5 0.0 inf
77.5 0.0 inf
78.5 0.0 inf
79.5 0.0 inf
80.5 0.0 inf
81.5 0.0 inf
82.5 0.0 inf
83.5 0.0 inf
84.5 0.0 inf
85.5 0.0 inf
86.5 0.0 inf
87.5 0.0 inf
88.5 0.0 inf
89.5 0.0 inf
90.5 0.0 inf
91.5 0.0 inf
92.5 0.0 inf
93.5 0.0 inf
94.5 0.0 inf
95.5 0.0 inf
96.5 0.0 inf
97.5 0.0 inf
