0.5 38.5022 0.001611599882997595
1.5 20.2926 0.002219888455183486
2.5 20.605400000000003 0.002202974525736333
3.5 18.823700000000002 0.002304875670379002
4.5 16.6952 0.00244739566797214
5.5 14.9688 0.0025846783622179743
6.5 13.095600000000001 0.0027633589344986612
7.5 11.6502 0.002929768528425458
8.5 10.4251 0.003097133211092248
9.5 9.0955 0.003315787659645752
10.5 8.177900000000001 0.003496866899520624
11.5 7.151 0.0037395264638296123
12.5 6.4714 0.003930980393588399
13.5 5.5491 0.004245107811665866
14.5 4.9274000000000004 0.004504961568674656
15.5 4.2521 0.004849514533337295
16.5 3.7977 0.005131444932763125
17.5 3.2697000000000003 0.005530266323853432
18.5 2.7752 0.0060027859391636774
19.5 2.398 0.006457663497597783
20.5 2.0843 0.006926596446265305
21.5 1.7651 0.0075268860717356036
22.5 1.4699 0.008248141542226677
23.5 1.2469000000000001 0.00895538347896242
24.5 1.0433 0.009790286393073068
25.5 0.8565 0.010805287240093267
26.5 0.7212 0.011775304351393316
27.5 0.5717 0.013225615844475024
28.5 0.49660000000000004 0.014190465507408673
29.5 0.4088 0.015640281177246362
30.5 0.3178 0.017738751654443552
31.5 0.25229999999999997 0.01990862997205606
32.5 0.2039 0.022145800696175846
33.5 0.1698 0.024267841905814505
34.5 0.1205 0.02880756009578387
35.5 0.1047 0.03090485136077065
36.5 0.083 0.03471050672503116
37.5 0.0592 0.04109974682633932
38.5 0.0468 0.046225016352102424
39.5 0.036699999999999997 0.052199575097188054
40.5 0.0293 0.0584206237836986
41.5 0.0213 0.06851887098275317
42.5 0.019700000000000002 0.07124704998790964
43.5 0.0139 0.08481889296799709
44.5 0.011 0.09534625892455924
45.5 0.0058 0.13130643285972257
46.5 0.0075 0.11547005383792514
47.5 0.0051 0.14002800840280097
48.5 0.0035 0.1690308509457033
49.5 0.0027 0.19245008972987526
50.5 0.0014 0.2672612419124244
51.5 0.0018 0.23570226039551587
52.5 0.0007999999999999999 0.3535533905932738
53.5 0.0009 0.3333333333333333
54.5 0.0006000000000000001 0.40824829046386296
55.5 0.0003 0.5773502691896258
56.5 0.0001 1.0
57.5 0.0001 1.0
58.5 0.0001 1.0
59.5 0.0 inf
60.5 0.0 inf
61.5 0.0 inf
62.5 0.0 inf
63.5 0.0 inf
64.5 0.0 inf
65.5 0.0 inf
66.5 0.0 inf
67.5 0.0 inf
68.5 0.0 inf
69.5 0.0 inf
70.5 0.0 inf
71.5 0.0 inf
72.5 0.0 inf
73.5 0.0 inf
74.5 0.0 inf
75.5 0.0 inf
76.5 0.0 inf
77.5 0.0 inf
78.5 0.0 inf
79.5 0.0 inf
80.5 0.0 inf
81.5 0.0 inf
82.5 0.0 inf
83.5 0.0 inf
84.5 0.0 inf
85.5 0.0 inf
86.5 0.0 inf
87.5 0.0 inf
88.5 0.0 inf
89.5 0.0 inf
90.5 0.0 inf
91.5 0.0 inf
92.5 0.0 inf
93.5 0.0 inf
94.5 0.0 inf
95.5 0.0 inf
96.5 0.0 inf
97.5 0.0 inf
