0.5 38.719300000000004 0.0016070753931649276
1.5 20.4376 0.0022119996428240224
2.5 20.7516 0.0021952005671865126
3.5 19.0556 0.0022908079734690165
4.5 16.7379 0.002444271903043665
5.5 15.0032 0.002581713529380659
6.5 13.272300000000001 0.002744902388786339
7.5 11.7283 0.002919997414051435
8.5 10.5274 0.0030820482800850346
9.5 9.1692 0.0033024349904320223
10.5 8.2072 0.0034906193480646304
11.5 7.218400000000001 0.0037220270736469793
12.5 6.4338 0.003942450251495129
13.5 5.616099999999999 0.004219709794374517
14.5 4.9589 0.004490630531263012
15.5 4.349 0.0047951842171336245
16.5 3.7779 0.005144874329040141
17.5 3.2799 0.0055216604760374875
18.5 2.803 0.005972944111811656
19.5 2.4052 0.006447990700043929
20.5 2.0863 0.006923275611648185
21.5 1.7746 0.007506712124783881
22.5 1.5030999999999999 0.008156541733012777
23.5 1.2606000000000002 0.008906587700022634
24.5 1.0388 0.009811468853477787
25.5 0.8682 0.01073223340732196
26.5 0.7041 0.01191743598681902
27.5 0.5777 0.013156755870285523
28.5 0.493 0.014242182297397127
29.5 0.3896 0.016021033402800037
30.5 0.3326 0.017339592129039343
31.5 0.2653 0.019414730885301035
32.5 0.2083 0.02191065522274417
33.5 0.1596 0.025031308716087945
34.5 0.1238 0.028421021140160225
35.5 0.1023 0.03126526997403612
36.5 0.0809 0.035158127696731496
37.5 0.0634 0.03971507353947688
38.5 0.0506 0.044455422447438706
39.5 0.0354 0.05314940034527339
40.5 0.0293 0.0584206237836986
41.5 0.023600000000000003 0.06509445549041193
42.5 0.0183 0.07392212709545729
43.5 0.0131 0.0873704056661038
44.5 0.0104 0.09805806756909202
45.5 0.0070999999999999995 0.11867816581938533
46.5 0.0052 0.1386750490563073
47.5 0.0036 0.16666666666666666
48.5 0.0038 0.16222142113076254
49.5 0.0028 0.1889822365046136
50.5 0.0018999999999999998 0.2294157338705618
51.5 0.0014 0.2672612419124244
52.5 0.0005 0.4472135954999579
53.5 0.0005 0.4472135954999579
54.5 0.0003 0.5773502691896258
55.5 0.0002 0.7071067811865475
56.5 0.0 inf
57.5 0.0001 1.0
58.5 0.0002 0.7071067811865475
59.5 0.0 inf
60.5 0.0001 1.0
61.5 0.0 inf
62.5 0.0 inf
63.5 0.0 inf
64.5 0.0 inf
65.5 0.0 inf
66.5 0.0 inf
67.5 0.0 inf
68.5 0.0 inf
69.5 0.0 inf
70.5 0.0 inf
71.5 0.0 inf
72.5 0.0 inf
73.5 0.0 inf
74.5 0.0 inf
75.5 0.0 inf
76.5 0.0 inf
77.5 0.0 inf
78.5 0.0 inf
79.5 0.0 inf
80.5 0.0 inf
81.5 0.0 inf
82.5 0.0 inf
83.5 0.0 inf
84.5 0.0 inf
85.5 0.0 inf
86.5 0.0 inf
87.5 0.0 inf
88.5 0.0 inf
89.5 0.0 inf
90.5 0.0 inf
91.5 0.0 inf
92.5 0.0 inf
93.5 0.0 inf
94.5 0.0 inf
95.5 0.0 inf
96.5 0.0 inf
97.5 0.0 inf
