0.5 38.615300000000005 0.0016092380522435097
1.5 20.3537 0.0022165539968570396
2.5 20.6159 0.0022024134496119573
3.5 18.9745 0.002295698390388798
4.5 16.6676 0.0024494211599508453
5.5 14.9967 0.002582272963122025
6.5 13.104600000000001 0.0027624098592890986
7.5 11.7418 0.002918318314498074
8.5 10.4524 0.0030930859579356342
9.5 9.1347 0.0033086654431643213
10.5 8.2179 0.0034883461522005137
11.5 7.1599 0.003737201561627072
12.5 6.404999999999999 0.0039513038984679985
13.5 5.6152999999999995 0.004220010370266226
14.5 4.9301 0.00450372781458939
15.5 4.2953 0.004825065897279648
16.5 3.7794 0.00514385325725978
17.5 3.2537000000000003 0.005543847131543046
18.5 2.8457 0.005927962437324194
19.5 2.434 0.006409729662532915
20.5 2.0492 0.006985666147512159
21.5 1.75 0.0075592894601845435
22.5 1.4895 0.00819369410143323
23.5 1.2649 0.00889143593658907
24.5 1.0514999999999999 0.009752037474421446
25.5 0.8499 0.01084716097799345
26.5 0.7159 0.011818811846019014
27.5 0.5825 0.013102435641608368
28.5 0.4948 0.014216253350904587
29.5 0.4059 0.015696053644933705
30.5 0.3257 0.01752230036644799
31.5 0.2548 0.01981072129375818
32.5 0.2026 0.022216737285146886
33.5 0.1601 0.02499219116020307
34.5 0.12340000000000001 0.028467047115478598
35.5 0.1033 0.031113569564352756
36.5 0.0789 0.03560094272544522
37.5 0.0629 0.039872611141445
38.5 0.051000000000000004 0.044280744277004756
39.5 0.0385 0.050964719143762556
40.5 0.0296 0.05812381937190964
41.5 0.021400000000000002 0.06835859270246632
42.5 0.019299999999999998 0.07198157507486945
43.5 0.0105 0.09759000729485333
44.5 0.0103 0.09853292781642932
45.5 0.0065 0.12403473458920847
46.5 0.0054 0.13608276348795434
47.5 0.004 0.15811388300841897
48.5 0.0034000000000000002 0.17149858514250882
49.5 0.002 0.22360679774997896
50.5 0.0015999999999999999 0.25000000000000006
51.5 0.0006000000000000001 0.40824829046386296
52.5 0.0012000000000000001 0.28867513459481287
53.5 0.0004 0.5
54.5 0.0005 0.4472135954999579
55.5 0.0001 1.0
56.5 0.0002 0.7071067811865475
57.5 0.0002 0.7071067811865475
58.5 0.0002 0.7071067811865475
59.5 0.0001 1.0
60.5 0.0 inf
61.5 0.0 inf
62.5 0.0 inf
63.5 0.0 inf
64.5 0.0 inf
65.5 0.0 inf
66.5 0.0 inf
67.5 0.0 inf
68.5 0.0 inf
69.5 0.0 inf
70.5 0.0 inf
71.5 0.0 inf
72.5 0.0 inf
73.5 0.0 inf
74.5 0.0 inf
75.5 0.0 inf
76.5 0.0 inf
77.5 0.0 inf
78.5 0.0 inf
79.5 0.0 inf
80.5 0.0 inf
81.5 0.0 inf
82.5 0.0 inf
83.5 0.0 inf
84.5 0.0 inf
85.5 0.0 inf
86.5 0.0 inf
87.5 0.0 inf
88.5 0.0 inf
89.5 0.0 inf
90.5 0.0 inf
91.5 0.0 inf
92.5 0.0 inf
93.5 0.0 inf
94.5 0.0 inf
95.5 0.0 inf
96.5 0.0 inf
97.5 0.0 inf
