0.5 38.745000000000005 0.0016065423090395993
1.5 20.4305 0.002212383966096457
2.5 20.7917 0.0021930826540914753
3.5 19.055500000000002 0.0022908139843450573
4.5 16.7994 0.0024397937505058823
5.5 15.0403 0.0025785273990790894
6.5 13.1729 0.0027552391606961574
7.5 11.764700000000001 0.0029154766762919102
8.5 10.5017 0.003085817205102207
9.5 9.261399999999998 0.0032859555105271454
10.5 8.3274 0.003465335494243294
11.5 7.170999999999999 0.0037343080319489894
12.5 6.4018 0.00395229132331669
13.5 5.6495999999999995 0.004207180548497757
14.5 4.9535 0.004493077568677714
15.5 4.2918 0.0048270329378012344
16.5 3.8266999999999998 0.005111964059829135
17.5 3.3311 0.005479061368156861
18.5 2.8054 0.0059703886592794835
19.5 2.3982 0.0064573942207176716
20.5 2.0814 0.0069314201557277
21.5 1.7767 0.007502274471726127
22.5 1.4956 0.008176967502653355
23.5 1.2506 0.008942126057216868
24.5 1.0589 0.009717902240163842
25.5 0.8538 0.010822358713067705
26.5 0.7253000000000001 0.01174197526736341
27.5 0.5796 0.013135173437318345
28.5 0.5085 0.014023438730389044
29.5 0.3992 0.01582722344582296
30.5 0.3161 0.017786387594901105
31.5 0.2596 0.01962671679947149
32.5 0.198 0.022473328748774737
33.5 0.1643 0.02467068557457242
34.5 0.1231 0.028501713717057404
35.5 0.1053 0.030816677568068284
36.5 0.07669999999999999 0.036107907233705945
37.5 0.0628 0.03990434422338111
38.5 0.0501 0.04467670516087703
39.5 0.039 0.05063696835418333
40.5 0.0291 0.05862103817605492
41.5 0.0238 0.06482037235521643
42.5 0.0184 0.07372097807744857
43.5 0.0133 0.086710996952412
44.5 0.0104 0.09805806756909202
45.5 0.007300000000000001 0.11704114719613055
46.5 0.0051 0.14002800840280097
47.5 0.005 0.1414213562373095
48.5 0.0035 0.1690308509457033
49.5 0.0028 0.1889822365046136
50.5 0.0013 0.2773500981126146
51.5 0.0007 0.3779644730092272
52.5 0.0009 0.3333333333333333
53.5 0.00039999999999999996 0.5000000000000001
54.5 0.0005 0.4472135954999579
55.5 0.0001 1.0
56.5 0.0005 0.4472135954999579
57.5 0.0004 0.5
58.5 0.0 inf
59.5 0.0001 1.0
60.5 0.0001 1.0
61.5 0.0 inf
62.5 0.0 inf
63.5 0.0002 0.7071067811865475
64.5 0.0 inf
65.5 0.0 inf
66.5 0.0 inf
67.5 0.0 inf
68.5 0.0 inf
69.5 0.0 inf
70.5 0.0 inf
71.5 0.0 inf
72.5 0.0 inf
73.5 0.0 inf
74.5 0.0 inf
75.5 0.0 inf
76.5 0.0 inf
77.5 0.0 inf
78.5 0.0 inf
79.5 0.0 inf
80.5 0.0 inf
81.5 0.0 inf
82.5 0.0 inf
83.5 0.0 inf
84.5 0.0 inf
85.5 0.0 inf
86.5 0.0 inf
87.5 0.0 inf
88.5 0.0 inf
89.5 0.0 inf
90.5 0.0 inf
91.5 0.0 inf
92.5 0.0 inf
93.5 0.0 inf
94.5 0.0 inf
95.5 0.0 inf
96.5 0.0 inf
97.5 0.0 inf
