0.5 56.494 0.0013304508557593373
1.5 28.4458 0.0018749553238624414
2.5 27.5682 0.0019045649803322944
3.5 24.445 0.0020225766036952725
4.5 20.9827 0.0021830783079834883
5.5 18.4118 0.002330514855716785
6.5 15.805399999999999 0.0025153432267197738
7.5 13.7563 0.0026961818498370876
8.5 12.2095 0.00286187763276374
9.5 10.537099999999999 0.003080629353070138
10.5 9.3399 0.0032721174717541494
11.5 8.086400000000001 0.0035165952883213733
12.5 7.180400000000001 0.003731862904145204
13.5 6.274900000000001 0.003992055729614728
14.5 5.4936 0.004266497375409482
15.5 4.7158 0.004604922345661903
16.5 4.1073 0.004934257244368162
17.5 3.5663 0.005295306017759501
18.5 3.0599999999999996 0.005716619504750295
19.5 2.6208 0.006177077638842511
20.5 2.2462 0.006672303437211378
21.5 1.8837 0.007286083283132903
22.5 1.5878 0.007936008077717549
23.5 1.3378999999999999 0.00864546134071838
24.5 1.1118000000000001 0.009483893429101983
25.5 0.9121 0.010470773667453824
26.5 0.7656000000000001 0.01142875802206236
27.5 0.6192 0.012708214194383723
28.5 0.5212 0.013851531579263273
29.5 0.41659999999999997 0.015493172888242845
30.5 0.3332 0.017323973216880926
31.5 0.2643 0.019451424796105867
32.5 0.2164 0.02149667901961739
33.5 0.1736 0.024000768036865964
34.5 0.1402 0.026707054531881675
35.5 0.1132 0.0297219149138882
36.5 0.07999999999999999 0.03535533905932738
37.5 0.068 0.03834824944236852
38.5 0.0498 0.04481107149482209
39.5 0.0394 0.05037927218598784
40.5 0.0286 0.05913123959890826
41.5 0.0221 0.06726727939963124
42.5 0.0177 0.07516460280028289
43.5 0.013300000000000001 0.086710996952412
44.5 0.01 0.1
45.5 0.0086 0.10783277320343841
46.5 0.0051 0.14002800840280097
47.5 0.0037999999999999996 0.16222142113076254
48.5 0.0036 0.16666666666666666
49.5 0.0026 0.19611613513818404
50.5 0.0014 0.2672612419124244
51.5 0.0011 0.30151134457776363
52.5 0.0009 0.3333333333333333
53.5 0.0006000000000000001 0.40824829046386296
54.5 0.0004 0.5
55.5 0.0007 0.3779644730092272
56.5 0.00030000000000000003 0.5773502691896257
57.5 0.0 inf
58.5 0.0002 0.7071067811865475
59.5 0.0 inf
60.5 0.0 inf
61.5 0.0002 0.7071067811865475
62.5 0.0 inf
63.5 0.0 inf
64.5 0.0 inf
65.5 0.0 inf
66.5 0.0 inf
67.5 0.0 inf
68.5 0.0 inf
69.5 0.0 inf
70.5 0.0 inf
71.5 0.0 inf
72.5 0.0 inf
73.5 0.0 inf
74.5 0.0 inf
75.5 0.0 inf
76.5 0.0 inf
77.5 0.0 inf
78.5 0.0 inf
79.5 0.0 inf
80.5 0.0 inf
81.5 0.0 inf
82.5 0.0 inf
83.5 0.0 inf
84.5 0.0 inf
85.5 0.0 inf
86.5 0.0 inf
87.5 0.0 inf
88.5 0.0 inf
89.5 0.0 inf
90.5 0.0 inf
91.5 0.0 inf
92.5 0.0 inf
93.5 0.0 inf
94.5 0.0 inf
95.5 0.0 inf
96.5 0.0 inf
97.5 0.0 inf
