0.5 38.4822 0.0016120186195931888
1.5 20.2584 0.0022217614602156534
2.5 20.622799999999998 0.002202044975783394
3.5 18.8177 0.0023052430944488387
4.5 16.6533 0.0024504725793857767
5.5 14.9489 0.0025863981540812614
6.5 13.1689 0.002755657575289522
7.5 11.6593 0.002928624973589454
8.5 10.3626 0.0031064590478226367
9.5 9.089 0.00331697309081667
10.5 8.187899999999999 0.0034947308602153878
11.5 7.1181 0.0037481585837765494
12.5 6.4364 0.003941653889706801
13.5 5.572900000000001 0.004236033391969522
14.5 4.94 0.0044992127066584755
15.5 4.2676 0.0048406997601742165
16.5 3.7664 0.00515272279979108
17.5 3.2608 0.005537808312215757
18.5 2.7997 0.005976463222921004
19.5 2.3902 0.006468191643559483
20.5 2.058 0.006970714806775237
21.5 1.7614999999999998 0.007534573542491668
22.5 1.4828999999999999 0.008211907852333965
23.5 1.2481 0.008951077315796816
24.5 1.0438 0.00978794124574906
25.5 0.8601000000000001 0.010782650440285157
26.5 0.7167 0.011812213764920814
27.5 0.5764 0.013171584244345806
28.5 0.4944 0.014222003099714357
29.5 0.3959 0.01589304997902437
30.5 0.3282 0.017455436425840954
31.5 0.2579 0.01969129728669193
32.5 0.20579999999999998 0.022043335708870276
33.5 0.1639 0.024700771787671945
34.5 0.1366 0.027056689037447044
35.5 0.0968 0.03214121732666125
36.5 0.07880000000000001 0.03562352499395482
37.5 0.0656 0.03904344047215152
38.5 0.044700000000000004 0.04729837698404021
39.5 0.038900000000000004 0.05070201265633938
40.5 0.0281 0.05965499862718936
41.5 0.0235 0.06523280730534423
42.5 0.0171 0.07647191129018725
43.5 0.0115 0.09325048082403138
44.5 0.0102 0.09901475429766741
45.5 0.007 0.11952286093343936
46.5 0.006500000000000001 0.12403473458920847
47.5 0.0037 0.1643989873053573
48.5 0.0021 0.2182178902359924
49.5 0.0025 0.2
50.5 0.0021999999999999997 0.21320071635561047
51.5 0.001 0.31622776601683794
52.5 0.0009 0.3333333333333333
53.5 0.001 0.31622776601683794
54.5 0.0002 0.7071067811865475
55.5 0.00030000000000000003 0.5773502691896257
56.5 0.0004 0.5
57.5 0.0 inf
58.5 0.0001 1.0
59.5 0.0 inf
60.5 0.0 inf
61.5 0.0 inf
62.5 0.0001 1.0
63.5 0.0 inf
64.5 0.0 inf
65.5 0.0 inf
66.5 0.0 inf
67.5 0.0 inf
68.5 0.0 inf
69.5 0.0 inf
70.5 0.0 inf
71.5 0.0 inf
72.5 0.0 inf
73.5 0.0 inf
74.5 0.0 inf
75.5 0.0 inf
76.5 0.0 inf
77.5 0.0 inf
78.5 0.0 inf
79.5 0.0 inf
80.5 0.0 inf
81.5 0.0 inf
82.5 0.0 inf
83.5 0.0 inf
84.5 0.0 inf
85.5 0.0 inf
86.5 0.0 inf
87.5 0.0 inf
88.5 0.0 inf
89.5 0.0 inf
90.5 0.0 inf
91.5 0.0 inf
92.5 0.0 inf
93.5 0.0 inf
94.5 0.0 inf
95.5 0.0 inf
96.5 0.0 inf
97.5 0.0 inf
