0.5 41.0214 0.001561330202940195
1.5 21.759999999999998 0.0021437323142813607
2.5 21.9944 0.002132278561735854
3.5 20.156599999999997 0.0022273648472813023
4.5 17.721400000000003 0.002375477853162735
5.5 15.8735 0.0025099418032815814
6.5 13.8953 0.0026826624859323995
7.5 12.358 0.0028446307773749707
8.5 11.0244 0.00301177496385945
9.5 9.6776 0.003214520251615312
10.5 8.6202 0.0034059740042206004
11.5 7.5417000000000005 0.003641374726978353
12.5 6.7148 0.0038590771333263923
13.5 5.866099999999999 0.00412881352696523
14.5 5.1866 0.0043909513179111615
15.5 4.4432 0.004744080708050197
16.5 3.9801 0.005012484100660609
17.5 3.4023 0.005421428037168993
18.5 2.9151 0.005856973664765749
19.5 2.5215 0.006297533896272223
20.5 2.1553 0.006811552927387827
21.5 1.8157 0.007421265230231825
22.5 1.5263 0.008094314001253457
23.5 1.3242 0.008690068668324917
24.5 1.0916000000000001 0.009571240664425778
25.5 0.8703000000000001 0.010719277356405524
26.5 0.7449 0.01158646656857201
27.5 0.5952 0.012961896184130316
28.5 0.5014 0.014122378114958499
29.5 0.4114 0.015590780467500804
30.5 0.34140000000000004 0.01711465865025371
31.5 0.2626 0.019514284806274117
32.5 0.2077 0.02194227995205747
33.5 0.1674 0.024441185836892216
34.5 0.1357 0.027146264489895156
35.5 0.1091 0.03027524209883363
36.5 0.088 0.033709993123162106
37.5 0.0622 0.04009634698823127
38.5 0.0482 0.04554875186742769
39.5 0.0407 0.04956815970966096
40.5 0.0316 0.056254395046301184
41.5 0.022 0.06741998624632421
42.5 0.0194 0.07179581586177382
43.5 0.0135 0.08606629658238704
44.5 0.0095 0.10259783520851541
45.5 0.0073 0.11704114719613057
46.5 0.0056 0.1336306209562122
47.5 0.004399999999999999 0.15075567228888184
48.5 0.0037 0.1643989873053573
49.5 0.0025 0.2
50.5 0.0019 0.22941573387056174
51.5 0.0013 0.2773500981126146
52.5 0.00039999999999999996 0.5000000000000001
53.5 0.0013 0.2773500981126146
54.5 0.0004 0.5
55.5 0.0005 0.4472135954999579
56.5 0.0002 0.7071067811865475
57.5 0.0002 0.7071067811865475
58.5 0.0001 1.0
59.5 0.0001 1.0
60.5 0.0 inf
61.5 0.0 inf
62.5 0.0 inf
63.5 0.0002 0.7071067811865475
64.5 0.0 inf
65.5 0.0 inf
66.5 0.0 inf
67.5 0.0 inf
68.5 0.0 inf
69.5 0.0 inf
70.5 0.0 inf
71.5 0.0 inf
72.5 0.0 inf
73.5 0.0 inf
74.5 0.0 inf
75.5 0.0 inf
76.5 0.0 inf
77.5 0.0 inf
78.5 0.0 inf
79.5 0.0 inf
80.5 0.0 inf
81.5 0.0 inf
82.5 0.0 inf
83.5 0.0 inf
84.5 0.0 inf
85.5 0.0 inf
86.5 0.0 inf
87.5 0.0 inf
88.5 0.0 inf
89.5 0.0 inf
90.5 0.0 inf
91.5 0.0 inf
92.5 0.0 inf
93.5 0.0 inf
94.5 0.0 inf
95.5 0.0 inf
96.5 0.0 inf
97.5 0.0 inf
