0.5 38.4794 0.00161207726876687
1.5 20.2803 0.002220561534210675
2.5 20.5721 0.0022047567791083074
3.5 18.777099999999997 0.002307733956521198
4.5 16.6354 0.0024517906019773696
5.5 14.987300000000001 0.0025830826340099327
6.5 13.101600000000001 0.002762726109030749
7.5 11.6007 0.0029360125123254893
8.5 10.4004 0.0031008087343663755
9.5 9.0899 0.0033168088783567325
10.5 8.1432 0.003504309446093167
11.5 7.2183 0.0037220528554389723
12.5 6.3889 0.003956279400133262
13.5 5.5928 0.0042284904632467315
14.5 4.9323 0.004502723282596149
15.5 4.2661 0.0048415507026614395
16.5 3.7798999999999996 0.005143513035073084
17.5 3.2544 0.005543250876981161
18.5 2.8247999999999998 0.0059498517910378055
19.5 2.4073 0.006445177644998371
20.5 2.0826000000000002 0.006929422916050529
21.5 1.7469000000000001 0.007565993739278959
22.5 1.4751 0.00823359059589065
23.5 1.2378 0.008988242081642535
24.5 1.0477 0.009769706750532984
25.5 0.8461000000000001 0.010871492046706063
26.5 0.7063999999999999 0.011898018906823724
27.5 0.5891 0.013028832135451885
28.5 0.49140000000000006 0.014265349750363764
29.5 0.3956 0.015899075018722335
30.5 0.3175 0.017747130188322274
31.5 0.2565 0.019744962591969745
32.5 0.2005 0.022332781224177665
33.5 0.1646 0.024648192922358196
34.5 0.1257 0.028205406366325913
35.5 0.1085 0.030358837035945812
36.5 0.07869999999999999 0.035646150289975954
37.5 0.0624 0.04003203845127178
38.5 0.0497 0.04485613040162566
39.5 0.0357 0.05292561240249631
40.5 0.0295 0.0582222509739582
41.5 0.0202 0.07035975447302918
42.5 0.015099999999999999 0.08137884587711594
43.5 0.0133 0.086710996952412
44.5 0.009899999999999999 0.10050378152592121
45.5 0.0083 0.10976425998969035
46.5 0.0065 0.12403473458920847
47.5 0.0051 0.14002800840280097
48.5 0.0036 0.16666666666666666
49.5 0.0022 0.21320071635561041
50.5 0.0015999999999999999 0.25000000000000006
51.5 0.0007 0.3779644730092272
52.5 0.0007999999999999999 0.3535533905932738
53.5 0.0005 0.4472135954999579
54.5 0.0005 0.4472135954999579
55.5 0.0004 0.5
56.5 0.0003 0.5773502691896258
57.5 0.0003 0.5773502691896258
58.5 0.0 inf
59.5 0.0001 1.0
60.5 0.0001 1.0
61.5 0.0 inf
62.5 0.0 inf
63.5 0.0 inf
64.5 0.0001 1.0
65.5 0.0 inf
66.5 0.0 inf
67.5 0.0001 1.0
68.5 0.0 inf
69.5 0.0 inf
70.5 0.0 inf
71.5 0.0 inf
72.5 0.0 inf
73.5 0.0 inf
74.5 0.0 inf
75.5 0.0 inf
76.5 0.0 inf
77.5 0.0 inf
78.5 0.0 inf
79.5 0.0 inf
80.5 0.0 inf
81.5 0.0 inf
82.5 0.0 inf
83.5 0.0 inf
84.5 0.0 inf
85.5 0.0 inf
86.5 0.0 inf
87.5 0.0 inf
88.5 0.0 inf
89.5 0.0 inf
90.5 0.0 inf
91.5 0.0 inf
92.5 0.0 inf
93.5 0.0 inf
94.5 0.0 inf
95.5 0.0 inf
96.5 0.0 inf
97.5 0.0 inf
