0.5 40.013 0.001580881957635265
1.5 21.2257 0.0021705459747623154
2.5 21.4917 0.00215707186929583
3.5 19.6935 0.002253401329993236
4.5 17.366 0.0023996621513519604
5.5 15.5485 0.002536037966598503
6.5 13.6675 0.0027049264379899306
7.5 12.165 0.002867107279341601
8.5 10.8384 0.003037507874749373
9.5 9.437899999999999 0.0032550848538848787
10.5 8.4849 0.0034330223899686823
11.5 7.4274000000000004 0.0036692862490411665
12.5 6.6154 0.003887961408722034
13.5 5.7847 0.004157761558155722
14.5 5.1297 0.004415236959266854
15.5 4.4434000000000005 0.004743973939942606
16.5 3.8907999999999996 0.005069679988578571
17.5 3.3818 0.005437835180647674
18.5 2.872 0.005900757705937287
19.5 2.4604 0.006375248838787578
20.5 2.1468 0.006825024373911818
21.5 1.8256999999999999 0.007400912884896306
22.5 1.5207 0.008109204020542403
23.5 1.2906 0.008802462216997438
24.5 1.0653000000000001 0.009688667157307242
25.5 0.8926000000000001 0.010584529526266352
26.5 0.7169000000000001 0.011810565970567406
27.5 0.586 0.013063248606829104
28.5 0.5175 0.013900960937138317
29.5 0.4103 0.015611665648287395
30.5 0.3292 0.017428904359393746
31.5 0.26330000000000003 0.019488327551336875
32.5 0.2108 0.021780342093451605
33.5 0.1709 0.024189615691742994
34.5 0.1259 0.028182994438777077
35.5 0.1022 0.031280562354492725
36.5 0.0802 0.03531122757732244
37.5 0.0635 0.03968378950662725
38.5 0.0523 0.04372694694466261
39.5 0.0403 0.04981354813867179
40.5 0.0326 0.05538487756217114
41.5 0.023 0.0659380473395787
42.5 0.0165 0.0778498944161523
43.5 0.0126 0.0890870806374748
44.5 0.0108 0.09622504486493763
45.5 0.0069 0.1203858530857692
46.5 0.0046 0.14744195615489714
47.5 0.0040999999999999995 0.15617376188860607
48.5 0.0043 0.15249857033260467
49.5 0.0018999999999999998 0.2294157338705618
50.5 0.0018 0.23570226039551587
51.5 0.0021 0.2182178902359924
52.5 0.0010999999999999998 0.3015113445777637
53.5 0.001 0.31622776601683794
54.5 0.0004 0.5
55.5 0.0003 0.5773502691896258
56.5 0.0001 1.0
57.5 0.00030000000000000003 0.5773502691896257
58.5 0.0001 1.0
59.5 0.0001 1.0
60.5 0.0 inf
61.5 0.0001 1.0
62.5 0.0 inf
63.5 0.0001 1.0
64.5 0.0001 1.0
65.5 0.0 inf
66.5 0.0 inf
67.5 0.0 inf
68.5 0.0 inf
69.5 0.0 inf
70.5 0.0 inf
71.5 0.0 inf
72.5 0.0 inf
73.5 0.0 inf
74.5 0.0 inf
75.5 0.0 inf
76.5 0.0 inf
77.5 0.0 inf
78.5 0.0 inf
79.5 0.0 inf
80.5 0.0 inf
81.5 0.0 inf
82.5 0.0 inf
83.5 0.0 inf
84.5 0.0 inf
85.5 0.0 inf
86.5 0.0 inf
87.5 0.0 inf
88.5 0.0 inf
89.5 0.0 inf
90.5 0.0 inf
91.5 0.0 inf
92.5 0.0 inf
93.5 0.0 inf
94.5 0.0 inf
95.5 0.0 inf
96.5 0.0 inf
97.5 0.0 inf
