0.5 38.664500000000004 0.0016082138606038283
1.5 20.328 0.0022179547112466664
2.5 20.6652 0.002199784783584646
3.5 18.991 0.0022947008848690723
4.5 16.7476 0.002443563954695653
5.5 14.989999999999998 0.002582849991008131
6.5 13.2171 0.002750628332468291
7.5 11.738900000000001 0.002918678765668546
8.5 10.4871 0.003087964474679995
9.5 9.1401 0.0033076879137547725
10.5 8.213000000000001 0.0034893865970705936
11.5 7.2104 0.003724091311548246
12.5 6.3751 0.003960559108819816
13.5 5.6251 0.004216332735211207
14.5 4.9414 0.004498575301873973
15.5 4.2992 0.004822876882283006
16.5 3.7753 0.005146645628137298
17.5 3.2912 0.005512173296280294
18.5 2.8047 0.005971133660764
19.5 2.4307999999999996 0.006413947284086531
20.5 2.0695 0.00695132005067871
21.5 1.7635 0.007530299819208233
22.5 1.4775 0.008226900697897272
23.5 1.2364 0.008993329423434254
24.5 1.0375999999999999 0.009817140769658323
25.5 0.8615 0.010773885583343253
26.5 0.7268 0.011729852221214703
27.5 0.5865 0.013057679112392698
28.5 0.5076 0.014035865351108647
29.5 0.4 0.015811388300841896
30.5 0.3164 0.017777953363369448
31.5 0.2659 0.019392813966684824
32.5 0.2032 0.022183912735402846
33.5 0.1567 0.02526187034191383
34.5 0.1245 0.028341010063256785
35.5 0.1001 0.0316069770620507
36.5 0.0834 0.03462716805322218
37.5 0.0658 0.038984058779272523
38.5 0.0484 0.045454545454545456
39.5 0.0376 0.05157106231293967
40.5 0.0298 0.057928444636349226
41.5 0.0222 0.06711560552140243
42.5 0.0154 0.08058229640253803
43.5 0.014100000000000001 0.0842151921066519
44.5 0.010100000000000001 0.0995037190209989
45.5 0.0083 0.10976425998969035
46.5 0.0058 0.13130643285972257
47.5 0.0037 0.1643989873053573
48.5 0.0024999999999999996 0.2
49.5 0.0025 0.2
50.5 0.0016 0.25
51.5 0.0018 0.23570226039551587
52.5 0.0015 0.2581988897471611
53.5 0.0006000000000000001 0.40824829046386296
54.5 0.0005 0.4472135954999579
55.5 0.0003 0.5773502691896258
56.5 0.00030000000000000003 0.5773502691896257
57.5 0.00030000000000000003 0.5773502691896257
58.5 0.0 inf
59.5 0.0002 0.7071067811865475
60.5 0.0 inf
61.5 0.0 inf
62.5 0.0 inf
63.5 0.0 inf
64.5 0.0 inf
65.5 0.0 inf
66.5 0.0 inf
67.5 0.0 inf
68.5 0.0 inf
69.5 0.0 inf
70.5 0.0 inf
71.5 0.0 inf
72.5 0.0 inf
73.5 0.0 inf
74.5 0.0 inf
75.5 0.0 inf
76.5 0.0 inf
77.5 0.0 inf
78.5 0.0 inf
79.5 0.0 inf
80.5 0.0 inf
81.5 0.0 inf
82.5 0.0 inf
83.5 0.0 inf
84.5 0.0 inf
85.5 0.0 inf
86.5 0.0 inf
87.5 0.0 inf
88.5 0.0 inf
89.5 0.0 inf
90.5 0.0 inf
91.5 0.0 inf
92.5 0.0 inf
93.5 0.0 inf
94.5 0.0 inf
95.5 0.0 inf
96.5 0.0 inf
97.5 0.0 inf
