0.5 40266.0 0.0049834574603458935
1.5 17950.0 0.00746393370862076
2.5 15943.0 0.007919813905567133
3.5 12665.0 0.00888581777889262
4.5 9738.0 0.01013363167184136
5.5 7662.0 0.011424282299148578
6.5 5920.0 0.01299688112275091
7.5 4599.0 0.014745798506793625
8.5 3737.0 0.01635831064016904
9.5 2984.0 0.01830630064845531
10.5 2443.0 0.02023197438601293
11.5 1915.0 0.022851547244951503
12.5 1546.0 0.02543286319707309
13.5 1270.0 0.028060676663315687
14.5 971.0 0.032091527190284
15.5 798.0 0.03539961627023943
16.5 684.0 0.038235955645093626
17.5 484.0 0.045454545454545456
18.5 438.0 0.04778184825674966
19.5 351.0 0.05337605126836238
20.5 265.0 0.06142951168339512
21.5 208.0 0.06933752452815364
22.5 180.0 0.07453559924999299
23.5 136.0 0.08574929257125441
24.5 79.0 0.1125087900926024
25.5 83.0 0.10976425998969035
26.5 68.0 0.12126781251816648
27.5 48.0 0.14433756729740646
28.5 42.0 0.1543033499620919
29.5 31.0 0.1796053020267749
30.5 26.0 0.19611613513818404
31.5 10.0 0.31622776601683794
32.5 19.0 0.22941573387056174
33.5 10.0 0.31622776601683794
34.5 3.0 0.5773502691896258
35.5 2.0 0.7071067811865475
36.5 1.0 1.0
37.5 3.0 0.5773502691896258
38.5 1.0 1.0
39.5 1.0 1.0
40.5 3.0 0.5773502691896258
41.5 1.0 1.0
42.5 0.0 inf
43.5 0.0 inf
44.5 0.0 inf
45.5 0.0 inf
46.5 0.0 inf
47.5 0.0 inf
48.5 0.0 inf
49.5 0.0 inf
50.5 0.0 inf
51.5 0.0 inf
52.5 0.0 inf
53.5 0.0 inf
54.5 0.0 inf
55.5 0.0 inf
56.5 0.0 inf
57.5 0.0 inf
58.5 0.0 inf
59.5 0.0 inf
60.5 0.0 inf
61.5 0.0 inf
62.5 0.0 inf
63.5 0.0 inf
64.5 0.0 inf
65.5 0.0 inf
66.5 0.0 inf
67.5 0.0 inf
68.5 0.0 inf
69.5 0.0 inf
70.5 0.0 inf
71.5 0.0 inf
72.5 0.0 inf
73.5 0.0 inf
74.5 0.0 inf
75.5 0.0 inf
76.5 0.0 inf
77.5 0.0 inf
78.5 0.0 inf
79.5 0.0 inf
80.5 0.0 inf
81.5 0.0 inf
82.5 0.0 inf
83.5 0.0 inf
84.5 0.0 inf
85.5 0.0 inf
86.5 0.0 inf
87.5 0.0 inf
88.5 0.0 inf
89.5 0.0 inf
90.5 0.0 inf
91.5 0.0 inf
92.5 0.0 inf
93.5 0.0 inf
94.5 0.0 inf
95.5 0.0 inf
96.5 0.0 inf
97.5 0.0 inf
