0.5 51.3901 0.0013949552271718953
1.5 27.7783 0.0018973487611064974
2.5 28.1419 0.0018850518148721648
3.5 25.9465 0.0019631822039502013
4.5 22.9824 0.0020859423930073284
5.5 20.6371 0.0022012819155670916
6.5 18.0954 0.0023508012131893906
7.5 16.130200000000002 0.0024898897872188156
8.5 14.467500000000001 0.0026290766890836635
9.5 12.5821 0.00281918407648499
10.5 11.3168 0.0029726116782137634
11.5 9.9827 0.0031650165846116665
12.5 8.8858 0.003354684893396108
13.5 7.776999999999999 0.0035858651257420237
14.5 6.8324 0.0038257215560912085
15.5 5.914 0.004112059024589895
16.5 5.2488 0.004364856673991034
17.5 4.5282 0.004699343594536717
18.5 3.8924000000000003 0.005068637916627464
19.5 3.341 0.005470937610302973
20.5 2.8963 0.005875951843575458
21.5 2.459 0.006377063413483137
22.5 2.039 0.007003117080805822
23.5 1.7597 0.007538426121323788
24.5 1.4863 0.008202509859858535
25.5 1.1812 0.009201068858241465
26.5 0.9986999999999999 0.010006506344373445
27.5 0.7903 0.0112487433746415
28.5 0.6914 0.012026390804736711
29.5 0.5494 0.013491358179982834
30.5 0.4271 0.015301542549749012
31.5 0.3526 0.016840649846061848
32.5 0.2928 0.01848053177386432
33.5 0.228 0.020942695414584774
34.5 0.1787 0.023655804575095973
35.5 0.1372 0.02699746235780194
36.5 0.1091 0.03027524209883363
37.5 0.0892 0.033482476509121256
38.5 0.072 0.037267799624996496
39.5 0.0557 0.042371359860703575
40.5 0.0402 0.049875466805381644
41.5 0.0329 0.055131784641997125
42.5 0.0234 0.06537204504606134
43.5 0.0149 0.08192319205190406
44.5 0.014000000000000002 0.08451542547285164
45.5 0.0106 0.09712858623572641
46.5 0.007600000000000001 0.11470786693528087
47.5 0.0057 0.13245323570650439
48.5 0.0038000000000000004 0.16222142113076252
49.5 0.0034000000000000002 0.17149858514250882
50.5 0.0028 0.1889822365046136
51.5 0.0015999999999999999 0.25000000000000006
52.5 0.0012 0.2886751345948129
53.5 0.0018 0.23570226039551587
54.5 0.0009 0.3333333333333333
55.5 0.0003 0.5773502691896258
56.5 0.0004 0.5
57.5 0.0001 1.0
58.5 0.0 inf
59.5 0.0003 0.5773502691896258
60.5 0.0001 1.0
61.5 0.0 inf
62.5 0.0001 1.0
63.5 0.0 inf
64.5 0.0 inf
65.5 0.0 inf
66.5 0.0 inf
67.5 0.0 inf
68.5 0.0 inf
69.5 0.0 inf
70.5 0.0 inf
71.5 0.0 inf
72.5 0.0 inf
73.5 0.0 inf
74.5 0.0 inf
75.5 0.0 inf
76.5 0.0 inf
77.5 0.0 inf
78.5 0.0 inf
79.5 0.0 inf
80.5 0.0 inf
81.5 0.0 inf
82.5 0.0 inf
83.5 0.0 inf
84.5 0.0 inf
85.5 0.0 inf
86.5 0.0 inf
87.5 0.0 inf
88.5 0.0 inf
89.5 0.0 inf
90.5 0.0 inf
91.5 0.0 inf
92.5 0.0 inf
93.5 0.0 inf
94.5 0.0 inf
95.5 0.0 inf
96.5 0.0 inf
97.5 0.0 inf
