0.5 39.2095 0.0015969979104453835
1.5 20.7743 0.0021940008956483925
2.5 21.0163 0.00218133250181342
3.5 19.3301 0.0022744843326379547
4.5 16.9951 0.002425705862579162
5.5 15.298 0.002556717073977005
6.5 13.419899999999998 0.0027297656226947693
7.5 11.929400000000001 0.002895280861150102
8.5 10.660900000000002 0.003062690173840466
9.5 9.3583 0.003268899120938505
10.5 8.357299999999999 0.0034591309561606523
11.5 7.3173 0.003696788202363406
12.5 6.509399999999999 0.00391948963415221
13.5 5.7625 0.004165762736367134
14.5 5.0639 0.00444383003140893
15.5 4.3797 0.0047783484705480606
16.5 3.8385 0.005104100622823195
17.5 3.3698 0.005447508756570942
18.5 2.8777999999999997 0.005894808429354778
19.5 2.4577999999999998 0.006378619997066017
20.5 2.1247 0.006860427688277162
21.5 1.8094000000000001 0.007434173748097406
22.5 1.5402 0.008057706429550381
23.5 1.2671000000000001 0.008883713713719535
24.5 1.0539 0.009740927203113392
25.5 0.8685 0.010730379666327507
26.5 0.7402 0.011623193278701668
27.5 0.5718 0.013224459304238939
28.5 0.5143 0.013944140108300213
29.5 0.4147 0.015528624284612432
30.5 0.3248 0.01754656015858991
31.5 0.25539999999999996 0.019787437382135127
32.5 0.2025 0.022222222222222223
33.5 0.1676 0.024426598437301574
34.5 0.12440000000000001 0.028352398856187136
35.5 0.1036 0.031068488300060003
36.5 0.0821 0.0349002406379888
37.5 0.0693 0.037986858819879316
38.5 0.0532 0.043355498476206
39.5 0.038900000000000004 0.05070201265633938
40.5 0.0269 0.06097107608496923
41.5 0.0223 0.06696495301824251
42.5 0.0175 0.07559289460184544
43.5 0.0133 0.086710996952412
44.5 0.0086 0.10783277320343841
45.5 0.0070999999999999995 0.11867816581938533
46.5 0.0063999999999999994 0.12500000000000003
47.5 0.0046 0.14744195615489714
48.5 0.004 0.15811388300841897
49.5 0.0021 0.2182178902359924
50.5 0.0019000000000000002 0.22941573387056174
51.5 0.0014 0.2672612419124244
52.5 0.0007999999999999999 0.3535533905932738
53.5 0.0007 0.3779644730092272
54.5 0.0002 0.7071067811865475
55.5 0.00030000000000000003 0.5773502691896257
56.5 0.00030000000000000003 0.5773502691896257
57.5 0.0004 0.5
58.5 0.00030000000000000003 0.5773502691896257
59.5 0.0 inf
60.5 0.0002 0.7071067811865475
61.5 0.0 inf
62.5 0.0 inf
63.5 0.0001 1.0
64.5 0.0 inf
65.5 0.0 inf
66.5 0.0 inf
67.5 0.0 inf
68.5 0.0 inf
69.5 0.0 inf
70.5 0.0 inf
71.5 0.0 inf
72.5 0.0 inf
73.5 0.0 inf
74.5 0.0 inf
75.5 0.0 inf
76.5 0.0 inf
77.5 0.0 inf
78.5 0.0 inf
79.5 0.0 inf
80.5 0.0 inf
81.5 0.0 inf
82.5 0.0 inf
83.5 0.0 inf
84.5 0.0 inf
85.5 0.0 inf
86.5 0.0 inf
87.5 0.0 inf
88.5 0.0 inf
89.5 0.0 inf
90.5 0.0 inf
91.5 0.0 inf
92.5 0.0 inf
93.5 0.0 inf
94.5 0.0 inf
95.5 0.0 inf
96.5 0.0 inf
97.5 0.0 inf
