0.5 47.0184 0.0014583644758239254
1.5 25.275199999999998 0.001989082056308033
2.5 25.7671 0.0019700045468742417
3.5 23.579 0.0020593838792015593
4.5 20.854100000000003 0.002189799105986624
5.5 18.7018 0.002312375162209185
6.5 16.4652 0.002464430044840016
7.5 14.651399999999999 0.002612524893806977
8.5 13.1508 0.002757553287026476
9.5 11.483899999999998 0.002950905480412598
10.5 10.2972 0.003116308368934211
11.5 9.0397 0.003326005714794493
12.5 8.0777 0.0035184885342703963
13.5 7.0743 0.003759743900983286
14.5 6.214700000000001 0.004011344076188013
15.5 5.4171 0.004296517386978195
16.5 4.8079 0.00456060319243147
17.5 4.1608 0.004902432013421693
18.5 3.5234 0.005327445615814836
19.5 3.0242 0.0057503561737161065
20.5 2.6028000000000002 0.006198400027546681
21.5 2.232 0.006693494407520824
22.5 1.8677000000000001 0.007317225523830779
23.5 1.6027 0.007899032151389361
24.5 1.3277999999999999 0.008678280190817875
25.5 1.086 0.009595886165829117
26.5 0.9132 0.010464465453701525
27.5 0.7352000000000001 0.011662650223191521
28.5 0.6163000000000001 0.012738078358708368
29.5 0.5031 0.014098497814593786
30.5 0.3966 0.015879018148092575
31.5 0.32289999999999996 0.01759810795314385
32.5 0.2623 0.019525441139613995
33.5 0.2012 0.02229389810338549
34.5 0.1572 0.025221663615265913
35.5 0.1339 0.02732811719720984
36.5 0.09770000000000001 0.031992834407549194
37.5 0.0821 0.0349002406379888
38.5 0.0635 0.03968378950662725
39.5 0.044800000000000006 0.0472455591261534
40.5 0.035699999999999996 0.052925612402496325
41.5 0.0308 0.05698028822981897
42.5 0.0188 0.07293249574894728
43.5 0.014499999999999999 0.08304547985373997
44.5 0.0114 0.0936585811581694
45.5 0.0095 0.10259783520851541
46.5 0.0078 0.11322770341445956
47.5 0.0053 0.13736056394868904
48.5 0.0042 0.1543033499620919
49.5 0.0023 0.20851441405707477
50.5 0.0026 0.19611613513818404
51.5 0.0016 0.25
52.5 0.0012 0.2886751345948129
53.5 0.0006000000000000001 0.40824829046386296
54.5 0.0006000000000000001 0.40824829046386296
55.5 0.0007 0.3779644730092272
56.5 0.00030000000000000003 0.5773502691896257
57.5 0.0002 0.7071067811865475
58.5 0.0005 0.4472135954999579
59.5 0.0002 0.7071067811865475
60.5 0.0001 1.0
61.5 0.0 inf
62.5 0.0 inf
63.5 0.0 inf
64.5 0.0 inf
65.5 0.0 inf
66.5 0.0 inf
67.5 0.0 inf
68.5 0.0 inf
69.5 0.0 inf
70.5 0.0 inf
71.5 0.0 inf
72.5 0.0 inf
73.5 0.0 inf
74.5 0.0 inf
75.5 0.0 inf
76.5 0.0 inf
77.5 0.0 inf
78.5 0.0 inf
79.5 0.0 inf
80.5 0.0 inf
81.5 0.0 inf
82.5 0.0 inf
83.5 0.0 inf
84.5 0.0 inf
85.5 0.0 inf
86.5 0.0 inf
87.5 0.0 inf
88.5 0.0 inf
89.5 0.0 inf
90.5 0.0 inf
91.5 0.0 inf
92.5 0.0 inf
93.5 0.0 inf
94.5 0.0 inf
95.5 0.0 inf
96.5 0.0 inf
97.5 0.0 inf
