0.5 38.5527 0.0016105440235729869
1.5 20.3851 0.002214846214751156
2.5 20.5572 0.0022055556458199644
3.5 18.923099999999998 0.0022988141292761524
4.5 16.6284 0.002452306608579952
5.5 14.961500000000001 0.0025853088421522413
6.5 13.143799999999999 0.0027582874850383974
7.5 11.6784 0.002926229113419265
8.5 10.404399999999999 0.0031002126198724565
9.5 9.134599999999999 0.0033086835537350524
10.5 8.2031 0.00349149156414803
11.5 7.1371 0.0037431661868317315
12.5 6.4269 0.003944566015651028
13.5 5.6073 0.004223019666190179
14.5 4.9299 0.004503819169021282
15.5 4.2851 0.004830805135504522
16.5 3.7716000000000003 0.005149169480195094
17.5 3.301 0.0055039849516853945
18.5 2.7802 0.00599738570962172
19.5 2.4101 0.006441432625713552
20.5 2.0606 0.006966315704781811
21.5 1.7471999999999999 0.007565344158360031
22.5 1.4801 0.008219671678347688
23.5 1.245 0.008962214298964415
24.5 1.051 0.009754356903036577
25.5 0.8749 0.010691060611702006
26.5 0.726 0.011736313170325505
27.5 0.5843 0.013082238332217251
28.5 0.4985 0.014163396676512622
29.5 0.3941 0.015929303339984276
30.5 0.3207 0.017658366242304668
31.5 0.24819999999999998 0.020072391147592506
32.5 0.2011 0.02229944040256456
33.5 0.1531 0.025557148983035727
34.5 0.1259 0.028182994438777077
35.5 0.1054 0.030802055181684874
36.5 0.07819999999999999 0.035759926992607584
37.5 0.0669 0.038662233651352955
38.5 0.0498 0.04481107149482209
39.5 0.038599999999999995 0.050898659855928764
40.5 0.0314 0.05643326479831003
41.5 0.0223 0.06696495301824251
42.5 0.0178 0.07495316889958614
43.5 0.012799999999999999 0.08838834764831845
44.5 0.0093 0.10369516947304253
45.5 0.0060999999999999995 0.12803687993289598
46.5 0.0058 0.13130643285972257
47.5 0.0029 0.18569533817705186
48.5 0.0029 0.18569533817705186
49.5 0.003 0.18257418583505536
50.5 0.0015 0.2581988897471611
51.5 0.0007999999999999999 0.3535533905932738
52.5 0.0008 0.35355339059327373
53.5 0.00039999999999999996 0.5000000000000001
54.5 0.0007 0.3779644730092272
55.5 0.0005 0.4472135954999579
56.5 0.00030000000000000003 0.5773502691896257
57.5 0.0002 0.7071067811865475
58.5 0.0001 1.0
59.5 0.0001 1.0
60.5 0.0 inf
61.5 0.0 inf
62.5 0.0001 1.0
63.5 0.0 inf
64.5 0.0002 0.7071067811865475
65.5 0.0 inf
66.5 0.0001 1.0
67.5 0.0 inf
68.5 0.0 inf
69.5 0.0 inf
70.5 0.0 inf
71.5 0.0 inf
72.5 0.0 inf
73.5 0.0 inf
74.5 0.0 inf
75.5 0.0 inf
76.5 0.0 inf
77.5 0.0 inf
78.5 0.0 inf
79.5 0.0 inf
80.5 0.0 inf
81.5 0.0 inf
82.5 0.0 inf
83.5 0.0 inf
84.5 0.0 inf
85.5 0.0 inf
86.5 0.0 inf
87.5 0.0 inf
88.5 0.0 inf
89.5 0.0 inf
90.5 0.0 inf
91.5 0.0 inf
92.5 0.0 inf
93.5 0.0 inf
94.5 0.0 inf
95.5 0.0 inf
96.5 0.0 inf
97.5 0.0 inf
