0.5 172.6203 0.0007611216340780536
1.5 39.028999999999996 0.0016006865216022658
2.5 32.1673 0.001763163940665665
3.5 25.8872 0.0019654294557154327
4.5 21.1888 0.0021724351404187963
5.5 18.0769 0.002352003817098316
6.5 15.4149 0.002547004100500339
7.5 13.3275 0.002739212055715147
8.5 11.726099999999999 0.002920271319826957
9.5 10.0916 0.0031478931748090675
10.5 8.951699999999999 0.003342313940932606
11.5 7.8212 0.0035757183579927816
12.5 6.8795 0.0038126028001782115
13.5 6.032 0.004071639637402852
14.5 5.2791 0.004352312350412396
15.5 4.5289 0.00469898040837272
16.5 3.9979000000000005 0.005001313017023077
17.5 3.4655 0.00537176553421238
18.5 2.9271000000000003 0.005844955649302353
19.5 2.4951 0.006330762510612203
20.5 2.1784 0.006775341434996362
21.5 1.8099 0.007433146800854853
22.5 1.549 0.008034785573516888
23.5 1.2986 0.008775306631024613
24.5 1.0907 0.009575188743791608
25.5 0.8774 0.01067581857975518
26.5 0.7518 0.011533173869085058
27.5 0.5838 0.013087839325038072
28.5 0.529 0.013749033305079912
29.5 0.4046 0.015721249524260256
30.5 0.33030000000000004 0.01739985836572935
31.5 0.26439999999999997 0.01944774603961035
32.5 0.2056 0.022054054569561544
33.5 0.16 0.025
34.5 0.1324 0.027482485496465633
35.5 0.1098 0.030178582014172842
36.5 0.0827 0.03477340712103605
37.5 0.0676 0.038461538461538464
38.5 0.0511 0.04423739552038088
39.5 0.0388 0.05076730825668096
40.5 0.0299 0.05783149319662402
41.5 0.0236 0.06509445549041194
42.5 0.0174 0.07580980435789034
43.5 0.0121 0.09090909090909091
44.5 0.0115 0.09325048082403138
45.5 0.0066 0.12309149097933272
46.5 0.0049 0.14285714285714285
47.5 0.0051 0.14002800840280097
48.5 0.0037999999999999996 0.16222142113076254
49.5 0.0029 0.18569533817705186
50.5 0.0021999999999999997 0.21320071635561047
51.5 0.0009 0.3333333333333333
52.5 0.0006 0.4082482904638631
53.5 0.0007999999999999999 0.3535533905932738
54.5 0.00039999999999999996 0.5000000000000001
55.5 0.0004 0.5
56.5 0.00030000000000000003 0.5773502691896257
57.5 0.00030000000000000003 0.5773502691896257
58.5 0.0 inf
59.5 0.0 inf
60.5 0.0 inf
61.5 0.0002 0.7071067811865475
62.5 0.0001 1.0
63.5 0.0 inf
64.5 0.0 inf
65.5 0.0 inf
66.5 0.0 inf
67.5 0.0 inf
68.5 0.0 inf
69.5 0.0 inf
70.5 0.0 inf
71.5 0.0 inf
72.5 0.0 inf
73.5 0.0 inf
74.5 0.0 inf
75.5 0.0 inf
76.5 0.0 inf
77.5 0.0 inf
78.5 0.0 inf
79.5 0.0 inf
80.5 0.0 inf
81.5 0.0 inf
82.5 0.0 inf
83.5 0.0 inf
84.5 0.0 inf
85.5 0.0 inf
86.5 0.0 inf
87.5 0.0 inf
88.5 0.0 inf
89.5 0.0 inf
90.5 0.0 inf
91.5 0.0 inf
92.5 0.0 inf
93.5 0.0 inf
94.5 0.0 inf
95.5 0.0 inf
96.5 0.0 inf
97.5 0.0 inf
