0.5 39.2767 0.0015956311433466166
1.5 20.8082 0.0021922129719446986
2.5 21.048499999999997 0.002179663361732198
3.5 19.3007 0.0022762159898758938
4.5 16.9711 0.0024274204353852023
5.5 15.2729 0.002558817109135196
6.5 13.399799999999999 0.0027318122102751212
7.5 11.901 0.002898733385300473
8.5 10.6342 0.0030665326144198183
9.5 9.2849 0.00328179451379135
10.5 8.3322 0.003464337198077316
11.5 7.314500000000001 0.003697495702299251
12.5 6.4818 0.003927825513149519
13.5 5.7328 0.004176539610096897
14.5 5.0014 0.004471509987416005
15.5 4.3593 0.004789515921028159
16.5 3.8357 0.0051059632391066406
17.5 3.3422 0.005469955365893314
18.5 2.8510999999999997 0.005922345978977192
19.5 2.4530000000000003 0.006384857749348293
20.5 2.107 0.00688918317386303
21.5 1.7951000000000001 0.007463725808290408
22.5 1.4893999999999998 0.008193969163759422
23.5 1.2725 0.008864844143558724
24.5 1.0691 0.009671433171281708
25.5 0.8501000000000001 0.01084588491646583
26.5 0.7094 0.011872834332813964
27.5 0.5840000000000001 0.01308559806475534
28.5 0.5039 0.014087301864593216
29.5 0.4007 0.01579757146802941
30.5 0.3356 0.017261916993993133
31.5 0.2554 0.019787437382135124
32.5 0.2061 0.022027286681836327
33.5 0.17220000000000002 0.024098134635593994
34.5 0.1225 0.02857142857142857
35.5 0.1052 0.030831320798910367
36.5 0.0816 0.03500700210070024
37.5 0.0606 0.04062222318511938
38.5 0.0496 0.04490132550669373
39.5 0.0373 0.05177803730784977
40.5 0.0286 0.05913123959890826
41.5 0.0215 0.06819943394704735
42.5 0.019799999999999998 0.07106690545187015
43.5 0.013500000000000002 0.08606629658238703
44.5 0.0086 0.10783277320343841
45.5 0.007899999999999999 0.1125087900926024
46.5 0.0046 0.14744195615489714
47.5 0.004 0.15811388300841897
48.5 0.0037999999999999996 0.16222142113076254
49.5 0.002 0.22360679774997896
50.5 0.0019000000000000002 0.22941573387056174
51.5 0.0011 0.30151134457776363
52.5 0.0011 0.30151134457776363
53.5 0.0001 1.0
54.5 0.00030000000000000003 0.5773502691896257
55.5 0.00039999999999999996 0.5000000000000001
56.5 0.0002 0.7071067811865475
57.5 0.0001 1.0
58.5 0.0001 1.0
59.5 0.0001 1.0
60.5 0.0 inf
61.5 0.0 inf
62.5 0.0 inf
63.5 0.0 inf
64.5 0.0 inf
65.5 0.0 inf
66.5 0.0 inf
67.5 0.0 inf
68.5 0.0 inf
69.5 0.0 inf
70.5 0.0 inf
71.5 0.0 inf
72.5 0.0 inf
73.5 0.0 inf
74.5 0.0 inf
75.5 0.0 inf
76.5 0.0 inf
77.5 0.0 inf
78.5 0.0 inf
79.5 0.0 inf
80.5 0.0 inf
81.5 0.0 inf
82.5 0.0 inf
83.5 0.0 inf
84.5 0.0 inf
85.5 0.0 inf
86.5 0.0 inf
87.5 0.0 inf
88.5 0.0 inf
89.5 0.0 inf
90.5 0.0 inf
91.5 0.0 inf
92.5 0.0 inf
93.5 0.0 inf
94.5 0.0 inf
95.5 0.0 inf
96.5 0.0 inf
97.5 0.0 inf
