0.5 42.4345 0.0015351133741321886
1.5 22.283900000000003 0.0021183825951309842
2.5 22.4705 0.0021095684997229297
3.5 20.4431 0.002211702065244572
4.5 17.9312 0.002361540090303005
5.5 15.9751 0.002501947585993061
6.5 13.9514 0.0026772634234112896
7.5 12.3416 0.0028465201781336354
8.5 11.0198 0.0030124035015528694
9.5 9.638100000000001 0.0032211005797578764
10.5 8.5522 0.00341948793445984
11.5 7.5136 0.003648177533861119
12.5 6.6884 0.0038666857767342623
13.5 5.8116 0.004148127936742749
14.5 5.1647 0.004400250997475548
15.5 4.439 0.0047463245048641805
16.5 3.8993 0.005064151330932721
17.5 3.3878000000000004 0.005433017678139239
18.5 2.893 0.005879302191758114
19.5 2.5045 0.006318870893374792
20.5 2.1179 0.006871432344406897
21.5 1.8143 0.007424127978339932
22.5 1.5179 0.008116679911520845
23.5 1.2957 0.008785121466894107
24.5 1.0606 0.009710110867765786
25.5 0.8796999999999999 0.010661853334059442
26.5 0.7335 0.011676157401734314
27.5 0.5913999999999999 0.0130034723907544
28.5 0.5076 0.014035865351108647
29.5 0.4105 0.015607862099528717
30.5 0.3353 0.017269637568509903
31.5 0.2549 0.019806834933486603
32.5 0.2017 0.0222662484609674
33.5 0.16620000000000001 0.024529262467676904
34.5 0.134 0.027317918235407655
35.5 0.1015 0.03138824102871722
36.5 0.079 0.035578403348241
37.5 0.0693 0.037986858819879316
38.5 0.0495 0.044946657497549475
39.5 0.039400000000000004 0.05037927218598784
40.5 0.0283 0.0594438298277764
41.5 0.024399999999999998 0.06401843996644799
42.5 0.0173 0.07602859212697055
43.5 0.0125 0.08944271909999159
44.5 0.0119 0.09166984970282112
45.5 0.0069 0.1203858530857692
46.5 0.005 0.1414213562373095
47.5 0.0052 0.1386750490563073
48.5 0.003 0.18257418583505536
49.5 0.0028 0.1889822365046136
50.5 0.0015999999999999999 0.25000000000000006
51.5 0.0018 0.23570226039551587
52.5 0.0011 0.30151134457776363
53.5 0.0005 0.4472135954999579
54.5 0.00030000000000000003 0.5773502691896257
55.5 0.0003 0.5773502691896258
56.5 0.00030000000000000003 0.5773502691896257
57.5 0.0002 0.7071067811865475
58.5 0.0002 0.7071067811865475
59.5 0.0 inf
60.5 0.0 inf
61.5 0.0 inf
62.5 0.0 inf
63.5 0.0 inf
64.5 0.0001 1.0
65.5 0.0001 1.0
66.5 0.0 inf
67.5 0.0 inf
68.5 0.0 inf
69.5 0.0 inf
70.5 0.0 inf
71.5 0.0 inf
72.5 0.0 inf
73.5 0.0 inf
74.5 0.0 inf
75.5 0.0 inf
76.5 0.0 inf
77.5 0.0 inf
78.5 0.0 inf
79.5 0.0 inf
80.5 0.0 inf
81.5 0.0 inf
82.5 0.0 inf
83.5 0.0 inf
84.5 0.0 inf
85.5 0.0 inf
86.5 0.0 inf
87.5 0.0 inf
88.5 0.0 inf
89.5 0.0 inf
90.5 0.0 inf
91.5 0.0 inf
92.5 0.0 inf
93.5 0.0 inf
94.5 0.0 inf
95.5 0.0 inf
96.5 0.0 inf
97.5 0.0 inf
