0.5 137.76749999999998 0.0008519745292390282
1.5 36.980000000000004 0.001644434374852436
2.5 31.2562 0.0017886769540459803
3.5 25.5319 0.0019790575917315346
4.5 20.9222 0.0021862323953969406
5.5 17.973 0.0023587923621351363
6.5 15.3367 0.0025534892789478465
7.5 13.2695 0.0027451919747273944
8.5 11.6558 0.0029290646438841703
9.5 10.086500000000001 0.003148688903076597
10.5 9.001999999999999 0.0033329630246799295
11.5 7.7941 0.0035819293305137745
12.5 6.9326 0.0037979734862421447
13.5 5.9801 0.004089269909470613
14.5 5.2267 0.004374074878477918
15.5 4.5333000000000006 0.004696699450447753
16.5 4.0098 0.004993886231758331
17.5 3.4727 0.005366193964554139
18.5 2.9551 0.005817198842703774
19.5 2.4904 0.0063367335511014655
20.5 2.1759000000000004 0.0067792325814301935
21.5 1.8322 0.007387773305339742
22.5 1.5401 0.008057968022162399
23.5 1.2715 0.008868329437243042
24.5 1.096 0.009552008998760877
25.5 0.8875 0.010614897848685505
26.5 0.7494000000000001 0.011551626959076139
27.5 0.5874 0.013047671948491468
28.5 0.511 0.013989092759813318
29.5 0.4125 0.015569978883230457
30.5 0.32989999999999997 0.017410403735403916
31.5 0.2649 0.01942938351447002
32.5 0.2084 0.021905397716916176
33.5 0.16649999999999998 0.02450715406979359
34.5 0.1346 0.027256963340035873
35.5 0.1037 0.031053504702226845
36.5 0.0815 0.035028472205202936
37.5 0.0604 0.04068942293855797
38.5 0.0516 0.04402254531628119
39.5 0.0383 0.0510976130307596
40.5 0.031200000000000002 0.05661385170722978
41.5 0.0237 0.06495698024616309
42.5 0.0199 0.07088812050083358
43.5 0.0114 0.0936585811581694
44.5 0.01 0.1
45.5 0.0075 0.11547005383792514
46.5 0.0060999999999999995 0.12803687993289598
47.5 0.0038 0.16222142113076254
48.5 0.0036 0.16666666666666666
49.5 0.0014 0.2672612419124244
50.5 0.0022 0.21320071635561041
51.5 0.0015 0.2581988897471611
52.5 0.0009 0.3333333333333333
53.5 0.0004 0.5
54.5 0.0004 0.5
55.5 0.0005 0.4472135954999579
56.5 0.00030000000000000003 0.5773502691896257
57.5 0.0005 0.4472135954999579
58.5 0.0002 0.7071067811865475
59.5 0.0 inf
60.5 0.0002 0.7071067811865475
61.5 0.0 inf
62.5 0.0001 1.0
63.5 0.0 inf
64.5 0.0 inf
65.5 0.0 inf
66.5 0.0 inf
67.5 0.0 inf
68.5 0.0 inf
69.5 0.0 inf
70.5 0.0 inf
71.5 0.0 inf
72.5 0.0 inf
73.5 0.0 inf
74.5 0.0 inf
75.5 0.0 inf
76.5 0.0 inf
77.5 0.0 inf
78.5 0.0 inf
79.5 0.0 inf
80.5 0.0 inf
81.5 0.0 inf
82.5 0.0 inf
83.5 0.0 inf
84.5 0.0 inf
85.5 0.0 inf
86.5 0.0 inf
87.5 0.0 inf
88.5 0.0 inf
89.5 0.0 inf
90.5 0.0 inf
91.5 0.0 inf
92.5 0.0 inf
93.5 0.0 inf
94.5 0.0 inf
95.5 0.0 inf
96.5 0.0 inf
97.5 0.0 inf
