0.5 47.3895 0.001452643137364953
1.5 24.2403 0.0020310985906154596
2.5 23.971200000000003 0.0020424673005645195
3.5 21.5335 0.002154977239924014
4.5 18.656999999999996 0.0023151497854865368
5.5 16.599899999999998 0.0024544108611840123
6.5 14.3484 0.0026399655666256806
7.5 12.6323 0.002813576866328604
8.5 11.236699999999999 0.0029831878869958977
9.5 9.7936 0.0031954263999458663
10.5 8.745899999999999 0.0033814093276378675
11.5 7.6143 0.003623973456724003
12.5 6.7009 0.0038630775947084517
13.5 5.917199999999999 0.004110946981022919
14.5 5.1944 0.004387653315512306
15.5 4.4733 0.004728092751262234
16.5 3.9551000000000003 0.005028300983031958
17.5 3.4427000000000003 0.005389524000205416
18.5 2.8883 0.00588408380863814
19.5 2.504 0.006319501739569484
20.5 2.1704 0.0067878167566173585
21.5 1.8384 0.007375305159564096
22.5 1.5133999999999999 0.008128738173926571
23.5 1.2909000000000002 0.008801439329048252
24.5 1.0663 0.009684122967217537
25.5 0.8642000000000001 0.010757042116817495
26.5 0.7389 0.011633413545996268
27.5 0.6098 0.012805787474814454
28.5 0.4945 0.014220565008492751
29.5 0.40800000000000003 0.015655607277128735
30.5 0.3296 0.017418325357290442
31.5 0.2611 0.019570258584513545
32.5 0.2023 0.022233204294660427
33.5 0.1658 0.024558833620630074
34.5 0.1261 0.02816063585180762
35.5 0.1126 0.02980099775410749
36.5 0.0795 0.03546634510659543
37.5 0.0632 0.0397778642087865
38.5 0.0479 0.04569116623849538
39.5 0.0413 0.04920678313051229
40.5 0.031 0.05679618342470648
41.5 0.0216 0.06804138174397717
42.5 0.0165 0.0778498944161523
43.5 0.0109 0.09578262852211514
44.5 0.01 0.1
45.5 0.007599999999999999 0.1147078669352809
46.5 0.0037 0.1643989873053573
47.5 0.0031000000000000003 0.17960530202677488
48.5 0.0034999999999999996 0.16903085094570333
49.5 0.0029 0.18569533817705186
50.5 0.0019 0.22941573387056174
51.5 0.0012000000000000001 0.28867513459481287
52.5 0.0017000000000000001 0.24253562503633297
53.5 0.00039999999999999996 0.5000000000000001
54.5 0.0002 0.7071067811865475
55.5 0.0001 1.0
56.5 0.0004 0.5
57.5 0.0004 0.5
58.5 0.00030000000000000003 0.5773502691896257
59.5 0.0 inf
60.5 0.0001 1.0
61.5 0.0 inf
62.5 0.0 inf
63.5 0.0 inf
64.5 0.0 inf
65.5 0.0 inf
66.5 0.0 inf
67.5 0.0 inf
68.5 0.0 inf
69.5 0.0 inf
70.5 0.0 inf
71.5 0.0 inf
72.5 0.0 inf
73.5 0.0 inf
74.5 0.0 inf
75.5 0.0 inf
76.5 0.0 inf
77.5 0.0 inf
78.5 0.0 inf
79.5 0.0 inf
80.5 0.0 inf
81.5 0.0 inf
82.5 0.0 inf
83.5 0.0 inf
84.5 0.0 inf
85.5 0.0 inf
86.5 0.0 inf
87.5 0.0 inf
88.5 0.0 inf
89.5 0.0 inf
90.5 0.0 inf
91.5 0.0 inf
92.5 0.0 inf
93.5 0.0 inf
94.5 0.0 inf
95.5 0.0 inf
96.5 0.0 inf
97.5 0.0 inf
