0.5 38.4629 0.001612423010025006
1.5 20.2914 0.0022199540944879016
2.5 20.5457 0.002206172814904034
3.5 18.8417 0.0023037744513964837
4.5 16.674599999999998 0.0024489069722652204
5.5 14.926300000000001 0.0025883554539197938
6.5 13.0647 0.0027666248863353156
7.5 11.6878 0.0029250521559730895
8.5 10.443200000000001 0.0030944480943672255
9.5 9.1179 0.0033117121972682647
10.5 8.1709 0.0034983644596399714
11.5 7.1281 0.003745528518206412
12.5 6.3568 0.003966255854346696
13.5 5.577400000000001 0.0042343241729084205
14.5 4.893599999999999 0.004520492637583608
15.5 4.2735 0.004837357067658268
16.5 3.7793 0.0051439213097990225
17.5 3.2921 0.0055114197810359694
18.5 2.7944 0.00598212816889976
19.5 2.37 0.006495698024616309
20.5 2.0864000000000003 0.006923109695271391
21.5 1.7669 0.007523051149771044
22.5 1.4715 0.008243656113824965
23.5 1.2516 0.00893855306548226
24.5 1.0470000000000002 0.009772972104898936
25.5 0.8472999999999999 0.010863790870736028
26.5 0.7133 0.01184033221596584
27.5 0.5769 0.013165875092222739
28.5 0.5045 0.014078922384205958
29.5 0.3978 0.015855049805149804
30.5 0.3254 0.0175303757799037
31.5 0.2522 0.019912576573338177
32.5 0.2027 0.02221125640747988
33.5 0.1604 0.02496880847194612
34.5 0.1243 0.02836380138986998
35.5 0.0995 0.031702131247412065
36.5 0.07919999999999999 0.035533452725935076
37.5 0.0605 0.040655781409087086
38.5 0.0497 0.04485613040162566
39.5 0.038400000000000004 0.05103103630798287
40.5 0.027299999999999998 0.060522753266880246
41.5 0.0242 0.0642824346533225
42.5 0.0169 0.07692307692307693
43.5 0.013 0.08770580193070293
44.5 0.0096 0.10206207261596577
45.5 0.0068000000000000005 0.12126781251816648
46.5 0.0062 0.1270001270001905
47.5 0.0039 0.16012815380508713
48.5 0.0026 0.19611613513818404
49.5 0.0029 0.18569533817705186
50.5 0.0017000000000000001 0.24253562503633297
51.5 0.0015 0.2581988897471611
52.5 0.00039999999999999996 0.5000000000000001
53.5 0.0007 0.3779644730092272
54.5 0.0004 0.5
55.5 0.00030000000000000003 0.5773502691896257
56.5 0.0002 0.7071067811865475
57.5 0.0001 1.0
58.5 0.0001 1.0
59.5 0.0 inf
60.5 0.0 inf
61.5 0.0001 1.0
62.5 0.0 inf
63.5 0.0001 1.0
64.5 0.0 inf
65.5 0.0 inf
66.5 0.0 inf
67.5 0.0 inf
68.5 0.0 inf
69.5 0.0 inf
70.5 0.0 inf
71.5 0.0 inf
72.5 0.0 inf
73.5 0.0 inf
74.5 0.0 inf
75.5 0.0 inf
76.5 0.0 inf
77.5 0.0 inf
78.5 0.0 inf
79.5 0.0 inf
80.5 0.0 inf
81.5 0.0 inf
82.5 0.0 inf
83.5 0.0 inf
84.5 0.0 inf
85.5 0.0 inf
86.5 0.0 inf
87.5 0.0 inf
88.5 0.0 inf
89.5 0.0 inf
90.5 0.0 inf
91.5 0.0 inf
92.5 0.0 inf
93.5 0.0 inf
94.5 0.0 inf
95.5 0.0 inf
96.5 0.0 inf
97.5 0.0 inf
