0.5 43.9845 0.0015078223286242665
1.5 22.939899999999998 0.0020878737773807683
2.5 23.0387 0.002083392110415564
3.5 20.790399999999998 0.0021931512184982247
4.5 18.195 0.0023443582040385998
5.5 16.1966 0.0024847807372783428
6.5 14.1264 0.0026606285700587536
7.5 12.4653 0.002832361174183681
8.5 11.1129 0.0029997585291572128
9.5 9.667300000000001 0.0032162322469068147
10.5 8.603100000000001 0.0034093572755334056
11.5 7.5504 0.0036392762228428894
12.5 6.7424 0.0038511704715513723
13.5 5.8398 0.004138100301500385
14.5 5.1456 0.004408410099116239
15.5 4.4705 0.004729573188284507
16.5 3.8968 0.005065775528788081
17.5 3.3931 0.0054287728508599815
18.5 2.8952 0.005877067989818514
19.5 2.4867 0.006341446061503884
20.5 2.1638 0.00679816093833114
21.5 1.8392 0.007373700960489206
22.5 1.5365 0.008067402357668833
23.5 1.2889 0.008808265326141488
24.5 1.0712000000000002 0.00966194849360389
25.5 0.8828 0.010643117033571677
26.5 0.7327 0.011682529980951668
27.5 0.5932 0.012983728600114436
28.5 0.5071 0.0140427833195661
29.5 0.40859999999999996 0.01564410848213107
30.5 0.32089999999999996 0.01765286262171212
31.5 0.2663 0.01937824385646364
32.5 0.2092 0.021863473472331304
33.5 0.16920000000000002 0.024310831916315757
34.5 0.12380000000000001 0.028421021140160225
35.5 0.1043 0.030964056111131625
36.5 0.0848 0.03434014098717226
37.5 0.0678 0.03840476863212843
38.5 0.0513 0.044151078568834795
39.5 0.0408 0.04950737714883371
40.5 0.0284 0.05933908290969266
41.5 0.0232 0.06565321642986129
42.5 0.0172 0.07624928516630233
43.5 0.0114 0.0936585811581694
44.5 0.0085 0.10846522890932808
45.5 0.0069 0.1203858530857692
46.5 0.0057 0.13245323570650439
47.5 0.0054 0.13608276348795434
48.5 0.0037 0.1643989873053573
49.5 0.0027 0.19245008972987526
50.5 0.0014 0.2672612419124244
51.5 0.0011 0.30151134457776363
52.5 0.0010999999999999998 0.3015113445777637
53.5 0.0009 0.3333333333333333
54.5 0.0005 0.4472135954999579
55.5 0.0002 0.7071067811865475
56.5 0.0002 0.7071067811865475
57.5 0.0002 0.7071067811865475
58.5 0.0002 0.7071067811865475
59.5 0.0 inf
60.5 0.0 inf
61.5 0.0 inf
62.5 0.0 inf
63.5 0.0 inf
64.5 0.0 inf
65.5 0.0 inf
66.5 0.0 inf
67.5 0.0 inf
68.5 0.0 inf
69.5 0.0 inf
70.5 0.0 inf
71.5 0.0 inf
72.5 0.0 inf
73.5 0.0 inf
74.5 0.0 inf
75.5 0.0 inf
76.5 0.0 inf
77.5 0.0 inf
78.5 0.0 inf
79.5 0.0 inf
80.5 0.0 inf
81.5 0.0 inf
82.5 0.0 inf
83.5 0.0 inf
84.5 0.0 inf
85.5 0.0 inf
86.5 0.0 inf
87.5 0.0 inf
88.5 0.0 inf
89.5 0.0 inf
90.5 0.0 inf
91.5 0.0 inf
92.5 0.0 inf
93.5 0.0 inf
94.5 0.0 inf
95.5 0.0 inf
96.5 0.0 inf
97.5 0.0 inf
