0.5 38.5126 0.0016113822688862006
1.5 20.2959 0.0022197079771139492
2.5 20.5557 0.002205636116762735
3.5 18.872500000000002 0.0023018937989398125
4.5 16.671300000000002 0.0024491493346823763
5.5 14.9516 0.002586164614182216
6.5 13.102599999999999 0.00276262068038207
7.5 11.649899999999999 0.0029298062508479766
8.5 10.406 0.0030999742703203344
9.5 9.1115 0.0033128750813974715
10.5 8.1877 0.003494773542647806
11.5 7.147399999999999 0.0037404681069813516
12.5 6.3875 0.003956712941244654
13.5 5.5783000000000005 0.004233982577307624
14.5 4.9239 0.004506562389624651
15.5 4.259399999999999 0.004845357065459363
16.5 3.7811000000000003 0.005142696777180447
17.5 3.2752 0.00552562092128169
18.5 2.795 0.005981486045545791
19.5 2.3888 0.006470086767033375
20.5 2.0824000000000003 0.0069297556694381274
21.5 1.7749000000000001 0.0075060776921943425
22.5 1.4739 0.008236941670753
23.5 1.2401 0.00897990301577517
24.5 1.0397 0.009807221362012411
25.5 0.8524 0.010831242503598114
26.5 0.7043999999999999 0.01191489793205979
27.5 0.5916 0.013001274187308594
28.5 0.4942 0.01422488059151916
29.5 0.3844 0.016129032258064516
30.5 0.3242 0.017562789445387736
31.5 0.2629 0.01950314757443023
32.5 0.2022 0.022238701440076274
33.5 0.1592 0.025062735355854276
34.5 0.12240000000000001 0.028583097523751475
35.5 0.0982 0.03191128231363014
36.5 0.0803 0.035289233662029275
37.5 0.0664 0.03880752628531664
38.5 0.049100000000000005 0.04512936824065242
39.5 0.0402 0.049875466805381644
40.5 0.029900000000000003 0.05783149319662401
41.5 0.0224 0.0668153104781061
42.5 0.0172 0.07624928516630233
43.5 0.013999999999999999 0.08451542547285167
44.5 0.0093 0.10369516947304253
45.5 0.0069 0.1203858530857692
46.5 0.0057 0.13245323570650439
47.5 0.004399999999999999 0.15075567228888184
48.5 0.0033 0.17407765595569785
49.5 0.0021999999999999997 0.21320071635561047
50.5 0.0015 0.2581988897471611
51.5 0.001 0.31622776601683794
52.5 0.0009 0.3333333333333333
53.5 0.0013 0.2773500981126146
54.5 0.0005 0.4472135954999579
55.5 0.0005 0.4472135954999579
56.5 0.0 inf
57.5 0.0002 0.7071067811865475
58.5 0.0001 1.0
59.5 0.0002 0.7071067811865475
60.5 0.0 inf
61.5 0.0001 1.0
62.5 0.0 inf
63.5 0.0001 1.0
64.5 0.0 inf
65.5 0.0 inf
66.5 0.0 inf
67.5 0.0001 1.0
68.5 0.0001 1.0
69.5 0.0 inf
70.5 0.0 inf
71.5 0.0 inf
72.5 0.0 inf
73.5 0.0 inf
74.5 0.0 inf
75.5 0.0 inf
76.5 0.0 inf
77.5 0.0 inf
78.5 0.0 inf
79.5 0.0 inf
80.5 0.0 inf
81.5 0.0 inf
82.5 0.0 inf
83.5 0.0 inf
84.5 0.0 inf
85.5 0.0 inf
86.5 0.0 inf
87.5 0.0 inf
88.5 0.0 inf
89.5 0.0 inf
90.5 0.0 inf
91.5 0.0 inf
92.5 0.0 inf
93.5 0.0 inf
94.5 0.0 inf
95.5 0.0 inf
96.5 0.0 inf
97.5 0.0 inf
