0.5 38.4651 0.001612376898337455
1.5 20.3415 0.002217218596451755
2.5 20.5568 0.0022055771038768297
3.5 18.8525 0.0023031144771637163
4.5 16.6161 0.0024532140956338515
5.5 14.941400000000002 0.002587047208136044
6.5 13.11 0.0027618408833305374
7.5 11.604700000000001 0.0029355064646796286
8.5 10.4314 0.0030961978195744185
9.5 9.0795 0.003318707933374906
10.5 8.1732 0.003497872191959941
11.5 7.1645 0.0037360016253105005
12.5 6.4215 0.003946224209243075
13.5 5.6272 0.004215545920722985
14.5 4.915699999999999 0.004510319577160995
15.5 4.2619 0.004843935731125827
16.5 3.7908999999999997 0.0051360451849055255
17.5 3.2458 0.005550589656583281
18.5 2.7613000000000003 0.006017875567831861
19.5 2.393 0.0064644063870797274
20.5 2.0858 0.006924105372502064
21.5 1.7678 0.007521135885597101
22.5 1.4954999999999998 0.008177240883824013
23.5 1.2485 0.008949643307886973
24.5 1.0388000000000002 0.009811468853477787
25.5 0.853 0.010827432486770287
26.5 0.7001999999999999 0.011950578989701244
27.5 0.5690999999999999 0.013255792804457775
28.5 0.4875 0.014322297480788657
29.5 0.3987 0.015837144604852662
30.5 0.32620000000000005 0.017508866108269325
31.5 0.2549 0.019806834933486603
32.5 0.203 0.022194838080923762
33.5 0.1597 0.02502347051056742
34.5 0.12209999999999999 0.028618190351607124
35.5 0.09939999999999999 0.03171807398477756
36.5 0.0777 0.03587480016670876
37.5 0.06520000000000001 0.03916302249939786
38.5 0.0461 0.04657464328326223
39.5 0.0375 0.051639777949432225
40.5 0.0286 0.05913123959890826
41.5 0.0218 0.06772854614785964
42.5 0.016800000000000002 0.07715167498104596
43.5 0.0144 0.08333333333333333
44.5 0.0106 0.09712858623572641
45.5 0.0072 0.11785113019775793
46.5 0.0060999999999999995 0.12803687993289598
47.5 0.0048000000000000004 0.14433756729740643
48.5 0.0024999999999999996 0.2
49.5 0.0029 0.18569533817705186
50.5 0.0015 0.2581988897471611
51.5 0.002 0.22360679774997896
52.5 0.0006000000000000001 0.40824829046386296
53.5 0.0007 0.3779644730092272
54.5 0.0002 0.7071067811865475
55.5 0.0002 0.7071067811865475
56.5 0.00039999999999999996 0.5000000000000001
57.5 0.00030000000000000003 0.5773502691896257
58.5 0.0001 1.0
59.5 0.0001 1.0
60.5 0.0 inf
61.5 0.0001 1.0
62.5 0.0001 1.0
63.5 0.0 inf
64.5 0.0 inf
65.5 0.0 inf
66.5 0.0 inf
67.5 0.0 inf
68.5 0.0 inf
69.5 0.0 inf
70.5 0.0 inf
71.5 0.0 inf
72.5 0.0 inf
73.5 0.0 inf
74.5 0.0 inf
75.5 0.0 inf
76.5 0.0 inf
77.5 0.0 inf
78.5 0.0 inf
79.5 0.0 inf
80.5 0.0 inf
81.5 0.0 inf
82.5 0.0 inf
83.5 0.0 inf
84.5 0.0 inf
85.5 0.0 inf
86.5 0.0 inf
87.5 0.0 inf
88.5 0.0 inf
89.5 0.0 inf
90.5 0.0 inf
91.5 0.0 inf
92.5 0.0 inf
93.5 0.0 inf
94.5 0.0 inf
95.5 0.0 inf
96.5 0.0 inf
97.5 0.0 inf
