0.5 40.0115 0.0015809115903747536
1.5 21.120199999999997 0.002175960396627827
2.5 21.383899999999997 0.0021625021234767607
3.5 19.6494 0.002255928615895883
4.5 17.2661 0.002406594246329584
5.5 15.4714 0.002542349145084314
6.5 13.6304 0.002708605147974636
7.5 12.075800000000001 0.002877676990149629
8.5 10.744399999999999 0.0030507661283185644
9.5 9.3869 0.003263915482290086
10.5 8.3832 0.00345378330864112
11.5 7.4131 0.0036728236027439207
12.5 6.574 0.0039001844830891786
13.5 5.7335 0.004176284646552201
14.5 5.0449 0.004452190298480527
15.5 4.3835999999999995 0.00477622239770842
16.5 3.8962000000000003 0.005066165568866844
17.5 3.3266999999999998 0.005482683561896435
18.5 2.8577000000000004 0.005915503049666658
19.5 2.4404 0.0064013193198421605
20.5 2.1204 0.0068673803619194096
21.5 1.7821 0.007490899403510903
22.5 1.5076 0.00814435950022331
23.5 1.272 0.008866586276648858
24.5 1.069 0.009671885519598003
25.5 0.8803000000000001 0.010658219230675774
26.5 0.7222999999999999 0.011766334553487256
27.5 0.5898 0.013021098250950339
28.5 0.5134 0.013956356928455673
29.5 0.4062 0.015690256395005604
30.5 0.3274 0.017476749542968805
31.5 0.262 0.01953661662911409
32.5 0.2046 0.022107884414269093
33.5 0.17020000000000002 0.024239308278185975
34.5 0.1256 0.028216632399155017
35.5 0.11 0.030151134457776358
36.5 0.0769 0.036060922298730945
37.5 0.0641 0.03949762527666821
38.5 0.0496 0.04490132550669373
39.5 0.0398 0.05012547071170855
40.5 0.0288 0.05892556509887897
41.5 0.022 0.06741998624632421
42.5 0.0168 0.07715167498104596
43.5 0.010700000000000001 0.09667364890456635
44.5 0.0091 0.10482848367219183
45.5 0.0091 0.10482848367219183
46.5 0.0071 0.11867816581938533
47.5 0.0042 0.1543033499620919
48.5 0.0034000000000000002 0.17149858514250882
49.5 0.002 0.22360679774997896
50.5 0.0018999999999999998 0.2294157338705618
51.5 0.0015 0.2581988897471611
52.5 0.0005 0.4472135954999579
53.5 0.0005 0.4472135954999579
54.5 0.0003 0.5773502691896258
55.5 0.0006000000000000001 0.40824829046386296
56.5 0.0002 0.7071067811865475
57.5 0.0001 1.0
58.5 0.0 inf
59.5 0.0001 1.0
60.5 0.0 inf
61.5 0.0001 1.0
62.5 0.0 inf
63.5 0.0001 1.0
64.5 0.0 inf
65.5 0.0001 1.0
66.5 0.0 inf
67.5 0.0 inf
68.5 0.0 inf
69.5 0.0 inf
70.5 0.0 inf
71.5 0.0 inf
72.5 0.0 inf
73.5 0.0 inf
74.5 0.0 inf
75.5 0.0 inf
76.5 0.0 inf
77.5 0.0 inf
78.5 0.0 inf
79.5 0.0 inf
80.5 0.0 inf
81.5 0.0 inf
82.5 0.0 inf
83.5 0.0 inf
84.5 0.0 inf
85.5 0.0 inf
86.5 0.0 inf
87.5 0.0 inf
88.5 0.0 inf
89.5 0.0 inf
90.5 0.0 inf
91.5 0.0 inf
92.5 0.0 inf
93.5 0.0 inf
94.5 0.0 inf
95.5 0.0 inf
96.5 0.0 inf
97.5 0.0 inf
