0.5 125.3851 0.0008930525906922003
1.5 36.1389 0.0016634606632839853
2.5 30.6815 0.0018053512288015953
3.5 25.394399999999997 0.001984408241054349
4.5 20.8669 0.0021891273787949922
5.5 17.927100000000003 0.00236181012173133
6.5 15.2721 0.0025588841276487024
7.5 13.2722 0.0027449127295633706
8.5 11.6854 0.002925352520734036
9.5 10.0975 0.0031469733786453377
10.5 8.9527 0.003342127270582951
11.5 7.7613 0.0035894901396244547
12.5 6.895899999999999 0.003808066488324602
13.5 6.0725999999999996 0.004058005790242737
14.5 5.2909 0.004347456281262037
15.5 4.5248 0.00470110884027876
16.5 3.9586 0.005026077602895512
17.5 3.4545000000000003 0.005380311265390782
18.5 2.9047 0.005867449462720267
19.5 2.4961 0.006329494252789389
20.5 2.1603000000000003 0.006803665714016325
21.5 1.8369 0.007378315856982864
22.5 1.5434999999999999 0.008049088140271587
23.5 1.3064 0.008749070460642711
24.5 1.0834000000000001 0.00960739362074156
25.5 0.8828 0.010643117033571677
26.5 0.7372000000000001 0.011646819280339489
27.5 0.5977 0.012934759914813772
28.5 0.5063 0.01405387337722316
29.5 0.4183 0.015461658175491394
30.5 0.3262 0.017508866108269325
31.5 0.255 0.019802950859533486
32.5 0.2069 0.021984660059051055
33.5 0.1755 0.02387049580131443
34.5 0.1317 0.02755542492273964
35.5 0.1074 0.030513909884867668
36.5 0.08410000000000001 0.03448275862068965
37.5 0.0605 0.040655781409087086
38.5 0.0509 0.04432422071779363
39.5 0.0401 0.04993761694389224
40.5 0.0294 0.05832118435198043
41.5 0.0206 0.06967330142916177
42.5 0.0156 0.08006407690254357
43.5 0.0109 0.09578262852211514
44.5 0.011 0.09534625892455924
45.5 0.006699999999999999 0.12216944435630522
46.5 0.0066 0.12309149097933272
47.5 0.0037999999999999996 0.16222142113076254
48.5 0.0037 0.1643989873053573
49.5 0.0028 0.1889822365046136
50.5 0.0021 0.2182178902359924
51.5 0.0013 0.2773500981126146
52.5 0.0015 0.2581988897471611
53.5 0.0003 0.5773502691896258
54.5 0.0006000000000000001 0.40824829046386296
55.5 0.0002 0.7071067811865475
56.5 0.00030000000000000003 0.5773502691896257
57.5 0.0001 1.0
58.5 0.0002 0.7071067811865475
59.5 0.0002 0.7071067811865475
60.5 0.0 inf
61.5 0.0 inf
62.5 0.0 inf
63.5 0.0 inf
64.5 0.0 inf
65.5 0.0 inf
66.5 0.0 inf
67.5 0.0 inf
68.5 0.0 inf
69.5 0.0 inf
70.5 0.0 inf
71.5 0.0 inf
72.5 0.0 inf
73.5 0.0 inf
74.5 0.0 inf
75.5 0.0 inf
76.5 0.0 inf
77.5 0.0 inf
78.5 0.0 inf
79.5 0.0 inf
80.5 0.0 inf
81.5 0.0 inf
82.5 0.0 inf
83.5 0.0 inf
84.5 0.0 inf
85.5 0.0 inf
86.5 0.0 inf
87.5 0.0 inf
88.5 0.0 inf
89.5 0.0 inf
90.5 0.0 inf
91.5 0.0 inf
92.5 0.0 inf
93.5 0.0 inf
94.5 0.0 inf
95.5 0.0 inf
96.5 0.0 inf
97.5 0.0 inf
