0.5 42.698800000000006 0.0015303549234244368
1.5 22.572899999999997 0.0021047781236432496
2.5 22.7761 0.002095368059602299
3.5 20.6715 0.0021994495466590874
4.5 18.2729 0.0023393556986949656
5.5 16.2722 0.002479001920728953
6.5 14.2515 0.002648925300677678
7.5 12.587499999999999 0.002818579300831268
8.5 11.257100000000001 0.0029804836101827645
9.5 9.7607 0.003200807217334719
10.5 8.7387 0.0033828020482025547
11.5 7.6564 0.0036139962093825555
12.5 6.7822 0.0038398539285911326
13.5 5.9719 0.004092076429210895
14.5 5.2247 0.00437491198996045
15.5 4.5358 0.004695404930517525
16.5 3.9592 0.005025696748073513
17.5 3.4537 0.005380934365223832
18.5 2.932 0.005840069520601362
19.5 2.5275 0.00629005463722439
20.5 2.1534 0.00681455726867767
21.5 1.8341 0.0073839457042156435
22.5 1.5626 0.007999744012287344
23.5 1.2746 0.008857538382177434
24.5 1.108 0.009500142503206329
25.5 0.8954 0.010567967158529026
26.5 0.7563 0.011498811371808483
27.5 0.5972999999999999 0.012939090266429839
28.5 0.5127 0.013965881131221412
29.5 0.4079 0.01565752620920399
30.5 0.3261 0.017511550487910747
31.5 0.26470000000000005 0.01943672228093171
32.5 0.20079999999999998 0.02231609213387259
33.5 0.1674 0.024441185836892216
34.5 0.13190000000000002 0.02753452584887775
35.5 0.1041 0.030993786368687184
36.5 0.081 0.03513641844631533
37.5 0.06420000000000001 0.03946685189819291
38.5 0.0499 0.04476614810358452
39.5 0.038400000000000004 0.05103103630798287
40.5 0.03 0.05773502691896257
41.5 0.0233 0.06551217820804184
42.5 0.0195 0.0716114874039433
43.5 0.0151 0.08137884587711594
44.5 0.0127 0.08873565094161139
45.5 0.006500000000000001 0.12403473458920847
46.5 0.0048000000000000004 0.14433756729740643
47.5 0.0055 0.13483997249264842
48.5 0.0028 0.1889822365046136
49.5 0.0021999999999999997 0.21320071635561047
50.5 0.0018 0.23570226039551587
51.5 0.0013 0.2773500981126146
52.5 0.0008 0.35355339059327373
53.5 0.0003 0.5773502691896258
54.5 0.0002 0.7071067811865475
55.5 0.0002 0.7071067811865475
56.5 0.0004 0.5
57.5 0.0001 1.0
58.5 0.0 inf
59.5 0.0001 1.0
60.5 0.0002 0.7071067811865475
61.5 0.0 inf
62.5 0.0001 1.0
63.5 0.0 inf
64.5 0.0 inf
65.5 0.0 inf
66.5 0.0 inf
67.5 0.0 inf
68.5 0.0 inf
69.5 0.0 inf
70.5 0.0 inf
71.5 0.0 inf
72.5 0.0 inf
73.5 0.0 inf
74.5 0.0 inf
75.5 0.0 inf
76.5 0.0 inf
77.5 0.0 inf
78.5 0.0 inf
79.5 0.0 inf
80.5 0.0 inf
81.5 0.0 inf
82.5 0.0 inf
83.5 0.0 inf
84.5 0.0 inf
85.5 0.0 inf
86.5 0.0 inf
87.5 0.0 inf
88.5 0.0 inf
89.5 0.0 inf
90.5 0.0 inf
91.5 0.0 inf
92.5 0.0 inf
93.5 0.0 inf
94.5 0.0 inf
95.5 0.0 inf
96.5 0.0 inf
97.5 0.0 inf
