0.5 40.0266 0.0015806133634851344
1.5 21.2194 0.002170868166360871
2.5 21.4133 0.002161017079133285
3.5 19.765500000000003 0.0022492933408633886
4.5 17.3183 0.0024029645879556243
5.5 15.532900000000001 0.002537311143661061
6.5 13.648499999999999 0.002706808539633867
7.5 12.1734 0.0028661179149407747
8.5 10.8072 0.003041889303087436
9.5 9.4177 0.0032585738954557797
10.5 8.4986 0.0034302542060059863
11.5 7.3624 0.003685448064578501
12.5 6.6189 0.003886933317624733
13.5 5.7863 0.004157186676242377
14.5 5.0718 0.004440367755829613
15.5 4.4595 0.004735402682913707
16.5 3.9129 0.005055342978171894
17.5 3.3704 0.005447023851109861
18.5 2.8753 0.005897370565323073
19.5 2.4454000000000002 0.006394771725591601
20.5 2.1456 0.006826932670992004
21.5 1.8199999999999998 0.0074124931666110115
22.5 1.5189 0.008114007577496706
23.5 1.2774999999999999 0.008847479104076177
24.5 1.0781 0.009630979911044068
25.5 0.8794 0.010663671780304916
26.5 0.7339 0.011672975020262903
27.5 0.5874 0.013047671948491468
28.5 0.5055 0.014064989751021518
29.5 0.40769999999999995 0.015661366191164653
30.5 0.3327 0.01733698604318574
31.5 0.26780000000000004 0.01932389698720778
32.5 0.2004 0.022338352580438516
33.5 0.1698 0.024267841905814505
34.5 0.1328 0.027441064997422587
35.5 0.1028 0.031189143077590267
36.5 0.0819 0.03494282789073061
37.5 0.0659 0.03895446935658099
38.5 0.0482 0.04554875186742769
39.5 0.042499999999999996 0.0485071250072666
40.5 0.0305 0.057259833431386825
41.5 0.023 0.0659380473395787
42.5 0.018099999999999998 0.07432941462471664
43.5 0.0124 0.08980265101338746
44.5 0.0116 0.09284766908852593
45.5 0.007699999999999999 0.11396057645963795
46.5 0.0056 0.1336306209562122
47.5 0.004699999999999999 0.14586499149789456
48.5 0.0040999999999999995 0.15617376188860607
49.5 0.0027 0.19245008972987526
50.5 0.0018 0.23570226039551587
51.5 0.0015999999999999999 0.25000000000000006
52.5 0.0006000000000000001 0.40824829046386296
53.5 0.0007 0.3779644730092272
54.5 0.0003 0.5773502691896258
55.5 0.00039999999999999996 0.5000000000000001
56.5 0.00039999999999999996 0.5000000000000001
57.5 0.0002 0.7071067811865475
58.5 0.0001 1.0
59.5 0.0 inf
60.5 0.0002 0.7071067811865475
61.5 0.0001 1.0
62.5 0.0 inf
63.5 0.0001 1.0
64.5 0.0 inf
65.5 0.0 inf
66.5 0.0 inf
67.5 0.0 inf
68.5 0.0 inf
69.5 0.0 inf
70.5 0.0 inf
71.5 0.0 inf
72.5 0.0 inf
73.5 0.0 inf
74.5 0.0 inf
75.5 0.0 inf
76.5 0.0 inf
77.5 0.0 inf
78.5 0.0 inf
79.5 0.0 inf
80.5 0.0 inf
81.5 0.0 inf
82.5 0.0 inf
83.5 0.0 inf
84.5 0.0 inf
85.5 0.0 inf
86.5 0.0 inf
87.5 0.0 inf
88.5 0.0 inf
89.5 0.0 inf
90.5 0.0 inf
91.5 0.0 inf
92.5 0.0 inf
93.5 0.0 inf
94.5 0.0 inf
95.5 0.0 inf
96.5 0.0 inf
97.5 0.0 inf
