0.5 87.4408 0.0010694067939015157
1.5 36.6516 0.0016517850493054191
2.5 33.067099999999996 0.0017390094644186894
3.5 27.7228 0.0018992470218493452
4.5 22.854300000000002 0.0020917801529584576
5.5 19.6199 0.0022576239583099876
6.5 16.557499999999997 0.0024575514464980812
7.5 14.274899999999999 0.0026467532968491576
8.5 12.4626 0.0028326679705591414
9.5 10.7863 0.0030448349248290854
10.5 9.5063 0.0032433531732196175
11.5 8.1878 0.003494752201236112
12.5 7.2476 0.0037145216318044383
13.5 6.2838 0.0039892276729209175
14.5 5.555 0.00424285283506487
15.5 4.7606 0.0045832036368710595
16.5 4.1814 0.004890340992381109
17.5 3.569 0.005293302651087512
18.5 3.0547000000000004 0.005721576612278574
19.5 2.5894 0.006214417518406029
20.5 2.2293000000000003 0.006697546568768297
21.5 1.9019 0.007251137838120374
22.5 1.5848 0.00794351589190117
23.5 1.3261 0.008683840989837217
24.5 1.1029 0.00952208231858607
25.5 0.9163 0.010446748916101867
26.5 0.7597 0.011473051335061166
27.5 0.6183 0.01271745989527526
28.5 0.5279 0.013763350473379593
29.5 0.4132 0.015556784782176378
30.5 0.33699999999999997 0.017226024063738864
31.5 0.26940000000000003 0.01926642802132291
32.5 0.2175 0.021442250696755896
33.5 0.174 0.023973165074269207
34.5 0.12969999999999998 0.027767067240353292
35.5 0.1104 0.0300964632714423
36.5 0.0789 0.03560094272544522
37.5 0.0632 0.0397778642087865
38.5 0.054099999999999995 0.04299335803923478
39.5 0.036000000000000004 0.05270462766947299
40.5 0.031100000000000003 0.05670479771237427
41.5 0.0232 0.06565321642986129
42.5 0.0186 0.07332355751067665
43.5 0.0118 0.09205746178983235
44.5 0.013000000000000001 0.08770580193070293
45.5 0.0089 0.105999788000636
46.5 0.0056 0.1336306209562122
47.5 0.0040999999999999995 0.15617376188860607
48.5 0.0036 0.16666666666666666
49.5 0.0029000000000000002 0.18569533817705183
50.5 0.0017 0.24253562503633297
51.5 0.0014 0.2672612419124244
52.5 0.0006000000000000001 0.40824829046386296
53.5 0.00039999999999999996 0.5000000000000001
54.5 0.0006000000000000001 0.40824829046386296
55.5 0.0005 0.4472135954999579
56.5 0.0002 0.7071067811865475
57.5 0.0 inf
58.5 0.0002 0.7071067811865475
59.5 0.0 inf
60.5 0.0002 0.7071067811865475
61.5 0.0 inf
62.5 0.0001 1.0
63.5 0.0 inf
64.5 0.0 inf
65.5 0.0 inf
66.5 0.0 inf
67.5 0.0 inf
68.5 0.0001 1.0
69.5 0.0 inf
70.5 0.0 inf
71.5 0.0 inf
72.5 0.0 inf
73.5 0.0 inf
74.5 0.0 inf
75.5 0.0 inf
76.5 0.0 inf
77.5 0.0 inf
78.5 0.0 inf
79.5 0.0 inf
80.5 0.0 inf
81.5 0.0 inf
82.5 0.0 inf
83.5 0.0 inf
84.5 0.0 inf
85.5 0.0 inf
86.5 0.0 inf
87.5 0.0 inf
88.5 0.0 inf
89.5 0.0 inf
90.5 0.0 inf
91.5 0.0 inf
92.5 0.0 inf
93.5 0.0 inf
94.5 0.0 inf
95.5 0.0 inf
96.5 0.0 inf
97.5 0.0 inf
