0.5 55.8478 0.0013381258642628444
1.5 27.9316 0.0018921348858096877
2.5 27.128 0.001919955273242926
3.5 23.9965 0.002041390309123291
4.5 20.6396 0.002201148594876651
5.5 17.968400000000003 0.0023590942741170792
6.5 15.540400000000002 0.0025366988000230842
7.5 13.5351 0.002718124002389746
8.5 11.9901 0.002887942868183423
9.5 10.307099999999998 0.003114811397689132
10.5 9.2624 0.0032857781243094243
11.5 7.988300000000001 0.0035381221043778686
12.5 7.0769 0.003759053186676623
13.5 6.1876 0.004020118775359817
14.5 5.4305 0.004291213189108634
15.5 4.6815999999999995 0.004621711666540848
16.5 4.0602 0.004962794435043854
17.5 3.5574 0.005301925850180039
18.5 3.0122999999999998 0.005761703282191308
19.5 2.5719000000000003 0.006235524081111261
20.5 2.2176 0.006715191366878169
21.5 1.8793 0.007294607740006443
22.5 1.5587 0.008009745779909606
23.5 1.2976999999999999 0.008778349093495565
24.5 1.1172 0.009460945407607457
25.5 0.9241 0.01040256683797447
26.5 0.7698 0.01139753794182585
27.5 0.6087 0.01281735311305374
28.5 0.5211 0.013852860582056379
29.5 0.4313 0.015226857061770712
30.5 0.3357 0.017259345769283257
31.5 0.2658 0.01939646163228027
32.5 0.2125 0.021693045781865615
33.5 0.1732 0.024028466566610635
34.5 0.1355 0.02716629124620806
35.5 0.10089999999999999 0.031481427501027934
36.5 0.0824 0.034836650714580884
37.5 0.0653 0.03913302400974161
38.5 0.0505 0.04449941594899847
39.5 0.0359 0.05277798139692595
40.5 0.0301 0.0576390417704235
41.5 0.0215 0.06819943394704735
42.5 0.0191 0.07235746052924216
43.5 0.0137 0.0854357657716761
44.5 0.010499999999999999 0.09759000729485333
45.5 0.0077 0.11396057645963795
46.5 0.0060999999999999995 0.12803687993289598
47.5 0.0046 0.14744195615489714
48.5 0.0032 0.17677669529663687
49.5 0.0032 0.17677669529663687
50.5 0.0018999999999999998 0.2294157338705618
51.5 0.0015 0.2581988897471611
52.5 0.0007999999999999999 0.3535533905932738
53.5 0.0007999999999999999 0.3535533905932738
54.5 0.0002 0.7071067811865475
55.5 0.00030000000000000003 0.5773502691896257
56.5 0.0001 1.0
57.5 0.0001 1.0
58.5 0.0001 1.0
59.5 0.0 inf
60.5 0.0 inf
61.5 0.0 inf
62.5 0.0 inf
63.5 0.0 inf
64.5 0.0 inf
65.5 0.0 inf
66.5 0.0 inf
67.5 0.0 inf
68.5 0.0 inf
69.5 0.0 inf
70.5 0.0 inf
71.5 0.0 inf
72.5 0.0 inf
73.5 0.0 inf
74.5 0.0 inf
75.5 0.0 inf
76.5 0.0 inf
77.5 0.0 inf
78.5 0.0 inf
79.5 0.0 inf
80.5 0.0 inf
81.5 0.0 inf
82.5 0.0 inf
83.5 0.0 inf
84.5 0.0 inf
85.5 0.0 inf
86.5 0.0 inf
87.5 0.0 inf
88.5 0.0 inf
89.5 0.0 inf
90.5 0.0 inf
91.5 0.0 inf
92.5 0.0 inf
93.5 0.0 inf
94.5 0.0 inf
95.5 0.0 inf
96.5 0.0 inf
97.5 0.0 inf
