0.5 38.8602 0.0016041592662458717
1.5 20.592000000000002 0.002203691188949771
2.5 20.7685 0.0021943072325740177
3.5 19.2023 0.002282040642305398
4.5 16.8464 0.0024363879665372486
5.5 15.139800000000001 0.002570040285440208
6.5 13.2754 0.0027445818826539905
7.5 11.788 0.002912593905361688
8.5 10.555599999999998 0.0030779285764126487
9.5 9.2359 0.0032904885884412496
10.5 8.2895 0.0034732483019233504
11.5 7.2608 0.0037111436300351014
12.5 6.5089 0.003919640174733772
13.5 5.6815 0.004195352864205428
14.5 5.0131 0.004466288943770362
15.5 4.304 0.0048201867954981185
16.5 3.838 0.0051044330833754335
17.5 3.3019 0.005503234789043778
18.5 2.8228 0.005951959201506977
19.5 2.4375 0.006405126152203485
20.5 2.0864000000000003 0.006923109695271391
21.5 1.7938 0.0074664298684504055
22.5 1.5056 0.008149767082985105
23.5 1.2578 0.00891649570688445
24.5 1.0452 0.00978138378808424
25.5 0.8553999999999999 0.010812232527259167
26.5 0.7193 0.011790846074851915
27.5 0.5913999999999999 0.0130034723907544
28.5 0.5105999999999999 0.013994571159381
29.5 0.4032 0.0157485197087178
30.5 0.32599999999999996 0.01751423610260147
31.5 0.25680000000000003 0.019733425949096457
32.5 0.1977 0.022490373369161064
33.5 0.1633 0.02474610820719749
34.5 0.1302 0.027713699773684663
35.5 0.1033 0.031113569564352756
36.5 0.0806 0.03522349768381734
37.5 0.0619 0.04019339355290704
38.5 0.0534 0.04327423224079154
39.5 0.0394 0.05037927218598784
40.5 0.027200000000000002 0.06063390625908324
41.5 0.0238 0.06482037235521643
42.5 0.018099999999999998 0.07432941462471664
43.5 0.013000000000000001 0.08770580193070293
44.5 0.009999999999999998 0.1
45.5 0.0071 0.11867816581938533
46.5 0.0063999999999999994 0.12500000000000003
47.5 0.0042 0.1543033499620919
48.5 0.0029 0.18569533817705186
49.5 0.0018 0.23570226039551587
50.5 0.0015 0.2581988897471611
51.5 0.0015999999999999999 0.25000000000000006
52.5 0.0008 0.35355339059327373
53.5 0.00030000000000000003 0.5773502691896257
54.5 0.0007 0.3779644730092272
55.5 0.0002 0.7071067811865475
56.5 0.0003 0.5773502691896258
57.5 0.0007 0.3779644730092272
58.5 0.0003 0.5773502691896258
59.5 0.0 inf
60.5 0.0 inf
61.5 0.0 inf
62.5 0.0 inf
63.5 0.0 inf
64.5 0.0 inf
65.5 0.0 inf
66.5 0.0 inf
67.5 0.0 inf
68.5 0.0 inf
69.5 0.0 inf
70.5 0.0 inf
71.5 0.0 inf
72.5 0.0 inf
73.5 0.0 inf
74.5 0.0 inf
75.5 0.0 inf
76.5 0.0 inf
77.5 0.0 inf
78.5 0.0 inf
79.5 0.0 inf
80.5 0.0 inf
81.5 0.0 inf
82.5 0.0 inf
83.5 0.0 inf
84.5 0.0 inf
85.5 0.0 inf
86.5 0.0 inf
87.5 0.0 inf
88.5 0.0 inf
89.5 0.0 inf
90.5 0.0 inf
91.5 0.0 inf
92.5 0.0 inf
93.5 0.0 inf
94.5 0.0 inf
95.5 0.0 inf
96.5 0.0 inf
97.5 0.0 inf
