0.5 44243717.0 0.00015033987926151373
1.5 5740386.0 0.0004173779020141662
2.5 3226182.0 0.0005567440291562469
3.5 1744262.0 0.0007571712934765485
4.5 1000728.0 0.0009996361986235054
5.5 630910.0 0.001258972646781001
6.5 410176.0 0.0015614025245455948
7.5 281146.0 0.0018859668097128688
8.5 199816.0 0.0022370972790419787
9.5 142794.0 0.002646336216007468
10.5 106010.0 0.0030713307134961772
11.5 77960.0 0.003581492819454337
12.5 59349.0 0.004104812244589122
13.5 44854.0 0.0047217110955145815
14.5 35090.0 0.00533836563195185
15.5 26295.0 0.006166850390154629
16.5 20839.0 0.006927261186808703
17.5 16192.0 0.007858682668274143
18.5 12160.0 0.009068453126375145
19.5 9744.0 0.010130511230913847
20.5 7627.0 0.011450465084397668
21.5 5829.0 0.013097939266856333
22.5 4619.0 0.014713839651479712
23.5 3607.0 0.01665048655513923
24.5 2750.0 0.019069251784911846
25.5 2123.0 0.021703261485649127
26.5 1724.0 0.0240841525429544
27.5 1216.0 0.028676966733820218
28.5 1003.0 0.03157544889753363
29.5 713.0 0.03745029431365691
30.5 574.0 0.04173919355648411
31.5 415.0 0.0490880693673816
32.5 312.0 0.05661385170722978
33.5 251.0 0.06311944030978031
34.5 182.0 0.07412493166611012
35.5 135.0 0.08606629658238704
36.5 105.0 0.09759000729485333
37.5 71.0 0.11867816581938533
38.5 59.0 0.13018891098082389
39.5 40.0 0.15811388300841897
40.5 28.0 0.1889822365046136
41.5 28.0 0.1889822365046136
42.5 16.0 0.25
43.5 12.0 0.2886751345948129
44.5 12.0 0.2886751345948129
45.5 12.0 0.2886751345948129
46.5 3.0 0.5773502691896258
47.5 6.0 0.4082482904638631
48.5 2.0 0.7071067811865475
49.5 1.0 1.0
50.5 3.0 0.5773502691896258
51.5 0.0 inf
52.5 0.0 inf
53.5 0.0 inf
54.5 0.0 inf
55.5 0.0 inf
56.5 0.0 inf
57.5 0.0 inf
58.5 0.0 inf
59.5 0.0 inf
60.5 0.0 inf
61.5 0.0 inf
62.5 0.0 inf
63.5 0.0 inf
64.5 0.0 inf
65.5 0.0 inf
66.5 0.0 inf
67.5 0.0 inf
68.5 0.0 inf
69.5 0.0 inf
70.5 0.0 inf
71.5 0.0 inf
72.5 0.0 inf
73.5 0.0 inf
74.5 0.0 inf
75.5 0.0 inf
76.5 0.0 inf
77.5 0.0 inf
78.5 0.0 inf
79.5 0.0 inf
80.5 0.0 inf
81.5 0.0 inf
82.5 0.0 inf
83.5 0.0 inf
84.5 0.0 inf
85.5 0.0 inf
86.5 0.0 inf
87.5 0.0 inf
88.5 0.0 inf
89.5 0.0 inf
90.5 0.0 inf
91.5 0.0 inf
92.5 0.0 inf
93.5 0.0 inf
94.5 0.0 inf
95.5 0.0 inf
96.5 0.0 inf
97.5 0.0 inf
