0.5 498.0 0.04481107149482209
1.5 328.0 0.05521576303742327
2.5 316.0 0.0562543950463012
3.5 319.0 0.05598925109558543
4.5 261.0 0.061898446059017294
5.5 232.0 0.06565321642986127
6.5 212.0 0.06868028197434452
7.5 180.0 0.07453559924999299
8.5 164.0 0.07808688094430304
9.5 154.0 0.08058229640253803
10.5 140.0 0.08451542547285165
11.5 114.0 0.0936585811581694
12.5 92.0 0.10425720702853739
13.5 92.0 0.10425720702853739
14.5 80.0 0.11180339887498948
15.5 66.0 0.12309149097933272
16.5 51.0 0.14002800840280097
17.5 52.0 0.1386750490563073
18.5 41.0 0.15617376188860607
19.5 27.0 0.19245008972987526
20.5 28.0 0.1889822365046136
21.5 21.0 0.2182178902359924
22.5 19.0 0.22941573387056174
23.5 8.0 0.35355339059327373
24.5 6.0 0.4082482904638631
25.5 5.0 0.4472135954999579
26.5 4.0 0.5
27.5 5.0 0.4472135954999579
28.5 1.0 1.0
29.5 0.0 inf
30.5 1.0 1.0
31.5 1.0 1.0
32.5 0.0 inf
33.5 0.0 inf
34.5 1.0 1.0
35.5 0.0 inf
36.5 0.0 inf
37.5 0.0 inf
38.5 0.0 inf
39.5 0.0 inf
40.5 0.0 inf
41.5 0.0 inf
42.5 0.0 inf
43.5 0.0 inf
44.5 0.0 inf
45.5 0.0 inf
46.5 0.0 inf
47.5 0.0 inf
48.5 0.0 inf
49.5 0.0 inf
50.5 0.0 inf
51.5 0.0 inf
52.5 0.0 inf
53.5 0.0 inf
54.5 0.0 inf
55.5 0.0 inf
56.5 0.0 inf
57.5 0.0 inf
58.5 0.0 inf
59.5 0.0 inf
60.5 0.0 inf
61.5 0.0 inf
62.5 0.0 inf
63.5 0.0 inf
64.5 0.0 inf
65.5 0.0 inf
66.5 0.0 inf
67.5 0.0 inf
68.5 0.0 inf
69.5 0.0 inf
70.5 0.0 inf
71.5 0.0 inf
72.5 0.0 inf
73.5 0.0 inf
74.5 0.0 inf
75.5 0.0 inf
76.5 0.0 inf
77.5 0.0 inf
78.5 0.0 inf
79.5 0.0 inf
80.5 0.0 inf
81.5 0.0 inf
82.5 0.0 inf
83.5 0.0 inf
84.5 0.0 inf
85.5 0.0 inf
86.5 0.0 inf
87.5 0.0 inf
88.5 0.0 inf
89.5 0.0 inf
90.5 0.0 inf
91.5 0.0 inf
92.5 0.0 inf
93.5 0.0 inf
94.5 0.0 inf
95.5 0.0 inf
96.5 0.0 inf
97.5 0.0 inf
