0.5 59.5997 0.0012953226604214547
1.5 32.4808 0.0017546344071939302
2.5 32.9597 0.0017418404628122951
3.5 30.3547 0.0018150434562225846
4.5 26.927599999999998 0.0019270863548632442
5.5 24.2578 0.002030365823460046
6.5 21.296 0.002166960430103619
7.5 18.9279 0.0022985226281728196
8.5 17.020400000000002 0.002423902344997168
9.5 14.8673 0.002593486236360652
10.5 13.3296 0.0027389962738500915
11.5 11.6888 0.002924927031293069
12.5 10.4743 0.0030898507046471495
13.5 9.1385 0.00330797746176778
14.5 8.0928 0.003515204505079982
15.5 7.011 0.003776678504683993
16.5 6.223599999999999 0.004008474857820206
17.5 5.4196 0.004295526305305891
18.5 4.5784 0.0046735095400120465
19.5 3.9402999999999997 0.005037735430291501
20.5 3.4344 0.005396032568651467
21.5 2.8512 0.005922242120989178
22.5 2.4391999999999996 0.006402893737407229
23.5 2.0706 0.006949473371488081
24.5 1.7238 0.0076165195613590335
25.5 1.4002 0.008450938930347119
26.5 1.1682000000000001 0.009252123027556148
27.5 0.959 0.010211527151069941
28.5 0.8097000000000001 0.011113169296015512
29.5 0.6536 0.012369267399882335
30.5 0.5306 0.013728287863908267
31.5 0.43379999999999996 0.015182917289142565
32.5 0.3391 0.01717260201892146
33.5 0.2707 0.01922011014307878
34.5 0.2129 0.02167265757643838
35.5 0.177 0.023769134427076417
36.5 0.13490000000000002 0.027226638505866502
37.5 0.1072 0.030542361089076306
38.5 0.0805 0.035245368842512066
39.5 0.0597 0.0409272754535029
40.5 0.0474 0.04593152121746254
41.5 0.0378 0.05143444998736397
42.5 0.0279 0.05986843400892496
43.5 0.0196 0.07142857142857142
44.5 0.0165 0.0778498944161523
45.5 0.0133 0.086710996952412
46.5 0.009899999999999999 0.10050378152592121
47.5 0.0076 0.11470786693528087
48.5 0.006200000000000001 0.1270001270001905
49.5 0.0053 0.13736056394868904
50.5 0.0021999999999999997 0.21320071635561047
51.5 0.0018 0.23570226039551587
52.5 0.0017000000000000001 0.24253562503633297
53.5 0.0017000000000000001 0.24253562503633297
54.5 0.0005 0.4472135954999579
55.5 0.001 0.31622776601683794
56.5 0.0007 0.3779644730092272
57.5 0.0005 0.4472135954999579
58.5 0.0002 0.7071067811865475
59.5 0.00039999999999999996 0.5000000000000001
60.5 0.0004 0.5
61.5 0.0 inf
62.5 0.0001 1.0
63.5 0.0 inf
64.5 0.0 inf
65.5 0.0 inf
66.5 0.0 inf
67.5 0.0 inf
68.5 0.0001 1.0
69.5 0.0 inf
70.5 0.0 inf
71.5 0.0 inf
72.5 0.0 inf
73.5 0.0 inf
74.5 0.0 inf
75.5 0.0 inf
76.5 0.0 inf
77.5 0.0 inf
78.5 0.0 inf
79.5 0.0 inf
80.5 0.0 inf
81.5 0.0 inf
82.5 0.0 inf
83.5 0.0 inf
84.5 0.0 inf
85.5 0.0 inf
86.5 0.0 inf
87.5 0.0 inf
88.5 0.0 inf
89.5 0.0 inf
90.5 0.0 inf
91.5 0.0 inf
92.5 0.0 inf
93.5 0.0 inf
94.5 0.0 inf
95.5 0.0 inf
96.5 0.0 inf
97.5 0.0 inf
