0.5 1321.0 0.027513674254937545
1.5 748.0 0.036563621206356534
2.5 771.0 0.03601412030328099
3.5 735.0 0.03688555567816588
4.5 642.0 0.03946685189819292
5.5 560.0 0.042257712736425826
6.5 526.0 0.04360207201969474
7.5 464.0 0.046423834544262965
8.5 372.0 0.05184758473652126
9.5 325.0 0.05547001962252291
10.5 353.0 0.05322462954123495
11.5 284.0 0.05933908290969266
12.5 212.0 0.06868028197434452
13.5 209.0 0.06917144638660747
14.5 167.0 0.07738232325341368
15.5 141.0 0.0842151921066519
16.5 128.0 0.08838834764831843
17.5 108.0 0.09622504486493763
18.5 72.0 0.11785113019775793
19.5 77.0 0.11396057645963795
20.5 55.0 0.13483997249264842
21.5 53.0 0.13736056394868904
22.5 50.0 0.1414213562373095
23.5 34.0 0.17149858514250882
24.5 35.0 0.1690308509457033
25.5 20.0 0.22360679774997896
26.5 17.0 0.24253562503633297
27.5 17.0 0.24253562503633297
28.5 13.0 0.2773500981126146
29.5 6.0 0.4082482904638631
30.5 4.0 0.5
31.5 4.0 0.5
32.5 4.0 0.5
33.5 2.0 0.7071067811865475
34.5 0.0 inf
35.5 0.0 inf
36.5 0.0 inf
37.5 1.0 1.0
38.5 0.0 inf
39.5 0.0 inf
40.5 0.0 inf
41.5 0.0 inf
42.5 0.0 inf
43.5 0.0 inf
44.5 0.0 inf
45.5 0.0 inf
46.5 0.0 inf
47.5 0.0 inf
48.5 0.0 inf
49.5 0.0 inf
50.5 0.0 inf
51.5 0.0 inf
52.5 0.0 inf
53.5 0.0 inf
54.5 0.0 inf
55.5 0.0 inf
56.5 0.0 inf
57.5 0.0 inf
58.5 0.0 inf
59.5 0.0 inf
60.5 0.0 inf
61.5 0.0 inf
62.5 0.0 inf
63.5 0.0 inf
64.5 0.0 inf
65.5 0.0 inf
66.5 0.0 inf
67.5 0.0 inf
68.5 0.0 inf
69.5 0.0 inf
70.5 0.0 inf
71.5 0.0 inf
72.5 0.0 inf
73.5 0.0 inf
74.5 0.0 inf
75.5 0.0 inf
76.5 0.0 inf
77.5 0.0 inf
78.5 0.0 inf
79.5 0.0 inf
80.5 0.0 inf
81.5 0.0 inf
82.5 0.0 inf
83.5 0.0 inf
84.5 0.0 inf
85.5 0.0 inf
86.5 0.0 inf
87.5 0.0 inf
88.5 0.0 inf
89.5 0.0 inf
90.5 0.0 inf
91.5 0.0 inf
92.5 0.0 inf
93.5 0.0 inf
94.5 0.0 inf
95.5 0.0 inf
96.5 0.0 inf
97.5 0.0 inf
