0.5 322007.0 0.0017622492873461467
1.5 150185.0 0.0025803981422822483
2.5 136717.0 0.0027045109240565555
3.5 111772.0 0.0029911176047827817
4.5 87397.0 0.003382608511878703
5.5 70238.0 0.0037732356725252224
6.5 55755.0 0.00423504559077587
7.5 44428.0 0.004744294265893518
8.5 36191.0 0.005256536789789347
9.5 29207.0 0.005851356040665864
10.5 24075.0 0.0064449099269710906
11.5 19181.0 0.00722045186857321
12.5 15890.0 0.007933010907064528
13.5 12740.0 0.008859623899229174
14.5 10610.0 0.009708280325593281
15.5 8665.0 0.010742756117576677
16.5 7072.0 0.011891287353862351
17.5 5653.0 0.01330027152781489
18.5 4470.0 0.014957060089885258
19.5 3702.0 0.01643545731515533
20.5 2972.0 0.018343220956176326
21.5 2421.0 0.020323692028323077
22.5 1934.0 0.022739021124401262
23.5 1568.0 0.025253813613805267
24.5 1264.0 0.0281271975231506
25.5 994.0 0.03171807398477756
26.5 782.0 0.03575992699260758
27.5 590.0 0.04116934847963091
28.5 468.0 0.046225016352102424
29.5 355.0 0.053074489243427524
30.5 265.0 0.06142951168339512
31.5 233.0 0.06551217820804184
32.5 154.0 0.08058229640253803
33.5 126.0 0.0890870806374748
34.5 87.0 0.10721125348377948
35.5 72.0 0.11785113019775793
36.5 72.0 0.11785113019775793
37.5 43.0 0.15249857033260467
38.5 35.0 0.1690308509457033
39.5 21.0 0.2182178902359924
40.5 19.0 0.22941573387056174
41.5 14.0 0.2672612419124244
42.5 4.0 0.5
43.5 3.0 0.5773502691896258
44.5 4.0 0.5
45.5 4.0 0.5
46.5 5.0 0.4472135954999579
47.5 1.0 1.0
48.5 0.0 inf
49.5 1.0 1.0
50.5 1.0 1.0
51.5 0.0 inf
52.5 1.0 1.0
53.5 0.0 inf
54.5 0.0 inf
55.5 0.0 inf
56.5 0.0 inf
57.5 0.0 inf
58.5 0.0 inf
59.5 0.0 inf
60.5 0.0 inf
61.5 0.0 inf
62.5 0.0 inf
63.5 0.0 inf
64.5 0.0 inf
65.5 0.0 inf
66.5 0.0 inf
67.5 0.0 inf
68.5 0.0 inf
69.5 0.0 inf
70.5 0.0 inf
71.5 0.0 inf
72.5 0.0 inf
73.5 0.0 inf
74.5 0.0 inf
75.5 0.0 inf
76.5 0.0 inf
77.5 0.0 inf
78.5 0.0 inf
79.5 0.0 inf
80.5 0.0 inf
81.5 0.0 inf
82.5 0.0 inf
83.5 0.0 inf
84.5 0.0 inf
85.5 0.0 inf
86.5 0.0 inf
87.5 0.0 inf
88.5 0.0 inf
89.5 0.0 inf
90.5 0.0 inf
91.5 0.0 inf
92.5 0.0 inf
93.5 0.0 inf
94.5 0.0 inf
95.5 0.0 inf
96.5 0.0 inf
97.5 0.0 inf
