0.5 65.18350000000001 0.001238600246186315
1.5 34.1827 0.0017103965751666275
2.5 33.808 0.0017198487700275458
3.5 30.211399999999998 0.0018193429595937706
4.5 25.9968 0.0019612820493757005
5.5 22.803800000000003 0.0020940950408089676
6.5 19.5597 0.002261095497986562
7.5 17.101799999999997 0.0024181269005455314
8.5 15.0779 0.0025753103347409684
9.5 12.8894 0.002785374845943402
10.5 11.398499999999999 0.002961939259630873
11.5 9.8474 0.003186685544931014
12.5 8.6848 0.0033932830612368944
13.5 7.5175 0.003647231093011026
14.5 6.566800000000001 0.0039023220261262316
15.5 5.6157 0.00421986007429174
16.5 4.9338 0.004502038759677191
17.5 4.232200000000001 0.004860902483103178
18.5 3.5536 0.005304759868504358
19.5 3.0464 0.00572936560642632
20.5 2.5774 0.0062288674313849615
21.5 2.2081999999999997 0.006729469005952408
22.5 1.8329 0.007386362444091903
23.5 1.5648 0.007994118492388493
24.5 1.2747 0.008857190939167035
25.5 1.0405 0.009803450441422362
26.5 0.8606 0.010779517679116075
27.5 0.6993 0.011958266722236254
28.5 0.5972 0.01294017353406675
29.5 0.4762 0.014491231834595648
30.5 0.3873 0.01606853383165671
31.5 0.29500000000000004 0.018411492357966467
32.5 0.2445 0.02022369785697524
33.5 0.1971 0.022524579279982866
34.5 0.1518 0.025666350116967267
35.5 0.1207 0.02878368312517019
36.5 0.0926 0.03286203899503875
37.5 0.0696 0.03790490217894517
38.5 0.0615 0.04032389192727559
39.5 0.0471 0.04607756775840914
40.5 0.0346 0.053760333057047034
41.5 0.0257 0.06237828615518053
42.5 0.0221 0.06726727939963124
43.5 0.015099999999999999 0.08137884587711594
44.5 0.010100000000000001 0.0995037190209989
45.5 0.0102 0.09901475429766741
46.5 0.008 0.11180339887498948
47.5 0.005 0.1414213562373095
48.5 0.0037 0.1643989873053573
49.5 0.0026 0.19611613513818404
50.5 0.0015999999999999999 0.25000000000000006
51.5 0.0013000000000000002 0.2773500981126145
52.5 0.001 0.31622776601683794
53.5 0.0003 0.5773502691896258
54.5 0.0005 0.4472135954999579
55.5 0.0009 0.3333333333333333
56.5 0.0002 0.7071067811865475
57.5 0.0004 0.5
58.5 0.0001 1.0
59.5 0.0001 1.0
60.5 0.0001 1.0
61.5 0.0 inf
62.5 0.0 inf
63.5 0.0 inf
64.5 0.0 inf
65.5 0.0 inf
66.5 0.0 inf
67.5 0.0 inf
68.5 0.0 inf
69.5 0.0 inf
70.5 0.0 inf
71.5 0.0 inf
72.5 0.0 inf
73.5 0.0 inf
74.5 0.0 inf
75.5 0.0 inf
76.5 0.0 inf
77.5 0.0 inf
78.5 0.0 inf
79.5 0.0 inf
80.5 0.0 inf
81.5 0.0 inf
82.5 0.0 inf
83.5 0.0 inf
84.5 0.0 inf
85.5 0.0 inf
86.5 0.0 inf
87.5 0.0 inf
88.5 0.0 inf
89.5 0.0 inf
90.5 0.0 inf
91.5 0.0 inf
92.5 0.0 inf
93.5 0.0 inf
94.5 0.0 inf
95.5 0.0 inf
96.5 0.0 inf
97.5 0.0 inf
