0.5 38.4738 0.0016121945863209963
1.5 20.2851 0.0022202987963890154
2.5 20.5753 0.0022045853236244846
3.5 18.9063 0.0022998352572018137
4.5 16.5831 0.0024556538032273487
5.5 14.9483 0.0025864500604291635
6.5 13.1473 0.0027579203127371674
7.5 11.665299999999998 0.0029278717134970235
8.5 10.4315 0.0030961829789223553
9.5 9.0887 0.0033170278337235695
10.5 8.1531 0.0035021812248391994
11.5 7.1772 0.0037326947487705585
12.5 6.3444 0.003970129945273737
13.5 5.6117 0.004221363757085483
14.5 4.9036 0.004515880924076051
15.5 4.269 0.004839905951861306
16.5 3.7704 0.005149988824536376
17.5 3.2617 0.005537044236528419
18.5 2.7988 0.005977424060522559
19.5 2.3830999999999998 0.0064778198601515005
20.5 2.0729 0.006945616884212843
21.5 1.7692999999999999 0.0075179470267321075
22.5 1.459 0.008278894609555937
23.5 1.2648000000000001 0.008891787425369734
24.5 1.029 0.00985807941917649
25.5 0.8457 0.010874062747155026
26.5 0.7075 0.01188876596555528
27.5 0.5863 0.013059906055209673
28.5 0.4968 0.014187608845979145
29.5 0.4022 0.015768085525318675
30.5 0.30979999999999996 0.017966326727018395
31.5 0.2616 0.019551547175144377
32.5 0.2076 0.021947564065307356
33.5 0.156 0.025318484177091666
34.5 0.1276 0.027994625547792716
35.5 0.1052 0.030831320798910367
36.5 0.0803 0.035289233662029275
37.5 0.0593 0.04106507811765909
38.5 0.0495 0.044946657497549475
39.5 0.0375 0.051639777949432225
40.5 0.0317 0.05616559563017304
41.5 0.0227 0.0663723311599972
42.5 0.0155 0.08032193289024989
43.5 0.011 0.09534625892455924
44.5 0.0094 0.10314212462587934
45.5 0.0073 0.11704114719613057
46.5 0.0049 0.14285714285714285
47.5 0.0039 0.16012815380508713
48.5 0.0027 0.19245008972987526
49.5 0.0018 0.23570226039551587
50.5 0.0015 0.2581988897471611
51.5 0.0023 0.20851441405707477
52.5 0.0006 0.4082482904638631
53.5 0.0003 0.5773502691896258
54.5 0.00030000000000000003 0.5773502691896257
55.5 0.0006 0.4082482904638631
56.5 0.0005 0.4472135954999579
57.5 0.00030000000000000003 0.5773502691896257
58.5 0.0 inf
59.5 0.0001 1.0
60.5 0.0 inf
61.5 0.0 inf
62.5 0.0 inf
63.5 0.0001 1.0
64.5 0.0 inf
65.5 0.0 inf
66.5 0.0 inf
67.5 0.0 inf
68.5 0.0 inf
69.5 0.0 inf
70.5 0.0 inf
71.5 0.0 inf
72.5 0.0 inf
73.5 0.0 inf
74.5 0.0 inf
75.5 0.0 inf
76.5 0.0 inf
77.5 0.0 inf
78.5 0.0 inf
79.5 0.0 inf
80.5 0.0 inf
81.5 0.0 inf
82.5 0.0 inf
83.5 0.0 inf
84.5 0.0 inf
85.5 0.0 inf
86.5 0.0 inf
87.5 0.0 inf
88.5 0.0 inf
89.5 0.0 inf
90.5 0.0 inf
91.5 0.0 inf
92.5 0.0 inf
93.5 0.0 inf
94.5 0.0 inf
95.5 0.0 inf
96.5 0.0 inf
97.5 0.0 inf
