0.5 38.465199999999996 0.0016123748024456537
1.5 20.295299999999997 0.0022197407880342876
2.5 20.5781 0.002204435332884321
3.5 18.8309 0.002304434993315882
4.5 16.6059 0.0024539674104936144
5.5 14.9343 0.0025876620964329074
6.5 13.1614 0.0027564426167109753
7.5 11.6441 0.0029305358375363824
8.5 10.4178 0.0030982181384833223
9.5 9.1202 0.0033112945848070064
10.5 8.1673 0.0034991353829895207
11.5 7.1111 0.003750002929690933
12.5 6.416 0.0039479152615929086
13.5 5.5756 0.0042350076122212735
14.5 4.944 0.004497392268507216
15.5 4.2573 0.00484655195369363
16.5 3.7607 0.005156626248529628
17.5 3.2586 0.0055396773852307716
18.5 2.7983000000000002 0.005977958059474865
19.5 2.3937999999999997 0.006463326105256162
20.5 2.057 0.00697240898952155
21.5 1.7589 0.007540140276566528
22.5 1.4747 0.008234707166359016
23.5 1.2659 0.008887923339787595
24.5 1.0395 0.009808164772274995
25.5 0.8573999999999999 0.010799614676622386
26.5 0.7101 0.01186698090848174
27.5 0.5851999999999999 0.013072174640400055
28.5 0.489 0.01430031389533504
29.5 0.3922 0.015967841215554487
30.5 0.3226 0.017606288680921175
31.5 0.2426 0.020302737602678898
32.5 0.2019 0.02225521737361166
33.5 0.1633 0.02474610820719749
34.5 0.1206 0.02879561418604534
35.5 0.1071 0.030556616567607043
36.5 0.0822 0.03487900532075779
37.5 0.0649 0.03925343359894298
38.5 0.0449 0.04719291781830087
39.5 0.0398 0.05012547071170855
40.5 0.028200000000000003 0.05954913341754137
41.5 0.0222 0.06711560552140243
42.5 0.0194 0.07179581586177382
43.5 0.0137 0.0854357657716761
44.5 0.0103 0.09853292781642932
45.5 0.0083 0.10976425998969035
46.5 0.0052 0.1386750490563073
47.5 0.0036 0.16666666666666666
48.5 0.0028 0.1889822365046136
49.5 0.0021000000000000003 0.21821789023599233
50.5 0.0017000000000000001 0.24253562503633297
51.5 0.0014 0.2672612419124244
52.5 0.001 0.31622776601683794
53.5 0.0007 0.3779644730092272
54.5 0.0002 0.7071067811865475
55.5 0.0004 0.5
56.5 0.0 inf
57.5 0.0001 1.0
58.5 0.0004 0.5
59.5 0.0001 1.0
60.5 0.0 inf
61.5 0.0001 1.0
62.5 0.0 inf
63.5 0.0 inf
64.5 0.0 inf
65.5 0.0 inf
66.5 0.0 inf
67.5 0.0 inf
68.5 0.0 inf
69.5 0.0 inf
70.5 0.0 inf
71.5 0.0 inf
72.5 0.0 inf
73.5 0.0 inf
74.5 0.0 inf
75.5 0.0 inf
76.5 0.0 inf
77.5 0.0 inf
78.5 0.0 inf
79.5 0.0 inf
80.5 0.0 inf
81.5 0.0 inf
82.5 0.0 inf
83.5 0.0 inf
84.5 0.0 inf
85.5 0.0 inf
86.5 0.0 inf
87.5 0.0 inf
88.5 0.0 inf
89.5 0.0 inf
90.5 0.0 inf
91.5 0.0 inf
92.5 0.0 inf
93.5 0.0 inf
94.5 0.0 inf
95.5 0.0 inf
96.5 0.0 inf
97.5 0.0 inf
