0.5 38.4724 0.0016122239197117866
1.5 20.2956 0.002219724382392245
2.5 20.546599999999998 0.0022061244960270144
3.5 18.8955 0.00230049241558951
4.5 16.6342 0.0024518790371188923
5.5 14.8771 0.0025926318913573757
6.5 13.133600000000001 0.002759358367047486
7.5 11.707 0.0029226525639798107
8.5 10.4039 0.003100287115383096
9.5 9.0572 0.0033227909661602524
10.5 8.153500000000001 0.0035020953175802553
11.5 7.1609 0.003736940607554035
12.5 6.3719 0.0039615534902710005
13.5 5.5945 0.004227847959005279
14.5 4.9193999999999996 0.004508623097761806
15.5 4.2486999999999995 0.004851454544641185
16.5 3.7866 0.005138960561234481
17.5 3.3024 0.005502818164535149
18.5 2.8137999999999996 0.005961470337137241
19.5 2.363 0.00650531212992462
20.5 2.075 0.006942101345006233
21.5 1.7675 0.007521774144446015
22.5 1.4929000000000001 0.008184358432725308
23.5 1.2275 0.009025873648130484
24.5 1.0225 0.009889363528682976
25.5 0.8463 0.010870207379990003
26.5 0.7134 0.011839502334610976
27.5 0.5805 0.013124987182635961
28.5 0.4951 0.014211945612807335
29.5 0.403 0.015752427045264396
30.5 0.323 0.017595383576944672
31.5 0.2592 0.019641855032959652
32.5 0.1994 0.022394296451119462
33.5 0.15660000000000002 0.025269934785963448
34.5 0.13 0.027735009811261455
35.5 0.09570000000000001 0.03232540919176179
36.5 0.08099999999999999 0.03513641844631533
37.5 0.064 0.03952847075210474
38.5 0.0476 0.04583492485141056
39.5 0.0364 0.052414241836095915
40.5 0.0274 0.0604122093330177
41.5 0.0223 0.06696495301824251
42.5 0.0183 0.07392212709545729
43.5 0.013 0.08770580193070293
44.5 0.0088 0.10660035817780521
45.5 0.007300000000000001 0.11704114719613055
46.5 0.004699999999999999 0.14586499149789456
47.5 0.0048 0.14433756729740646
48.5 0.0033 0.17407765595569785
49.5 0.0021 0.2182178902359924
50.5 0.0019000000000000002 0.22941573387056174
51.5 0.0018 0.23570226039551587
52.5 0.0012000000000000001 0.28867513459481287
53.5 0.0007999999999999999 0.3535533905932738
54.5 0.0002 0.7071067811865475
55.5 0.00030000000000000003 0.5773502691896257
56.5 0.0003 0.5773502691896258
57.5 0.0 inf
58.5 0.0001 1.0
59.5 0.0001 1.0
60.5 0.0 inf
61.5 0.0 inf
62.5 0.0001 1.0
63.5 0.0 inf
64.5 0.0 inf
65.5 0.0 inf
66.5 0.0 inf
67.5 0.0 inf
68.5 0.0 inf
69.5 0.0 inf
70.5 0.0 inf
71.5 0.0 inf
72.5 0.0 inf
73.5 0.0 inf
74.5 0.0 inf
75.5 0.0 inf
76.5 0.0 inf
77.5 0.0 inf
78.5 0.0 inf
79.5 0.0 inf
80.5 0.0 inf
81.5 0.0 inf
82.5 0.0 inf
83.5 0.0 inf
84.5 0.0 inf
85.5 0.0 inf
86.5 0.0 inf
87.5 0.0 inf
88.5 0.0 inf
89.5 0.0 inf
90.5 0.0 inf
91.5 0.0 inf
92.5 0.0 inf
93.5 0.0 inf
94.5 0.0 inf
95.5 0.0 inf
96.5 0.0 inf
97.5 0.0 inf
