0.5 38.6576 0.0016083573793494385
1.5 20.4391 0.0022119184733903775
2.5 20.709200000000003 0.002197446644088714
3.5 19.0214 0.0022928664562422408
4.5 16.740099999999998 0.0024441112834872104
5.5 15.0053 0.0025815328669442565
6.5 13.1746 0.002755061392199152
7.5 11.7425 0.002918231329049255
8.5 10.4617 0.0030917108422699995
9.5 9.1904 0.003298623837307872
10.5 8.255400000000002 0.003480414260774946
11.5 7.2092 0.0037244012435533507
12.5 6.4071 0.003950656302970988
13.5 5.6294 0.004214722111142506
14.5 4.9940999999999995 0.004474776852637399
15.5 4.3281 0.0048067480273336965
16.5 3.7719 0.00514896470520624
17.5 3.2702999999999998 0.005529758983241947
18.5 2.8157 0.005959458633993962
19.5 2.3994 0.006455779266529425
20.5 2.0861 0.006923607480191465
21.5 1.7898999999999998 0.007474559717019729
22.5 1.4584000000000001 0.008280597443472587
23.5 1.2738 0.008860319399006455
24.5 1.0489 0.009764116606979435
25.5 0.8728 0.010703914495074853
26.5 0.7281 0.011719375898910499
27.5 0.5664 0.013287350086318348
28.5 0.4989 0.014157717688041934
29.5 0.3999 0.015813365095036135
30.5 0.3254 0.0175303757799037
31.5 0.2632 0.019492029389636262
32.5 0.1978 0.022484687520664393
33.5 0.16720000000000002 0.02445579940222592
34.5 0.13369999999999999 0.027348549437220978
35.5 0.1023 0.03126526997403612
36.5 0.0742 0.036711154910717615
37.5 0.0659 0.03895446935658099
38.5 0.0503 0.04458779620677098
39.5 0.040499999999999994 0.04969039949999533
40.5 0.026099999999999998 0.061898446059017294
41.5 0.023899999999999998 0.0646846227353151
42.5 0.0182 0.07412493166611012
43.5 0.0127 0.08873565094161139
44.5 0.009600000000000001 0.10206207261596574
45.5 0.007300000000000001 0.11704114719613055
46.5 0.0063 0.1259881576697424
47.5 0.004200000000000001 0.1543033499620919
48.5 0.0033 0.17407765595569785
49.5 0.0024000000000000002 0.20412414523193148
50.5 0.0013 0.2773500981126146
51.5 0.0008 0.35355339059327373
52.5 0.0007999999999999999 0.3535533905932738
53.5 0.0006 0.4082482904638631
54.5 0.00030000000000000003 0.5773502691896257
55.5 0.00030000000000000003 0.5773502691896257
56.5 0.0003 0.5773502691896258
57.5 0.0 inf
58.5 0.0001 1.0
59.5 0.0 inf
60.5 0.0001 1.0
61.5 0.0 inf
62.5 0.0 inf
63.5 0.0 inf
64.5 0.0 inf
65.5 0.0 inf
66.5 0.0 inf
67.5 0.0 inf
68.5 0.0 inf
69.5 0.0 inf
70.5 0.0 inf
71.5 0.0 inf
72.5 0.0 inf
73.5 0.0 inf
74.5 0.0 inf
75.5 0.0 inf
76.5 0.0 inf
77.5 0.0 inf
78.5 0.0 inf
79.5 0.0 inf
80.5 0.0 inf
81.5 0.0 inf
82.5 0.0 inf
83.5 0.0 inf
84.5 0.0 inf
85.5 0.0 inf
86.5 0.0 inf
87.5 0.0 inf
88.5 0.0 inf
89.5 0.0 inf
90.5 0.0 inf
91.5 0.0 inf
92.5 0.0 inf
93.5 0.0 inf
94.5 0.0 inf
95.5 0.0 inf
96.5 0.0 inf
97.5 0.0 inf
