0.5 38.504599999999996 0.001611549656531252
1.5 20.256999999999998 0.002221838233980367
2.5 20.5184 0.002207639997955718
3.5 18.896900000000002 0.0023004071966108357
4.5 16.6848 0.002448158306716483
5.5 14.9036 0.002590325894377612
6.5 13.087 0.0027642667431599485
7.5 11.6096 0.0029348869127683096
8.5 10.51 0.003084598492378178
9.5 9.0694 0.00332055533360821
10.5 8.1323 0.003506657132624363
11.5 7.1166 0.0037485535716675618
12.5 6.386 0.003957177607775536
13.5 5.602600000000001 0.004224790632485539
14.5 4.9625 0.004489001392432335
15.5 4.3114 0.004816048383266832
16.5 3.7846 0.005140318242841544
17.5 3.2804 0.0055212396530513
18.5 2.7632 0.006015806240642777
19.5 2.3785 0.00648408086036424
20.5 2.0617 0.006964457051808346
21.5 1.7353 0.007591239905217401
22.5 1.4842 0.008208310689257474
23.5 1.2515 0.00893891017193515
24.5 1.0379 0.009815721868472535
25.5 0.8576999999999999 0.010797725806528949
26.5 0.7084999999999999 0.0118803729069973
27.5 0.5809 0.013120467558816476
28.5 0.49479999999999996 0.014216253350904587
29.5 0.40249999999999997 0.015762208124782014
30.5 0.31589999999999996 0.017792017089454125
31.5 0.2571 0.019721909504608663
32.5 0.19879999999999998 0.022428065200812832
33.5 0.15689999999999998 0.02524576458934144
34.5 0.1248 0.02830692585361489
35.5 0.1048 0.03089010316076077
36.5 0.0784 0.03571428571428571
37.5 0.06269999999999999 0.03993615319154359
38.5 0.050699999999999995 0.04441155916843276
39.5 0.0395 0.05031546054266276
40.5 0.0303 0.0574484989621426
41.5 0.0234 0.06537204504606134
42.5 0.0172 0.07624928516630233
43.5 0.0106 0.09712858623572641
44.5 0.0108 0.09622504486493763
45.5 0.006699999999999999 0.12216944435630522
46.5 0.0043 0.15249857033260467
47.5 0.0025 0.2
48.5 0.0038000000000000004 0.16222142113076252
49.5 0.0023 0.20851441405707477
50.5 0.0021000000000000003 0.21821789023599233
51.5 0.0015 0.2581988897471611
52.5 0.0007 0.3779644730092272
53.5 0.0009 0.3333333333333333
54.5 0.0007999999999999999 0.3535533905932738
55.5 0.0002 0.7071067811865475
56.5 0.00039999999999999996 0.5000000000000001
57.5 0.0002 0.7071067811865475
58.5 0.0001 1.0
59.5 0.0 inf
60.5 0.0 inf
61.5 0.0001 1.0
62.5 0.0 inf
63.5 0.0 inf
64.5 0.0 inf
65.5 0.0 inf
66.5 0.0 inf
67.5 0.0 inf
68.5 0.0 inf
69.5 0.0 inf
70.5 0.0 inf
71.5 0.0 inf
72.5 0.0 inf
73.5 0.0 inf
74.5 0.0 inf
75.5 0.0 inf
76.5 0.0 inf
77.5 0.0 inf
78.5 0.0 inf
79.5 0.0 inf
80.5 0.0 inf
81.5 0.0 inf
82.5 0.0 inf
83.5 0.0 inf
84.5 0.0 inf
85.5 0.0 inf
86.5 0.0 inf
87.5 0.0 inf
88.5 0.0 inf
89.5 0.0 inf
90.5 0.0 inf
91.5 0.0 inf
92.5 0.0 inf
93.5 0.0 inf
94.5 0.0 inf
95.5 0.0 inf
96.5 0.0 inf
97.5 0.0 inf
