0.5 38.564099999999996 0.001610305958132045
1.5 20.2972 0.0022196368917776358
2.5 20.6849 0.002198737012426918
3.5 18.9212 0.002298929545772006
4.5 16.6039 0.002454115200682523
5.5 14.978100000000001 0.0025838758157938966
6.5 13.1629 0.0027562855547517986
7.5 11.7257 0.0029203211291588585
8.5 10.4178 0.0030982181384833223
9.5 9.148700000000002 0.003306132894778742
10.5 8.2171 0.0034885159571804592
11.5 7.1874 0.003730045181191901
12.5 6.4023 0.003952136989386236
13.5 5.613300000000001 0.004220762091097702
14.5 4.920999999999999 0.00450789007770286
15.5 4.225300000000001 0.004864869839898655
16.5 3.8068999999999997 0.005125240691759486
17.5 3.2839 0.005518296583754123
18.5 2.7605000000000004 0.0060187475025729655
19.5 2.3852 0.006474967600961924
20.5 2.0849 0.006925599694163307
21.5 1.7719 0.0075124292667030895
22.5 1.4883 0.00819699667879484
23.5 1.2545 0.008928215559724615
24.5 1.0649000000000002 0.009690486625334043
25.5 0.8551 0.010814129022001837
26.5 0.7261 0.011735504967785531
27.5 0.5838000000000001 0.013087839325038072
28.5 0.4881 0.01431349188666959
29.5 0.40759999999999996 0.015663287241915964
30.5 0.3167 0.017769531118903073
31.5 0.2606 0.019589023819033338
32.5 0.2021 0.022244202665006454
33.5 0.1593 0.025054867600094295
34.5 0.128 0.02795084971874737
35.5 0.097 0.03210806495339678
36.5 0.07730000000000001 0.03596750006328032
37.5 0.067 0.03863337046431279
38.5 0.050199999999999995 0.04463218426774518
39.5 0.039599999999999996 0.050251890762960605
40.5 0.0284 0.05933908290969266
41.5 0.0194 0.07179581586177382
42.5 0.016300000000000002 0.07832604499879572
43.5 0.011300000000000001 0.09407208683835973
44.5 0.0094 0.10314212462587934
45.5 0.0078 0.11322770341445956
46.5 0.0056 0.1336306209562122
47.5 0.0046 0.14744195615489714
48.5 0.0034000000000000002 0.17149858514250882
49.5 0.0038 0.16222142113076254
50.5 0.002 0.22360679774997896
51.5 0.0008 0.35355339059327373
52.5 0.0007 0.3779644730092272
53.5 0.0007 0.3779644730092272
54.5 0.0008 0.35355339059327373
55.5 0.00039999999999999996 0.5000000000000001
56.5 0.00030000000000000003 0.5773502691896257
57.5 0.0001 1.0
58.5 0.0002 0.7071067811865475
59.5 0.00030000000000000003 0.5773502691896257
60.5 0.0 inf
61.5 0.0001 1.0
62.5 0.0 inf
63.5 0.0 inf
64.5 0.0 inf
65.5 0.0 inf
66.5 0.0 inf
67.5 0.0 inf
68.5 0.0 inf
69.5 0.0 inf
70.5 0.0 inf
71.5 0.0 inf
72.5 0.0 inf
73.5 0.0 inf
74.5 0.0 inf
75.5 0.0 inf
76.5 0.0 inf
77.5 0.0 inf
78.5 0.0 inf
79.5 0.0 inf
80.5 0.0 inf
81.5 0.0 inf
82.5 0.0 inf
83.5 0.0 inf
84.5 0.0 inf
85.5 0.0 inf
86.5 0.0 inf
87.5 0.0 inf
88.5 0.0 inf
89.5 0.0 inf
90.5 0.0 inf
91.5 0.0 inf
92.5 0.0 inf
93.5 0.0 inf
94.5 0.0 inf
95.5 0.0 inf
96.5 0.0 inf
97.5 0.0 inf
