0.5 77.0 0.11396057645963795
1.5 174.0 0.07580980435789034
2.5 133.0 0.086710996952412
3.5 152.0 0.08111071056538127
4.5 156.0 0.08006407690254357
5.5 132.0 0.08703882797784893
6.5 135.0 0.08606629658238704
7.5 110.0 0.09534625892455924
8.5 95.0 0.10259783520851541
9.5 96.0 0.10206207261596577
10.5 74.0 0.11624763874381928
11.5 63.0 0.1259881576697424
12.5 54.0 0.13608276348795434
13.5 51.0 0.14002800840280097
14.5 43.0 0.15249857033260467
15.5 30.0 0.18257418583505536
16.5 25.0 0.2
17.5 16.0 0.25
18.5 17.0 0.24253562503633297
19.5 9.0 0.3333333333333333
20.5 14.0 0.2672612419124244
21.5 7.0 0.3779644730092272
22.5 5.0 0.4472135954999579
23.5 6.0 0.4082482904638631
24.5 3.0 0.5773502691896258
25.5 0.0 inf
26.5 3.0 0.5773502691896258
27.5 1.0 1.0
28.5 0.0 inf
29.5 0.0 inf
30.5 0.0 inf
31.5 0.0 inf
32.5 0.0 inf
33.5 0.0 inf
34.5 0.0 inf
35.5 0.0 inf
36.5 0.0 inf
37.5 0.0 inf
38.5 0.0 inf
39.5 0.0 inf
40.5 0.0 inf
41.5 0.0 inf
42.5 0.0 inf
43.5 0.0 inf
44.5 0.0 inf
45.5 0.0 inf
46.5 0.0 inf
47.5 0.0 inf
48.5 0.0 inf
49.5 0.0 inf
50.5 0.0 inf
51.5 0.0 inf
52.5 0.0 inf
53.5 0.0 inf
54.5 0.0 inf
55.5 0.0 inf
56.5 0.0 inf
57.5 0.0 inf
58.5 0.0 inf
59.5 0.0 inf
60.5 0.0 inf
61.5 0.0 inf
62.5 0.0 inf
63.5 0.0 inf
64.5 0.0 inf
65.5 0.0 inf
66.5 0.0 inf
67.5 0.0 inf
68.5 0.0 inf
69.5 0.0 inf
70.5 0.0 inf
71.5 0.0 inf
72.5 0.0 inf
73.5 0.0 inf
74.5 0.0 inf
75.5 0.0 inf
76.5 0.0 inf
77.5 0.0 inf
78.5 0.0 inf
79.5 0.0 inf
80.5 0.0 inf
81.5 0.0 inf
82.5 0.0 inf
83.5 0.0 inf
84.5 0.0 inf
85.5 0.0 inf
86.5 0.0 inf
87.5 0.0 inf
88.5 0.0 inf
89.5 0.0 inf
90.5 0.0 inf
91.5 0.0 inf
92.5 0.0 inf
93.5 0.0 inf
94.5 0.0 inf
95.5 0.0 inf
96.5 0.0 inf
97.5 0.0 inf
