0.5 99010269.0 0.00010049856943981609
1.5 12385359.0 0.0002841487175315597
2.5 6911836.0 0.00038036739964360255
3.5 3715438.0 0.0005187940549637264
4.5 2128437.0 0.0006854402449715881
5.5 1335069.0 0.0008654622792256948
6.5 866661.0 0.0010741758227935411
7.5 592580.0 0.0012990519081765085
8.5 421766.0 0.0015397996499923081
9.5 301991.0 0.0018197134282543048
10.5 223422.0 0.0021156169235031887
11.5 164432.0 0.0024660781224098618
12.5 125054.0 0.0028278163823606556
13.5 95038.0 0.003243779731531567
14.5 73364.0 0.0036919728521078218
15.5 55699.0 0.004237174021914522
16.5 43514.0 0.004793861650899826
17.5 33771.0 0.0054416178550065935
18.5 25951.0 0.0062075889468708205
19.5 20577.0 0.006971222931921282
20.5 15871.0 0.007937757996831099
21.5 12185.0 0.009059145463934526
22.5 9656.0 0.01017656876266632
23.5 7493.0 0.011552397761262904
24.5 5790.0 0.013141977464419205
25.5 4333.0 0.015191674812676982
26.5 3434.0 0.017064747028519057
27.5 2638.0 0.019469849944497734
28.5 2088.0 0.021884405476620426
29.5 1639.0 0.024700771787671945
30.5 1249.0 0.028295591748714637
31.5 909.0 0.033167906340332974
32.5 717.0 0.03734568434866355
33.5 515.0 0.044065264923923174
34.5 396.0 0.050251890762960605
35.5 312.0 0.05661385170722978
36.5 198.0 0.07106690545187015
37.5 183.0 0.07392212709545729
38.5 131.0 0.0873704056661038
39.5 98.0 0.10101525445522107
40.5 66.0 0.12309149097933272
41.5 49.0 0.14285714285714285
42.5 35.0 0.1690308509457033
43.5 23.0 0.20851441405707477
44.5 25.0 0.2
45.5 9.0 0.3333333333333333
46.5 9.0 0.3333333333333333
47.5 8.0 0.35355339059327373
48.5 6.0 0.4082482904638631
49.5 3.0 0.5773502691896258
50.5 3.0 0.5773502691896258
51.5 2.0 0.7071067811865475
52.5 2.0 0.7071067811865475
53.5 1.0 1.0
54.5 1.0 1.0
55.5 1.0 1.0
56.5 0.0 inf
57.5 0.0 inf
58.5 0.0 inf
59.5 0.0 inf
60.5 0.0 inf
61.5 0.0 inf
62.5 0.0 inf
63.5 0.0 inf
64.5 0.0 inf
65.5 0.0 inf
66.5 0.0 inf
67.5 0.0 inf
68.5 0.0 inf
69.5 0.0 inf
70.5 0.0 inf
71.5 0.0 inf
72.5 0.0 inf
73.5 0.0 inf
74.5 0.0 inf
75.5 0.0 inf
76.5 0.0 inf
77.5 0.0 inf
78.5 0.0 inf
79.5 0.0 inf
80.5 0.0 inf
81.5 0.0 inf
82.5 0.0 inf
83.5 0.0 inf
84.5 0.0 inf
85.5 0.0 inf
86.5 0.0 inf
87.5 0.0 inf
88.5 0.0 inf
89.5 0.0 inf
90.5 0.0 inf
91.5 0.0 inf
92.5 0.0 inf
93.5 0.0 inf
94.5 0.0 inf
95.5 0.0 inf
96.5 0.0 inf
97.5 0.0 inf
