0.5 6742.0 0.01217883161406843
1.5 3704.0 0.016431019497519374
2.5 3855.0 0.016106004229598327
3.5 3426.0 0.01708465922552469
4.5 2967.0 0.018358670483850786
5.5 2614.0 0.01955902529634922
6.5 2315.0 0.020783778356318634
7.5 2096.0 0.02184260141652595
8.5 1764.0 0.023809523809523808
9.5 1599.0 0.025007816164017767
10.5 1347.0 0.027246843806239894
11.5 1150.0 0.029488391230979426
12.5 1016.0 0.03137279025690793
13.5 890.0 0.033520076157699544
14.5 834.0 0.03462716805322218
15.5 694.0 0.037959480900056165
16.5 639.0 0.03955938860646178
17.5 506.0 0.044455422447438706
18.5 446.0 0.04735137238103784
19.5 307.0 0.05707301455353496
20.5 280.0 0.05976143046671968
21.5 243.0 0.06415002990995841
22.5 221.0 0.06726727939963124
23.5 171.0 0.07647191129018725
24.5 133.0 0.086710996952412
25.5 108.0 0.09622504486493763
26.5 108.0 0.09622504486493763
27.5 64.0 0.125
28.5 65.0 0.12403473458920847
29.5 38.0 0.16222142113076254
30.5 39.0 0.16012815380508713
31.5 22.0 0.21320071635561041
32.5 24.0 0.20412414523193154
33.5 21.0 0.2182178902359924
34.5 11.0 0.30151134457776363
35.5 17.0 0.24253562503633297
36.5 6.0 0.4082482904638631
37.5 6.0 0.4082482904638631
38.5 4.0 0.5
39.5 5.0 0.4472135954999579
40.5 2.0 0.7071067811865475
41.5 0.0 inf
42.5 1.0 1.0
43.5 0.0 inf
44.5 0.0 inf
45.5 1.0 1.0
46.5 0.0 inf
47.5 1.0 1.0
48.5 0.0 inf
49.5 0.0 inf
50.5 0.0 inf
51.5 0.0 inf
52.5 0.0 inf
53.5 0.0 inf
54.5 0.0 inf
55.5 0.0 inf
56.5 0.0 inf
57.5 0.0 inf
58.5 0.0 inf
59.5 0.0 inf
60.5 0.0 inf
61.5 0.0 inf
62.5 0.0 inf
63.5 0.0 inf
64.5 0.0 inf
65.5 0.0 inf
66.5 0.0 inf
67.5 0.0 inf
68.5 0.0 inf
69.5 0.0 inf
70.5 0.0 inf
71.5 0.0 inf
72.5 0.0 inf
73.5 0.0 inf
74.5 0.0 inf
75.5 0.0 inf
76.5 0.0 inf
77.5 0.0 inf
78.5 0.0 inf
79.5 0.0 inf
80.5 0.0 inf
81.5 0.0 inf
82.5 0.0 inf
83.5 0.0 inf
84.5 0.0 inf
85.5 0.0 inf
86.5 0.0 inf
87.5 0.0 inf
88.5 0.0 inf
89.5 0.0 inf
90.5 0.0 inf
91.5 0.0 inf
92.5 0.0 inf
93.5 0.0 inf
94.5 0.0 inf
95.5 0.0 inf
96.5 0.0 inf
97.5 0.0 inf
