0.5 43.2027 0.0015214040054931397
1.5 23.0954 0.0020808331392768668
2.5 23.450200000000002 0.0020650317078244147
3.5 21.5158 0.0021558634550718344
4.5 19.004 0.0022939158865827886
5.5 17.0837 0.002419407551402133
6.5 15.0856 0.0025746530052141612
7.5 13.3825 0.0027335773919432613
8.5 11.9443 0.0028934744285021435
9.5 10.413699999999999 0.003098827981493618
10.5 9.420100000000001 0.003258158768464918
11.5 8.212499999999999 0.0034894928172680916
12.5 7.3165 0.0036969903037591236
13.5 6.4722 0.00393073744053541
14.5 5.6987000000000005 0.004189016805055873
15.5 4.9063 0.004514638179397658
16.5 4.3208 0.004810806818791615
17.5 3.795 0.005133270023393454
18.5 3.2276 0.005566217169486895
19.5 2.7556000000000003 0.006024096385542169
20.5 2.3907 0.006467515217212136
21.5 2.0488999999999997 0.006986177549517323
22.5 1.7109 0.007645179504328122
23.5 1.4266 0.008372379201410986
24.5 1.2086999999999999 0.009095796575730303
25.5 0.9784999999999999 0.010109265090722559
26.5 0.8244 0.011013643340918164
27.5 0.6535 0.012370213749862672
28.5 0.5663 0.013288523206886237
29.5 0.4563 0.01480385305614425
30.5 0.3568 0.016741238254560628
31.5 0.2993 0.018278756253377788
32.5 0.2344 0.02065480961930069
33.5 0.1928 0.022774375933713845
34.5 0.14350000000000002 0.02639818386742273
35.5 0.1197 0.028903665650804
36.5 0.0938 0.032651157422416956
37.5 0.0774 0.03594425773447947
38.5 0.055400000000000005 0.042485928866208736
39.5 0.0419 0.04885319687460315
40.5 0.0368 0.05212860351426869
41.5 0.0242 0.0642824346533225
42.5 0.020499999999999997 0.06984302957695783
43.5 0.0143 0.08362420100070908
44.5 0.0109 0.09578262852211514
45.5 0.0075 0.11547005383792514
46.5 0.006999999999999999 0.11952286093343939
47.5 0.005299999999999999 0.13736056394868904
48.5 0.0033 0.17407765595569785
49.5 0.002 0.22360679774997896
50.5 0.0018999999999999998 0.2294157338705618
51.5 0.0018 0.23570226039551587
52.5 0.0011 0.30151134457776363
53.5 0.0009 0.3333333333333333
54.5 0.0006000000000000001 0.40824829046386296
55.5 0.00030000000000000003 0.5773502691896257
56.5 0.0002 0.7071067811865475
57.5 0.0002 0.7071067811865475
58.5 0.0 inf
59.5 0.0 inf
60.5 0.0 inf
61.5 0.0 inf
62.5 0.0 inf
63.5 0.0 inf
64.5 0.0 inf
65.5 0.0 inf
66.5 0.0 inf
67.5 0.0 inf
68.5 0.0 inf
69.5 0.0 inf
70.5 0.0 inf
71.5 0.0 inf
72.5 0.0 inf
73.5 0.0 inf
74.5 0.0 inf
75.5 0.0 inf
76.5 0.0 inf
77.5 0.0 inf
78.5 0.0 inf
79.5 0.0 inf
80.5 0.0 inf
81.5 0.0 inf
82.5 0.0 inf
83.5 0.0 inf
84.5 0.0 inf
85.5 0.0 inf
86.5 0.0 inf
87.5 0.0 inf
88.5 0.0 inf
89.5 0.0 inf
90.5 0.0 inf
91.5 0.0 inf
92.5 0.0 inf
93.5 0.0 inf
94.5 0.0 inf
95.5 0.0 inf
96.5 0.0 inf
97.5 0.0 inf
