0.5 86343555.0 0.00010761802982597735
1.5 11646959.0 0.00029301761335060004
2.5 6597479.0 0.00038932383413592663
3.5 3584395.0 0.000528192303428032
4.5 2069416.0 0.0006951461130326053
5.5 1306096.0 0.0008750088595095541
6.5 849013.0 0.0010852825744092178
7.5 581708.0 0.0013111352142064787
8.5 415739.0 0.001550920785534218
9.5 296386.0 0.001836839276583732
10.5 220266.0 0.0021307194359335524
11.5 162223.0 0.0024828117138683487
12.5 123740.0 0.002842791080640991
13.5 94411.0 0.0032545331621162245
14.5 73120.0 0.003698127742047171
15.5 55332.0 0.004251202729107061
16.5 43220.0 0.004810138914007576
17.5 33455.0 0.005467256919286997
18.5 25651.0 0.006243783700547625
19.5 20023.0 0.007067005451324033
20.5 15794.0 0.00795708382391934
21.5 12203.0 0.009052461665084267
22.5 9665.0 0.01017182947396325
23.5 7607.0 0.011465507740758149
24.5 5655.0 0.013297919370836938
25.5 4351.0 0.015160218417872197
26.5 3436.0 0.01705977984837351
27.5 2608.0 0.019581511249698935
28.5 2112.0 0.02175970699446223
29.5 1633.0 0.02474610820719749
30.5 1238.0 0.028421021140160225
31.5 951.0 0.032427221756276076
32.5 703.0 0.03771571432023571
33.5 518.0 0.04393747751637468
34.5 387.0 0.05083285677753489
35.5 300.0 0.05773502691896257
36.5 237.0 0.06495698024616309
37.5 179.0 0.07474350927519359
38.5 124.0 0.08980265101338746
39.5 86.0 0.10783277320343841
40.5 48.0 0.14433756729740646
41.5 54.0 0.13608276348795434
42.5 42.0 0.1543033499620919
43.5 32.0 0.17677669529663687
44.5 24.0 0.20412414523193154
45.5 17.0 0.24253562503633297
46.5 12.0 0.2886751345948129
47.5 5.0 0.4472135954999579
48.5 2.0 0.7071067811865475
49.5 0.0 inf
50.5 1.0 1.0
51.5 2.0 0.7071067811865475
52.5 3.0 0.5773502691896258
53.5 1.0 1.0
54.5 2.0 0.7071067811865475
55.5 1.0 1.0
56.5 0.0 inf
57.5 0.0 inf
58.5 0.0 inf
59.5 0.0 inf
60.5 0.0 inf
61.5 0.0 inf
62.5 0.0 inf
63.5 0.0 inf
64.5 0.0 inf
65.5 0.0 inf
66.5 0.0 inf
67.5 0.0 inf
68.5 0.0 inf
69.5 0.0 inf
70.5 0.0 inf
71.5 0.0 inf
72.5 0.0 inf
73.5 0.0 inf
74.5 0.0 inf
75.5 0.0 inf
76.5 0.0 inf
77.5 0.0 inf
78.5 0.0 inf
79.5 0.0 inf
80.5 0.0 inf
81.5 0.0 inf
82.5 0.0 inf
83.5 0.0 inf
84.5 0.0 inf
85.5 0.0 inf
86.5 0.0 inf
87.5 0.0 inf
88.5 0.0 inf
89.5 0.0 inf
90.5 0.0 inf
91.5 0.0 inf
92.5 0.0 inf
93.5 0.0 inf
94.5 0.0 inf
95.5 0.0 inf
96.5 0.0 inf
97.5 0.0 inf
