0.5 46947.0 0.004615258994660049
1.5 24739.0 0.006357830269826712
2.5 24293.0 0.006415927162291491
3.5 21839.0 0.0067668044439671065
4.5 18398.0 0.0073724984978996615
5.5 16148.0 0.007869382036970558
6.5 13784.0 0.008517504423354133
7.5 11774.0 0.009215904893531876
8.5 10104.0 0.009948402116491737
9.5 8512.0 0.0108388746190515
10.5 7598.0 0.011472296305522982
11.5 6389.0 0.012510756054714394
12.5 5499.0 0.013485223234378915
13.5 4606.0 0.014734589232268476
14.5 4104.0 0.015609763526361568
15.5 3269.0 0.01749010995279634
16.5 2894.0 0.018588773540169683
17.5 2430.0 0.020286020648339485
18.5 1993.0 0.02239991398449545
19.5 1645.0 0.024655683636076897
20.5 1427.0 0.026472076758968607
21.5 1130.0 0.029748205865436483
22.5 940.0 0.03261640365267211
23.5 715.0 0.03739787960033829
24.5 656.0 0.03904344047215152
25.5 498.0 0.04481107149482209
26.5 435.0 0.04794633014853841
27.5 317.0 0.05616559563017304
28.5 281.0 0.05965499862718936
29.5 217.0 0.06788442333021306
30.5 173.0 0.07602859212697055
31.5 124.0 0.08980265101338746
32.5 94.0 0.10314212462587934
33.5 95.0 0.10259783520851541
34.5 70.0 0.11952286093343936
35.5 47.0 0.14586499149789456
36.5 35.0 0.1690308509457033
37.5 27.0 0.19245008972987526
38.5 18.0 0.23570226039551587
39.5 17.0 0.24253562503633297
40.5 13.0 0.2773500981126146
41.5 8.0 0.35355339059327373
42.5 3.0 0.5773502691896258
43.5 4.0 0.5
44.5 8.0 0.35355339059327373
45.5 3.0 0.5773502691896258
46.5 1.0 1.0
47.5 0.0 inf
48.5 1.0 1.0
49.5 0.0 inf
50.5 0.0 inf
51.5 1.0 1.0
52.5 0.0 inf
53.5 0.0 inf
54.5 0.0 inf
55.5 0.0 inf
56.5 0.0 inf
57.5 0.0 inf
58.5 0.0 inf
59.5 0.0 inf
60.5 0.0 inf
61.5 0.0 inf
62.5 0.0 inf
63.5 0.0 inf
64.5 0.0 inf
65.5 0.0 inf
66.5 0.0 inf
67.5 0.0 inf
68.5 0.0 inf
69.5 0.0 inf
70.5 0.0 inf
71.5 0.0 inf
72.5 0.0 inf
73.5 0.0 inf
74.5 0.0 inf
75.5 0.0 inf
76.5 0.0 inf
77.5 0.0 inf
78.5 0.0 inf
79.5 0.0 inf
80.5 0.0 inf
81.5 0.0 inf
82.5 0.0 inf
83.5 0.0 inf
84.5 0.0 inf
85.5 0.0 inf
86.5 0.0 inf
87.5 0.0 inf
88.5 0.0 inf
89.5 0.0 inf
90.5 0.0 inf
91.5 0.0 inf
92.5 0.0 inf
93.5 0.0 inf
94.5 0.0 inf
95.5 0.0 inf
96.5 0.0 inf
97.5 0.0 inf
