0.5 1439239.0 0.0008335536174069491
1.5 626950.0 0.0012629424082661162
2.5 542068.0 0.0013582293624027119
3.5 424680.0 0.001534507783526588
4.5 320393.0 0.0017666824324147417
5.5 248178.0 0.0020073280796996003
6.5 190353.0 0.0022920291522841468
7.5 148914.0 0.002591386758566497
8.5 118957.0 0.0028993790629859716
9.5 92813.0 0.0032824309178960186
10.5 74544.0 0.003662635103365856
11.5 59078.0 0.004114216179582069
12.5 47618.0 0.004582626104120237
13.5 38693.0 0.005083745468808051
14.5 30808.0 0.00569728896336403
15.5 24715.0 0.006360916470535872
16.5 19732.0 0.007118925476445521
17.5 16367.0 0.007816556272702094
18.5 12819.0 0.008832281986338534
19.5 10410.0 0.00980109582377307
20.5 8127.0 0.011092638760662028
21.5 6539.0 0.012366429652573195
22.5 5215.0 0.01384754686472162
23.5 4224.0 0.01538643637241659
24.5 3213.0 0.017641870800832106
25.5 2563.0 0.01975266493772476
26.5 2011.0 0.02229944040256456
27.5 1521.0 0.02564102564102564
28.5 1295.0 0.02778850071883642
29.5 987.0 0.031830350703961514
30.5 765.0 0.036155076303109365
31.5 575.0 0.04170288281141495
32.5 458.0 0.046726931351599776
33.5 361.0 0.05263157894736842
34.5 240.0 0.06454972243679027
35.5 191.0 0.07235746052924216
36.5 136.0 0.08574929257125441
37.5 118.0 0.09205746178983235
38.5 77.0 0.11396057645963795
39.5 77.0 0.11396057645963795
40.5 44.0 0.15075567228888181
41.5 35.0 0.1690308509457033
42.5 25.0 0.2
43.5 19.0 0.22941573387056174
44.5 10.0 0.31622776601683794
45.5 11.0 0.30151134457776363
46.5 8.0 0.35355339059327373
47.5 4.0 0.5
48.5 6.0 0.4082482904638631
49.5 0.0 inf
50.5 2.0 0.7071067811865475
51.5 2.0 0.7071067811865475
52.5 0.0 inf
53.5 1.0 1.0
54.5 0.0 inf
55.5 0.0 inf
56.5 0.0 inf
57.5 0.0 inf
58.5 0.0 inf
59.5 0.0 inf
60.5 0.0 inf
61.5 0.0 inf
62.5 0.0 inf
63.5 0.0 inf
64.5 0.0 inf
65.5 0.0 inf
66.5 0.0 inf
67.5 0.0 inf
68.5 0.0 inf
69.5 0.0 inf
70.5 0.0 inf
71.5 0.0 inf
72.5 0.0 inf
73.5 0.0 inf
74.5 0.0 inf
75.5 0.0 inf
76.5 0.0 inf
77.5 0.0 inf
78.5 0.0 inf
79.5 0.0 inf
80.5 0.0 inf
81.5 0.0 inf
82.5 0.0 inf
83.5 0.0 inf
84.5 0.0 inf
85.5 0.0 inf
86.5 0.0 inf
87.5 0.0 inf
88.5 0.0 inf
89.5 0.0 inf
90.5 0.0 inf
91.5 0.0 inf
92.5 0.0 inf
93.5 0.0 inf
94.5 0.0 inf
95.5 0.0 inf
96.5 0.0 inf
97.5 0.0 inf
