0.5 7303186.0 0.0003700358649850443
1.5 2443988.0 0.0006396618730134916
2.5 1840468.0 0.0007371160448027071
3.5 1263853.0 0.0008895118091956951
4.5 858904.0 0.0010790155099537845
5.5 609863.0 0.0012805126026712943
6.5 434220.0 0.0015175572661987797
7.5 320056.0 0.0017676122936567226
8.5 241991.0 0.002032826871305485
9.5 180127.0 0.0023561915385050492
10.5 139602.0 0.0026764194658704023
11.5 106048.0 0.0030707803918297557
12.5 83604.0 0.003458489581334851
13.5 65315.0 0.003912853017933658
14.5 51215.0 0.00441877014903369
15.5 39839.0 0.005010092978418756
16.5 32259.0 0.005567683632002652
17.5 25016.0 0.00632253243356813
18.5 19614.0 0.007140307488254101
19.5 15554.0 0.008018238179304995
20.5 12046.0 0.009111262741782417
21.5 9561.0 0.010227002000560306
22.5 7358.0 0.011657894163635411
23.5 5898.0 0.013021098250950339
24.5 4566.0 0.01479898896760942
25.5 3524.0 0.01684542801323023
26.5 2804.0 0.01888473936501245
27.5 2198.0 0.021329769189683427
28.5 1689.0 0.02433241277446361
29.5 1327.0 0.027451402562301407
30.5 1009.0 0.031481427501027934
31.5 806.0 0.03522349768381734
32.5 631.0 0.03980937143290165
33.5 433.0 0.04805693313322127
34.5 349.0 0.05352877275721892
35.5 263.0 0.061662641597820735
36.5 163.0 0.07832604499879574
37.5 160.0 0.07905694150420949
38.5 108.0 0.09622504486493763
39.5 76.0 0.11470786693528087
40.5 64.0 0.125
41.5 47.0 0.14586499149789456
42.5 24.0 0.20412414523193154
43.5 24.0 0.20412414523193154
44.5 14.0 0.2672612419124244
45.5 12.0 0.2886751345948129
46.5 9.0 0.3333333333333333
47.5 8.0 0.35355339059327373
48.5 9.0 0.3333333333333333
49.5 3.0 0.5773502691896258
50.5 1.0 1.0
51.5 1.0 1.0
52.5 1.0 1.0
53.5 1.0 1.0
54.5 0.0 inf
55.5 0.0 inf
56.5 0.0 inf
57.5 0.0 inf
58.5 0.0 inf
59.5 0.0 inf
60.5 0.0 inf
61.5 0.0 inf
62.5 0.0 inf
63.5 0.0 inf
64.5 0.0 inf
65.5 0.0 inf
66.5 0.0 inf
67.5 0.0 inf
68.5 0.0 inf
69.5 0.0 inf
70.5 0.0 inf
71.5 0.0 inf
72.5 0.0 inf
73.5 0.0 inf
74.5 0.0 inf
75.5 0.0 inf
76.5 0.0 inf
77.5 0.0 inf
78.5 0.0 inf
79.5 0.0 inf
80.5 0.0 inf
81.5 0.0 inf
82.5 0.0 inf
83.5 0.0 inf
84.5 0.0 inf
85.5 0.0 inf
86.5 0.0 inf
87.5 0.0 inf
88.5 0.0 inf
89.5 0.0 inf
90.5 0.0 inf
91.5 0.0 inf
92.5 0.0 inf
93.5 0.0 inf
94.5 0.0 inf
95.5 0.0 inf
96.5 0.0 inf
97.5 0.0 inf
