0.5 810.0 0.03513641844631533
1.5 529.0 0.043478260869565216
2.5 527.0 0.04356068418690321
3.5 490.0 0.045175395145262566
4.5 420.0 0.048795003647426664
5.5 443.0 0.04751143381455799
6.5 364.0 0.052414241836095915
7.5 344.0 0.053916386601719206
8.5 292.0 0.058520573598065284
9.5 244.0 0.06401843996644799
10.5 194.0 0.07179581586177382
11.5 175.0 0.07559289460184544
12.5 160.0 0.07905694150420949
13.5 168.0 0.07715167498104596
14.5 130.0 0.08770580193070293
15.5 114.0 0.0936585811581694
16.5 71.0 0.11867816581938533
17.5 93.0 0.10369516947304253
18.5 69.0 0.1203858530857692
19.5 57.0 0.13245323570650439
20.5 37.0 0.1643989873053573
21.5 31.0 0.1796053020267749
22.5 27.0 0.19245008972987526
23.5 17.0 0.24253562503633297
24.5 19.0 0.22941573387056174
25.5 17.0 0.24253562503633297
26.5 8.0 0.35355339059327373
27.5 11.0 0.30151134457776363
28.5 7.0 0.3779644730092272
29.5 8.0 0.35355339059327373
30.5 3.0 0.5773502691896258
31.5 3.0 0.5773502691896258
32.5 3.0 0.5773502691896258
33.5 0.0 inf
34.5 2.0 0.7071067811865475
35.5 0.0 inf
36.5 2.0 0.7071067811865475
37.5 0.0 inf
38.5 0.0 inf
39.5 0.0 inf
40.5 0.0 inf
41.5 0.0 inf
42.5 0.0 inf
43.5 0.0 inf
44.5 0.0 inf
45.5 0.0 inf
46.5 0.0 inf
47.5 0.0 inf
48.5 0.0 inf
49.5 0.0 inf
50.5 0.0 inf
51.5 0.0 inf
52.5 0.0 inf
53.5 0.0 inf
54.5 0.0 inf
55.5 0.0 inf
56.5 0.0 inf
57.5 0.0 inf
58.5 0.0 inf
59.5 0.0 inf
60.5 0.0 inf
61.5 0.0 inf
62.5 0.0 inf
63.5 0.0 inf
64.5 0.0 inf
65.5 0.0 inf
66.5 0.0 inf
67.5 0.0 inf
68.5 0.0 inf
69.5 0.0 inf
70.5 0.0 inf
71.5 0.0 inf
72.5 0.0 inf
73.5 0.0 inf
74.5 0.0 inf
75.5 0.0 inf
76.5 0.0 inf
77.5 0.0 inf
78.5 0.0 inf
79.5 0.0 inf
80.5 0.0 inf
81.5 0.0 inf
82.5 0.0 inf
83.5 0.0 inf
84.5 0.0 inf
85.5 0.0 inf
86.5 0.0 inf
87.5 0.0 inf
88.5 0.0 inf
89.5 0.0 inf
90.5 0.0 inf
91.5 0.0 inf
92.5 0.0 inf
93.5 0.0 inf
94.5 0.0 inf
95.5 0.0 inf
96.5 0.0 inf
97.5 0.0 inf
