0.5 38.6101 0.0016093464145132172
1.5 20.402099999999997 0.0022139232648499246
2.5 20.6527 0.0022004503902700264
3.5 19.0156 0.0022932161063068802
4.5 16.6832 0.0024482756990446674
5.5 14.9881 0.0025830136961965105
6.5 13.1984 0.0027525762406739093
7.5 11.6616 0.0029283361551770233
8.5 10.4871 0.003087964474679995
9.5 9.1186 0.0033115850810974926
10.5 8.258199999999999 0.003479824181453106
11.5 7.2033000000000005 0.0037259262022271305
12.5 6.4335 0.003942542170457417
13.5 5.6173 0.004219259050937834
14.5 4.9688 0.004486154660945788
15.5 4.307499999999999 0.004818228109232097
16.5 3.8021 0.005128474877567695
17.5 3.2689000000000004 0.005530942995273033
18.5 2.8017000000000003 0.005974329686074878
19.5 2.3883 0.006470764000648074
20.5 2.0899 0.006917310126528485
21.5 1.7498 0.007559721456610887
22.5 1.4889000000000001 0.008195344891034231
23.5 1.2492 0.008947135451583649
24.5 1.0495999999999999 0.00976086011803788
25.5 0.8632 0.010763271222740439
26.5 0.7176 0.01180480411624714
27.5 0.571 0.013233720131217206
28.5 0.49340000000000006 0.014236408049319776
29.5 0.40559999999999996 0.015701857325533194
30.5 0.31910000000000005 0.017702581313066245
31.5 0.2612 0.019566512004870806
32.5 0.2091 0.02186870084203477
33.5 0.1624 0.024814583349273254
34.5 0.1257 0.028205406366325913
35.5 0.1027 0.031204323970714827
36.5 0.07450000000000001 0.03663716527236558
37.5 0.061200000000000004 0.040422604172722164
38.5 0.0527 0.04356068418690321
39.5 0.0372 0.05184758473652126
40.5 0.0286 0.05913123959890826
41.5 0.0213 0.06851887098275317
42.5 0.0161 0.07881104062391006
43.5 0.0137 0.0854357657716761
44.5 0.010100000000000001 0.0995037190209989
45.5 0.009 0.10540925533894598
46.5 0.0051 0.14002800840280097
47.5 0.0048000000000000004 0.14433756729740643
48.5 0.003 0.18257418583505536
49.5 0.0024000000000000002 0.20412414523193148
50.5 0.0018 0.23570226039551587
51.5 0.0015999999999999999 0.25000000000000006
52.5 0.0008 0.35355339059327373
53.5 0.00030000000000000003 0.5773502691896257
54.5 0.0005 0.4472135954999579
55.5 0.0001 1.0
56.5 0.00039999999999999996 0.5000000000000001
57.5 0.0001 1.0
58.5 0.00030000000000000003 0.5773502691896257
59.5 0.0001 1.0
60.5 0.0002 0.7071067811865475
61.5 0.0 inf
62.5 0.0 inf
63.5 0.0 inf
64.5 0.0 inf
65.5 0.0 inf
66.5 0.0 inf
67.5 0.0 inf
68.5 0.0 inf
69.5 0.0 inf
70.5 0.0 inf
71.5 0.0 inf
72.5 0.0 inf
73.5 0.0 inf
74.5 0.0 inf
75.5 0.0 inf
76.5 0.0 inf
77.5 0.0 inf
78.5 0.0 inf
79.5 0.0 inf
80.5 0.0 inf
81.5 0.0 inf
82.5 0.0 inf
83.5 0.0 inf
84.5 0.0 inf
85.5 0.0 inf
86.5 0.0 inf
87.5 0.0 inf
88.5 0.0 inf
89.5 0.0 inf
90.5 0.0 inf
91.5 0.0 inf
92.5 0.0 inf
93.5 0.0 inf
94.5 0.0 inf
95.5 0.0 inf
96.5 0.0 inf
97.5 0.0 inf
