0.5 38.789699999999996 0.0016056163784223386
1.5 20.4789 0.0022097680363612877
2.5 20.776200000000003 0.0021939005717919705
3.5 19.1155 0.0022872159391657204
4.5 16.790399999999998 0.0024404475527392616
5.5 15.100999999999999 0.002573339854756642
6.5 13.1956 0.002752868262433629
7.5 11.7975 0.002911420978274312
8.5 10.5318 0.003081404400163455
9.5 9.1776 0.003300923331374039
10.5 8.3234 0.003466168067292221
11.5 7.2597000000000005 0.0037114247782483456
12.5 6.4592 0.003934691018485279
13.5 5.6493 0.004207292255913602
14.5 4.9599 0.004490177814786782
15.5 4.3331 0.004803973953654036
16.5 3.7853000000000003 0.005139842931883824
17.5 3.2957 0.00550840880727541
18.5 2.8416 0.005932237473453119
19.5 2.4318 0.006412628383107341
20.5 2.0643 0.00696006977922537
21.5 1.7729 0.007510310283989032
22.5 1.483 0.008211630979566228
23.5 1.2743 0.00885858095658601
24.5 1.0474 0.009771105787283352
25.5 0.8604 0.010780770455885848
26.5 0.7174 0.01180644949978238
27.5 0.5856 0.013067709337232917
28.5 0.49 0.014285714285714285
29.5 0.40769999999999995 0.015661366191164653
30.5 0.32930000000000004 0.01742625780188712
31.5 0.2616 0.019551547175144377
32.5 0.2056 0.022054054569561544
33.5 0.17320000000000002 0.024028466566610635
34.5 0.1351 0.02720647808954716
35.5 0.09759999999999999 0.032009219983223994
36.5 0.0801 0.03533326266687867
37.5 0.0699 0.03782347372361169
38.5 0.047799999999999995 0.04573893537463483
39.5 0.038000000000000006 0.0512989176042577
40.5 0.0264 0.06154574548966636
41.5 0.021400000000000002 0.06835859270246632
42.5 0.0202 0.07035975447302918
43.5 0.0125 0.08944271909999159
44.5 0.0098 0.10101525445522107
45.5 0.009899999999999999 0.10050378152592121
46.5 0.0056 0.1336306209562122
47.5 0.0039 0.16012815380508713
48.5 0.003 0.18257418583505536
49.5 0.0019000000000000002 0.22941573387056174
50.5 0.0013 0.2773500981126146
51.5 0.0018 0.23570226039551587
52.5 0.0009 0.3333333333333333
53.5 0.0005 0.4472135954999579
54.5 0.00039999999999999996 0.5000000000000001
55.5 0.00030000000000000003 0.5773502691896257
56.5 0.0003 0.5773502691896258
57.5 0.0002 0.7071067811865475
58.5 0.0002 0.7071067811865475
59.5 0.0 inf
60.5 0.0001 1.0
61.5 0.0 inf
62.5 0.0 inf
63.5 0.0 inf
64.5 0.0 inf
65.5 0.0 inf
66.5 0.0 inf
67.5 0.0 inf
68.5 0.0 inf
69.5 0.0 inf
70.5 0.0 inf
71.5 0.0 inf
72.5 0.0 inf
73.5 0.0 inf
74.5 0.0 inf
75.5 0.0 inf
76.5 0.0 inf
77.5 0.0 inf
78.5 0.0 inf
79.5 0.0 inf
80.5 0.0 inf
81.5 0.0 inf
82.5 0.0 inf
83.5 0.0 inf
84.5 0.0 inf
85.5 0.0 inf
86.5 0.0 inf
87.5 0.0 inf
88.5 0.0 inf
89.5 0.0 inf
90.5 0.0 inf
91.5 0.0 inf
92.5 0.0 inf
93.5 0.0 inf
94.5 0.0 inf
95.5 0.0 inf
96.5 0.0 inf
97.5 0.0 inf
