0.5 7685.0 0.011407173946099216
1.5 3926.0 0.015959704735425923
2.5 3634.0 0.016588516095874008
3.5 3095.0 0.017975032046140385
4.5 2718.0 0.019181177921614535
5.5 2185.0 0.021393127492027906
6.5 1768.0 0.023782574707724703
7.5 1464.0 0.026135418674465834
8.5 1247.0 0.02831827358942995
9.5 1032.0 0.031128640318234518
10.5 882.0 0.033671751485073696
11.5 701.0 0.0377694787300249
12.5 541.0 0.04299335803923478
13.5 519.0 0.04389512813061471
14.5 423.0 0.048621663832631515
15.5 318.0 0.056077215409204434
16.5 283.0 0.0594438298277764
17.5 229.0 0.06608186004550898
18.5 174.0 0.07580980435789034
19.5 171.0 0.07647191129018725
20.5 119.0 0.09166984970282113
21.5 96.0 0.10206207261596577
22.5 74.0 0.11624763874381928
23.5 75.0 0.11547005383792514
24.5 36.0 0.16666666666666666
25.5 38.0 0.16222142113076254
26.5 31.0 0.1796053020267749
27.5 17.0 0.24253562503633297
28.5 15.0 0.2581988897471611
29.5 13.0 0.2773500981126146
30.5 7.0 0.3779644730092272
31.5 10.0 0.31622776601683794
32.5 6.0 0.4082482904638631
33.5 6.0 0.4082482904638631
34.5 2.0 0.7071067811865475
35.5 1.0 1.0
36.5 2.0 0.7071067811865475
37.5 2.0 0.7071067811865475
38.5 1.0 1.0
39.5 3.0 0.5773502691896258
40.5 0.0 inf
41.5 0.0 inf
42.5 0.0 inf
43.5 0.0 inf
44.5 0.0 inf
45.5 0.0 inf
46.5 0.0 inf
47.5 0.0 inf
48.5 0.0 inf
49.5 0.0 inf
50.5 0.0 inf
51.5 0.0 inf
52.5 0.0 inf
53.5 0.0 inf
54.5 0.0 inf
55.5 0.0 inf
56.5 0.0 inf
57.5 0.0 inf
58.5 0.0 inf
59.5 0.0 inf
60.5 0.0 inf
61.5 0.0 inf
62.5 0.0 inf
63.5 0.0 inf
64.5 0.0 inf
65.5 0.0 inf
66.5 0.0 inf
67.5 0.0 inf
68.5 0.0 inf
69.5 0.0 inf
70.5 0.0 inf
71.5 0.0 inf
72.5 0.0 inf
73.5 0.0 inf
74.5 0.0 inf
75.5 0.0 inf
76.5 0.0 inf
77.5 0.0 inf
78.5 0.0 inf
79.5 0.0 inf
80.5 0.0 inf
81.5 0.0 inf
82.5 0.0 inf
83.5 0.0 inf
84.5 0.0 inf
85.5 0.0 inf
86.5 0.0 inf
87.5 0.0 inf
88.5 0.0 inf
89.5 0.0 inf
90.5 0.0 inf
91.5 0.0 inf
92.5 0.0 inf
93.5 0.0 inf
94.5 0.0 inf
95.5 0.0 inf
96.5 0.0 inf
97.5 0.0 inf
