0.5 3364.0 0.017241379310344827
1.5 1761.0 0.02382979586411958
2.5 1749.0 0.023911404992940522
3.5 1577.0 0.025181648258293953
4.5 1297.0 0.027767067240353285
5.5 1112.0 0.02998800719520336
6.5 902.0 0.03329635791060134
7.5 778.0 0.03585173696910374
8.5 687.0 0.038152379685825785
9.5 585.0 0.041344911529736156
10.5 507.0 0.04441155916843276
11.5 397.0 0.05018856132284956
12.5 343.0 0.05399492471560388
13.5 268.0 0.06108472217815261
14.5 224.0 0.0668153104781061
15.5 197.0 0.07124704998790965
16.5 165.0 0.0778498944161523
17.5 147.0 0.08247860988423225
18.5 99.0 0.10050378152592121
19.5 89.0 0.105999788000636
20.5 70.0 0.11952286093343936
21.5 69.0 0.1203858530857692
22.5 55.0 0.13483997249264842
23.5 28.0 0.1889822365046136
24.5 32.0 0.17677669529663687
25.5 18.0 0.23570226039551587
26.5 17.0 0.24253562503633297
27.5 13.0 0.2773500981126146
28.5 14.0 0.2672612419124244
29.5 13.0 0.2773500981126146
30.5 3.0 0.5773502691896258
31.5 3.0 0.5773502691896258
32.5 3.0 0.5773502691896258
33.5 2.0 0.7071067811865475
34.5 0.0 inf
35.5 1.0 1.0
36.5 2.0 0.7071067811865475
37.5 0.0 inf
38.5 0.0 inf
39.5 1.0 1.0
40.5 0.0 inf
41.5 0.0 inf
42.5 0.0 inf
43.5 0.0 inf
44.5 0.0 inf
45.5 0.0 inf
46.5 0.0 inf
47.5 0.0 inf
48.5 0.0 inf
49.5 0.0 inf
50.5 0.0 inf
51.5 0.0 inf
52.5 0.0 inf
53.5 0.0 inf
54.5 0.0 inf
55.5 0.0 inf
56.5 0.0 inf
57.5 0.0 inf
58.5 0.0 inf
59.5 0.0 inf
60.5 0.0 inf
61.5 0.0 inf
62.5 0.0 inf
63.5 0.0 inf
64.5 0.0 inf
65.5 0.0 inf
66.5 0.0 inf
67.5 0.0 inf
68.5 0.0 inf
69.5 0.0 inf
70.5 0.0 inf
71.5 0.0 inf
72.5 0.0 inf
73.5 0.0 inf
74.5 0.0 inf
75.5 0.0 inf
76.5 0.0 inf
77.5 0.0 inf
78.5 0.0 inf
79.5 0.0 inf
80.5 0.0 inf
81.5 0.0 inf
82.5 0.0 inf
83.5 0.0 inf
84.5 0.0 inf
85.5 0.0 inf
86.5 0.0 inf
87.5 0.0 inf
88.5 0.0 inf
89.5 0.0 inf
90.5 0.0 inf
91.5 0.0 inf
92.5 0.0 inf
93.5 0.0 inf
94.5 0.0 inf
95.5 0.0 inf
96.5 0.0 inf
97.5 0.0 inf
