0.5 38.772800000000004 0.0016059662623693076
1.5 20.496699999999997 0.002208808310784485
2.5 20.7014 0.0021978605887879032
3.5 19.018 0.002293071404122023
4.5 16.807699999999997 0.002439191265075024
5.5 15.0735 0.002575686177732928
6.5 13.238299999999999 0.002748425002535313
7.5 11.7178 0.0029213053860057433
8.5 10.5343 0.0030810387390324853
9.5 9.1767 0.0033010851955605734
10.5 8.238 0.0034840879233224193
11.5 7.2513 0.0037135738373619853
12.5 6.411899999999999 0.003949177279547741
13.5 5.653499999999999 0.004205729161318806
14.5 4.9803 0.004480972182473173
15.5 4.2956 0.004824897405678548
16.5 3.8083 0.005124298539547786
17.5 3.326 0.005483260482609258
18.5 2.8499999999999996 0.005923488777590924
19.5 2.4105 0.006440898155697223
20.5 2.0734 0.006944779366648909
21.5 1.7766000000000002 0.007502485610105728
22.5 1.5158 0.008122300418291092
23.5 1.2481 0.008951077315796816
24.5 1.0375999999999999 0.009817140769658323
25.5 0.8488 0.010854187376325186
26.5 0.7216 0.011772040233700277
27.5 0.5906 0.01301227636765381
28.5 0.4982 0.014167660405476751
29.5 0.40349999999999997 0.015742664151828744
30.5 0.3266 0.017498140921285422
31.5 0.25139999999999996 0.019944234107751275
32.5 0.20329999999999998 0.022178456109386124
33.5 0.1654 0.02458851198024517
34.5 0.124 0.02839809171235324
35.5 0.1078 0.03045724519365863
36.5 0.0842 0.03446227583977888
37.5 0.0655 0.03907323325822818
38.5 0.05 0.044721359549995794
39.5 0.0332 0.05488212999484517
40.5 0.0282 0.05954913341754137
41.5 0.0232 0.06565321642986129
42.5 0.0201 0.07053456158585983
43.5 0.013399999999999999 0.08638684255813601
44.5 0.0106 0.09712858623572641
45.5 0.007699999999999999 0.11396057645963795
46.5 0.0060999999999999995 0.12803687993289598
47.5 0.004399999999999999 0.15075567228888184
48.5 0.004 0.15811388300841897
49.5 0.0031999999999999997 0.1767766952966369
50.5 0.0019000000000000002 0.22941573387056174
51.5 0.0014 0.2672612419124244
52.5 0.0007 0.3779644730092272
53.5 0.0004 0.5
54.5 0.00039999999999999996 0.5000000000000001
55.5 0.0001 1.0
56.5 0.0001 1.0
57.5 0.0003 0.5773502691896258
58.5 0.0001 1.0
59.5 0.0002 0.7071067811865475
60.5 0.0 inf
61.5 0.0001 1.0
62.5 0.0 inf
63.5 0.0 inf
64.5 0.0 inf
65.5 0.0 inf
66.5 0.0 inf
67.5 0.0 inf
68.5 0.0 inf
69.5 0.0 inf
70.5 0.0 inf
71.5 0.0 inf
72.5 0.0 inf
73.5 0.0 inf
74.5 0.0 inf
75.5 0.0 inf
76.5 0.0 inf
77.5 0.0 inf
78.5 0.0 inf
79.5 0.0 inf
80.5 0.0 inf
81.5 0.0 inf
82.5 0.0 inf
83.5 0.0 inf
84.5 0.0 inf
85.5 0.0 inf
86.5 0.0 inf
87.5 0.0 inf
88.5 0.0 inf
89.5 0.0 inf
90.5 0.0 inf
91.5 0.0 inf
92.5 0.0 inf
93.5 0.0 inf
94.5 0.0 inf
95.5 0.0 inf
96.5 0.0 inf
97.5 0.0 inf
