0.5 39.822 0.0015846686491306446
1.5 21.1192 0.0021760119121833205
2.5 21.3893 0.002162229130704819
3.5 19.6284 0.002257135077871121
4.5 17.287300000000002 0.002405118149731328
5.5 15.649099999999999 0.002527873383327948
6.5 13.663699999999999 0.0027053025442390494
7.5 12.1171 0.0028727686579882077
8.5 10.836500000000001 0.003037774151315163
9.5 9.4212 0.0032579685549429783
10.5 8.5372 0.0034224906641854807
11.5 7.4254 0.0036697803691162646
12.5 6.6895 0.0038663678509385535
13.5 5.8932 0.004119309371644046
14.5 5.1448 0.00440875283265216
15.5 4.4693000000000005 0.004730208087140277
16.5 3.9486999999999997 0.00503237423462913
17.5 3.4349 0.005395639818574985
18.5 2.9513 0.0058209426580802665
19.5 2.4771 0.006353722314613787
20.5 2.1651 0.006796119707852441
21.5 1.8349 0.0073823358615619184
22.5 1.5365 0.008067402357668833
23.5 1.2953999999999999 0.008786138675427232
24.5 1.0877 0.009588384379723775
25.5 0.8911 0.010593434317257448
26.5 0.7546 0.011511756628934004
27.5 0.6038 0.012869256164334158
28.5 0.5146 0.013940074958772605
29.5 0.4206 0.0154193251232439
30.5 0.33699999999999997 0.017226024063738864
31.5 0.2703 0.01923432620282051
32.5 0.2108 0.021780342093451605
33.5 0.1693 0.02430365104718368
34.5 0.1298 0.027756369082668444
35.5 0.1074 0.030513909884867668
36.5 0.0847 0.034360406637202474
37.5 0.0668 0.03869116162670684
38.5 0.053 0.04343722427630694
39.5 0.0408 0.04950737714883371
40.5 0.025500000000000002 0.06262242910851494
41.5 0.022699999999999998 0.0663723311599972
42.5 0.0191 0.07235746052924216
43.5 0.0144 0.08333333333333333
44.5 0.0109 0.09578262852211514
45.5 0.0092 0.10425720702853739
46.5 0.0063 0.1259881576697424
47.5 0.004 0.15811388300841897
48.5 0.0033 0.17407765595569785
49.5 0.0029 0.18569533817705186
50.5 0.0015999999999999999 0.25000000000000006
51.5 0.0009 0.3333333333333333
52.5 0.0015 0.2581988897471611
53.5 0.0004 0.5
54.5 0.0002 0.7071067811865475
55.5 0.0001 1.0
56.5 0.00030000000000000003 0.5773502691896257
57.5 0.0002 0.7071067811865475
58.5 0.0001 1.0
59.5 0.0002 0.7071067811865475
60.5 0.0002 0.7071067811865475
61.5 0.0 inf
62.5 0.0001 1.0
63.5 0.0 inf
64.5 0.0 inf
65.5 0.0 inf
66.5 0.0001 1.0
67.5 0.0 inf
68.5 0.0 inf
69.5 0.0 inf
70.5 0.0 inf
71.5 0.0 inf
72.5 0.0 inf
73.5 0.0 inf
74.5 0.0 inf
75.5 0.0 inf
76.5 0.0 inf
77.5 0.0 inf
78.5 0.0 inf
79.5 0.0 inf
80.5 0.0 inf
81.5 0.0 inf
82.5 0.0 inf
83.5 0.0 inf
84.5 0.0 inf
85.5 0.0 inf
86.5 0.0 inf
87.5 0.0 inf
88.5 0.0 inf
89.5 0.0 inf
90.5 0.0 inf
91.5 0.0 inf
92.5 0.0 inf
93.5 0.0 inf
94.5 0.0 inf
95.5 0.0 inf
96.5 0.0 inf
97.5 0.0 inf
