0.5 40.0266 0.0015806133634851344
1.5 21.2441 0.002169605791429154
2.5 21.54 0.0021546520679428583
3.5 19.7602 0.002249594968768122
4.5 17.5061 0.0023900407050103704
5.5 15.742999999999999 0.0025203232874805477
6.5 13.7005 0.0027016668347516247
7.5 12.2355 0.002858835321884485
8.5 10.9397 0.0030234117305257004
9.5 9.5115 0.003242466470688865
10.5 8.5947 0.0034110229303597928
11.5 7.5502 0.003639324423580918
12.5 6.7242 0.003856378818912314
13.5 5.8572 0.004131949196906106
14.5 5.1836 0.004392221762058391
15.5 4.5067 0.0047105397770569
16.5 3.9835000000000003 0.005010344514365214
17.5 3.4533 0.005381245996333448
18.5 2.9135 0.005858581674313123
19.5 2.4943 0.0063317776659621815
20.5 2.1836 0.006767269266190098
21.5 1.8628 0.007326842996917679
22.5 1.5694 0.007982394288704935
23.5 1.3048000000000002 0.008754433054134663
24.5 1.1038999999999999 0.009517768413449798
25.5 0.8909 0.010594623321618033
26.5 0.7395 0.011628693150774139
27.5 0.6106 0.012797395739001835
28.5 0.5323 0.013706348400423542
29.5 0.41859999999999997 0.015456116693379658
30.5 0.3388 0.017180203318601237
31.5 0.2742 0.01909704954279511
32.5 0.2089 0.021879166839686815
33.5 0.1706 0.024210875062207954
34.5 0.13090000000000002 0.0276394996411391
35.5 0.11199999999999999 0.029880715233359847
36.5 0.0821 0.0349002406379888
37.5 0.0686 0.038180177416060626
38.5 0.052500000000000005 0.04364357804719848
39.5 0.0413 0.04920678313051229
40.5 0.0324 0.05555555555555555
41.5 0.0208 0.06933752452815364
42.5 0.019200000000000002 0.07216878364870322
43.5 0.0132 0.08703882797784893
44.5 0.0078 0.11322770341445956
45.5 0.0089 0.105999788000636
46.5 0.0063 0.1259881576697424
47.5 0.0048000000000000004 0.14433756729740643
48.5 0.0037 0.1643989873053573
49.5 0.0021 0.2182178902359924
50.5 0.0010999999999999998 0.3015113445777637
51.5 0.0011 0.30151134457776363
52.5 0.0012 0.2886751345948129
53.5 0.0010999999999999998 0.3015113445777637
54.5 0.0002 0.7071067811865475
55.5 0.0005 0.4472135954999579
56.5 0.0004 0.5
57.5 0.00030000000000000003 0.5773502691896257
58.5 0.0001 1.0
59.5 0.0001 1.0
60.5 0.0002 0.7071067811865475
61.5 0.0 inf
62.5 0.0 inf
63.5 0.0 inf
64.5 0.0 inf
65.5 0.0 inf
66.5 0.0 inf
67.5 0.0 inf
68.5 0.0 inf
69.5 0.0 inf
70.5 0.0 inf
71.5 0.0 inf
72.5 0.0 inf
73.5 0.0 inf
74.5 0.0 inf
75.5 0.0 inf
76.5 0.0 inf
77.5 0.0 inf
78.5 0.0 inf
79.5 0.0 inf
80.5 0.0 inf
81.5 0.0 inf
82.5 0.0 inf
83.5 0.0 inf
84.5 0.0 inf
85.5 0.0 inf
86.5 0.0 inf
87.5 0.0 inf
88.5 0.0 inf
89.5 0.0 inf
90.5 0.0 inf
91.5 0.0 inf
92.5 0.0 inf
93.5 0.0 inf
94.5 0.0 inf
95.5 0.0 inf
96.5 0.0 inf
97.5 0.0 inf
