0.5 38.6238 0.0016090609687342435
1.5 20.3589 0.002216270906492
2.5 20.6598 0.002200072251559131
3.5 18.9314 0.002298310145179987
4.5 16.672800000000002 0.0024490391610272576
5.5 15.0504 0.002577662056714666
6.5 13.168099999999999 0.002755741281085287
7.5 11.665199999999999 0.0029278842630694212
8.5 10.438500000000001 0.0030951446632847325
9.5 9.1475 0.0033063497425168866
10.5 8.224699999999999 0.0034869038103028482
11.5 7.1722 0.003733995620339362
12.5 6.4372 0.0039414089523823635
13.5 5.616 0.004219747362848611
14.5 4.9353 0.004501354548855495
15.5 4.3025 0.004821026964018952
16.5 3.8108 0.005122617416411234
17.5 3.3184 0.005489535938638235
18.5 2.8035 0.005972411455270552
19.5 2.4078999999999997 0.006444374590984872
20.5 2.0475 0.0069885655781461225
21.5 1.7502 0.007558857537808385
22.5 1.4697 0.008248702735732498
23.5 1.2595999999999998 0.008910122481167482
24.5 1.0511 0.009753892884916626
25.5 0.8582000000000001 0.010794579890951724
26.5 0.7265 0.011732273826488664
27.5 0.5746 0.013192198857116066
28.5 0.5061 0.014056649999472367
29.5 0.3967 0.015877016633223832
30.5 0.32299999999999995 0.017595383576944672
31.5 0.2559 0.019768096709561138
32.5 0.1992 0.022405535747411044
33.5 0.1616 0.02487592975524973
34.5 0.1279 0.0279617744210284
35.5 0.0978 0.03197647396955397
36.5 0.0764 0.03617873026462108
37.5 0.0633 0.039746431675858215
38.5 0.0527 0.04356068418690321
39.5 0.039599999999999996 0.050251890762960605
40.5 0.027700000000000002 0.06008417681261097
41.5 0.023600000000000003 0.06509445549041193
42.5 0.015300000000000001 0.08084520834544433
43.5 0.0143 0.08362420100070908
44.5 0.0102 0.09901475429766741
45.5 0.0068000000000000005 0.12126781251816648
46.5 0.006 0.12909944487358055
47.5 0.0053 0.13736056394868904
48.5 0.0029 0.18569533817705186
49.5 0.0025 0.2
50.5 0.0022 0.21320071635561041
51.5 0.0017000000000000001 0.24253562503633297
52.5 0.001 0.31622776601683794
53.5 0.001 0.31622776601683794
54.5 0.0006000000000000001 0.40824829046386296
55.5 0.00039999999999999996 0.5000000000000001
56.5 0.0004 0.5
57.5 0.00030000000000000003 0.5773502691896257
58.5 0.0 inf
59.5 0.0 inf
60.5 0.0001 1.0
61.5 0.0 inf
62.5 0.0 inf
63.5 0.0001 1.0
64.5 0.0001 1.0
65.5 0.0 inf
66.5 0.0 inf
67.5 0.0 inf
68.5 0.0 inf
69.5 0.0 inf
70.5 0.0 inf
71.5 0.0 inf
72.5 0.0 inf
73.5 0.0 inf
74.5 0.0 inf
75.5 0.0 inf
76.5 0.0 inf
77.5 0.0 inf
78.5 0.0 inf
79.5 0.0 inf
80.5 0.0 inf
81.5 0.0 inf
82.5 0.0 inf
83.5 0.0 inf
84.5 0.0 inf
85.5 0.0 inf
86.5 0.0 inf
87.5 0.0 inf
88.5 0.0 inf
89.5 0.0 inf
90.5 0.0 inf
91.5 0.0 inf
92.5 0.0 inf
93.5 0.0 inf
94.5 0.0 inf
95.5 0.0 inf
96.5 0.0 inf
97.5 0.0 inf
