0.5 631582.0 0.0012583026983172783
1.5 162245.0 0.0024826433767563385
2.5 109732.0 0.0030187931273055364
3.5 68559.0 0.003819159206117511
4.5 43549.0 0.004791934868617237
5.5 29435.0 0.005828650032610459
6.5 20070.0 0.007058725831460445
7.5 14379.0 0.008339416376359687
8.5 10478.0 0.009769240538476191
9.5 7606.0 0.01146626143066797
10.5 5791.0 0.013140842725612582
11.5 4345.0 0.015170682161267662
12.5 3404.0 0.017139779254776524
13.5 2669.0 0.01935645013576544
14.5 2088.0 0.021884405476620426
15.5 1624.0 0.024814583349273254
16.5 1252.0 0.028261670947211076
17.5 933.0 0.03273853022358256
18.5 727.0 0.0370879470776142
19.5 590.0 0.04116934847963091
20.5 449.0 0.04719291781830087
21.5 352.0 0.053300179088902604
22.5 278.0 0.05997601439040672
23.5 193.0 0.07198157507486945
24.5 164.0 0.07808688094430304
25.5 117.0 0.09245003270420485
26.5 108.0 0.09622504486493763
27.5 71.0 0.11867816581938533
28.5 56.0 0.1336306209562122
29.5 49.0 0.14285714285714285
30.5 32.0 0.17677669529663687
31.5 27.0 0.19245008972987526
32.5 17.0 0.24253562503633297
33.5 20.0 0.22360679774997896
34.5 8.0 0.35355339059327373
35.5 4.0 0.5
36.5 5.0 0.4472135954999579
37.5 3.0 0.5773502691896258
38.5 1.0 1.0
39.5 0.0 inf
40.5 2.0 0.7071067811865475
41.5 0.0 inf
42.5 0.0 inf
43.5 0.0 inf
44.5 0.0 inf
45.5 0.0 inf
46.5 1.0 1.0
47.5 0.0 inf
48.5 0.0 inf
49.5 0.0 inf
50.5 0.0 inf
51.5 0.0 inf
52.5 0.0 inf
53.5 0.0 inf
54.5 0.0 inf
55.5 0.0 inf
56.5 0.0 inf
57.5 0.0 inf
58.5 0.0 inf
59.5 0.0 inf
60.5 0.0 inf
61.5 0.0 inf
62.5 0.0 inf
63.5 0.0 inf
64.5 0.0 inf
65.5 0.0 inf
66.5 0.0 inf
67.5 0.0 inf
68.5 0.0 inf
69.5 0.0 inf
70.5 0.0 inf
71.5 0.0 inf
72.5 0.0 inf
73.5 0.0 inf
74.5 0.0 inf
75.5 0.0 inf
76.5 0.0 inf
77.5 0.0 inf
78.5 0.0 inf
79.5 0.0 inf
80.5 0.0 inf
81.5 0.0 inf
82.5 0.0 inf
83.5 0.0 inf
84.5 0.0 inf
85.5 0.0 inf
86.5 0.0 inf
87.5 0.0 inf
88.5 0.0 inf
89.5 0.0 inf
90.5 0.0 inf
91.5 0.0 inf
92.5 0.0 inf
93.5 0.0 inf
94.5 0.0 inf
95.5 0.0 inf
96.5 0.0 inf
97.5 0.0 inf
