0.5 28470.0 0.005926608866707776
1.5 13062.0 0.008749740245942116
2.5 11725.0 0.009235141930792203
3.5 9554.0 0.010230747861241282
4.5 7380.0 0.01164050492949297
5.5 5770.0 0.013164734152397188
6.5 4605.0 0.014736188992246296
7.5 3638.0 0.01657939400769678
8.5 2919.0 0.018508999875628776
9.5 2370.0 0.020541200750444025
10.5 1976.0 0.022496063533292376
11.5 1493.0 0.0258803470681335
12.5 1277.0 0.027983662310423867
13.5 1009.0 0.031481427501027934
14.5 820.0 0.03492151478847891
15.5 669.0 0.038662233651352955
16.5 525.0 0.04364357804719848
17.5 461.0 0.04657464328326223
18.5 351.0 0.05337605126836238
19.5 290.0 0.058722021951470346
20.5 218.0 0.06772854614785964
21.5 191.0 0.07235746052924216
22.5 133.0 0.086710996952412
23.5 107.0 0.09667364890456635
24.5 91.0 0.10482848367219183
25.5 60.0 0.12909944487358055
26.5 56.0 0.1336306209562122
27.5 31.0 0.1796053020267749
28.5 29.0 0.18569533817705186
29.5 28.0 0.1889822365046136
30.5 13.0 0.2773500981126146
31.5 7.0 0.3779644730092272
32.5 7.0 0.3779644730092272
33.5 8.0 0.35355339059327373
34.5 3.0 0.5773502691896258
35.5 3.0 0.5773502691896258
36.5 7.0 0.3779644730092272
37.5 2.0 0.7071067811865475
38.5 2.0 0.7071067811865475
39.5 0.0 inf
40.5 0.0 inf
41.5 0.0 inf
42.5 1.0 1.0
43.5 0.0 inf
44.5 0.0 inf
45.5 0.0 inf
46.5 0.0 inf
47.5 0.0 inf
48.5 0.0 inf
49.5 0.0 inf
50.5 0.0 inf
51.5 0.0 inf
52.5 0.0 inf
53.5 0.0 inf
54.5 0.0 inf
55.5 0.0 inf
56.5 0.0 inf
57.5 0.0 inf
58.5 0.0 inf
59.5 0.0 inf
60.5 0.0 inf
61.5 0.0 inf
62.5 0.0 inf
63.5 0.0 inf
64.5 0.0 inf
65.5 0.0 inf
66.5 0.0 inf
67.5 0.0 inf
68.5 0.0 inf
69.5 0.0 inf
70.5 0.0 inf
71.5 0.0 inf
72.5 0.0 inf
73.5 0.0 inf
74.5 0.0 inf
75.5 0.0 inf
76.5 0.0 inf
77.5 0.0 inf
78.5 0.0 inf
79.5 0.0 inf
80.5 0.0 inf
81.5 0.0 inf
82.5 0.0 inf
83.5 0.0 inf
84.5 0.0 inf
85.5 0.0 inf
86.5 0.0 inf
87.5 0.0 inf
88.5 0.0 inf
89.5 0.0 inf
90.5 0.0 inf
91.5 0.0 inf
92.5 0.0 inf
93.5 0.0 inf
94.5 0.0 inf
95.5 0.0 inf
96.5 0.0 inf
97.5 0.0 inf
