0.5 42.947199999999995 0.0015259228367411801
1.5 22.9857 0.0020857926508419744
2.5 23.298000000000002 0.0020717658950619804
3.5 21.4341 0.0021599682815306672
4.5 18.835500000000003 0.0023041535819316615
5.5 16.9525 0.002428751732905492
6.5 14.918800000000001 0.0025890059830081533
7.5 13.295300000000001 0.0027425271102115975
8.5 11.8988 0.0028990013500826374
9.5 10.357800000000001 0.0031071787603252727
10.5 9.346499999999999 0.003270961970275422
11.5 8.1355 0.0035059674143229557
12.5 7.2836 0.0037053305433818722
13.5 6.4053 0.003951211365327499
14.5 5.6295 0.0042146846767271194
15.5 4.8916 0.004521416676888773
16.5 4.2852 0.0048307487690184905
17.5 3.7741 0.005147463768079115
18.5 3.2267 0.00556699338763217
19.5 2.7077999999999998 0.0060770345861369725
20.5 2.3613999999999997 0.0065075156398971806
21.5 2.0468 0.006989760511142484
22.5 1.6925 0.00768662442024088
23.5 1.4123 0.008414658987392541
24.5 1.1959 0.009144344246123558
25.5 0.9721 0.010142488604635198
26.5 0.8178000000000001 0.011057996468120723
27.5 0.6749 0.012172514090111643
28.5 0.5649 0.013304979588680156
29.5 0.45389999999999997 0.01484293920484818
30.5 0.3628 0.016602227504272985
31.5 0.3013 0.018217988943396556
32.5 0.2386 0.020472212475808573
33.5 0.18409999999999999 0.02330628783587717
34.5 0.1473 0.026055452902098424
35.5 0.1153 0.02945000320268802
36.5 0.0937 0.03266857601924006
37.5 0.0693 0.037986858819879316
38.5 0.0537 0.04315318520021031
39.5 0.040400000000000005 0.04975185951049945
40.5 0.0317 0.05616559563017304
41.5 0.0259 0.062136976600120006
42.5 0.0176 0.07537783614444091
43.5 0.0134 0.08638684255813601
44.5 0.0124 0.08980265101338746
45.5 0.009899999999999999 0.10050378152592121
46.5 0.0063999999999999994 0.12500000000000003
47.5 0.0053 0.13736056394868904
48.5 0.0037999999999999996 0.16222142113076254
49.5 0.0029 0.18569533817705186
50.5 0.0010999999999999998 0.3015113445777637
51.5 0.0015999999999999999 0.25000000000000006
52.5 0.0006000000000000001 0.40824829046386296
53.5 0.0009 0.3333333333333333
54.5 0.0005 0.4472135954999579
55.5 0.0006000000000000001 0.40824829046386296
56.5 0.0002 0.7071067811865475
57.5 0.00030000000000000003 0.5773502691896257
58.5 0.0002 0.7071067811865475
59.5 0.0 inf
60.5 0.0 inf
61.5 0.0 inf
62.5 0.0 inf
63.5 0.0 inf
64.5 0.0 inf
65.5 0.0 inf
66.5 0.0 inf
67.5 0.0 inf
68.5 0.0 inf
69.5 0.0 inf
70.5 0.0001 1.0
71.5 0.0 inf
72.5 0.0 inf
73.5 0.0 inf
74.5 0.0 inf
75.5 0.0 inf
76.5 0.0 inf
77.5 0.0 inf
78.5 0.0 inf
79.5 0.0 inf
80.5 0.0 inf
81.5 0.0 inf
82.5 0.0 inf
83.5 0.0 inf
84.5 0.0 inf
85.5 0.0 inf
86.5 0.0 inf
87.5 0.0 inf
88.5 0.0 inf
89.5 0.0 inf
90.5 0.0 inf
91.5 0.0 inf
92.5 0.0 inf
93.5 0.0 inf
94.5 0.0 inf
95.5 0.0 inf
96.5 0.0 inf
97.5 0.0 inf
