0.5 38.4507 0.0016126787921118772
1.5 20.2957 0.002219718913925731
2.5 20.5604 0.0022053840039087088
3.5 18.8996 0.002300242872464389
4.5 16.664900000000003 0.002449619576061382
5.5 14.9138 0.0025894399416608554
6.5 13.0879 0.002764171698009852
7.5 11.6284 0.0029325134910960057
8.5 10.4139 0.0030987982246987577
9.5 9.108699999999999 0.003313384228557695
10.5 8.1791 0.0034966103679826806
11.5 7.1372 0.0037431399638080086
12.5 6.327299999999999 0.003975491111570633
13.5 5.5893999999999995 0.004229776350989443
14.5 4.9233 0.0045068369874611556
15.5 4.2728 0.004837753296275688
16.5 3.7719 0.00514896470520624
17.5 3.2752 0.00552562092128169
18.5 2.8165 0.005958612210152178
19.5 2.4022 0.006452015747170163
20.5 2.0657 0.006957710833291075
21.5 1.7596 0.0075386403267971944
22.5 1.4912 0.00818902227600523
23.5 1.246 0.008958617182905826
24.5 1.0396 0.009807693033113416
25.5 0.8355 0.010940238073111092
26.5 0.7170000000000001 0.011809742331947863
27.5 0.5824 0.013103560459023979
28.5 0.4898 0.014288630630398279
29.5 0.402 0.015772007446912793
30.5 0.3256 0.01752499093081954
31.5 0.2528 0.01988893210439325
32.5 0.19619999999999999 0.022576182049286547
33.5 0.16820000000000002 0.024382992454708534
34.5 0.1219 0.02864165750631024
35.5 0.0988 0.031814238148788886
36.5 0.08310000000000001 0.03468961565679801
37.5 0.0683 0.03826393658966905
38.5 0.049100000000000005 0.04512936824065242
39.5 0.0369 0.052057920629535355
40.5 0.0262 0.06178020632152154
41.5 0.0203 0.07018624063435965
42.5 0.0154 0.08058229640253803
43.5 0.0102 0.09901475429766741
44.5 0.0103 0.09853292781642932
45.5 0.0079 0.11250879009260237
46.5 0.0057 0.13245323570650439
47.5 0.004 0.15811388300841897
48.5 0.0035 0.1690308509457033
49.5 0.0029 0.18569533817705186
50.5 0.0014 0.2672612419124244
51.5 0.0019 0.22941573387056174
52.5 0.0005 0.4472135954999579
53.5 0.0007999999999999999 0.3535533905932738
54.5 0.0005 0.4472135954999579
55.5 0.0005 0.4472135954999579
56.5 0.0006000000000000001 0.40824829046386296
57.5 0.0002 0.7071067811865475
58.5 0.0 inf
59.5 0.0002 0.7071067811865475
60.5 0.0001 1.0
61.5 0.0 inf
62.5 0.0 inf
63.5 0.0 inf
64.5 0.0 inf
65.5 0.0 inf
66.5 0.0 inf
67.5 0.0 inf
68.5 0.0 inf
69.5 0.0 inf
70.5 0.0 inf
71.5 0.0 inf
72.5 0.0 inf
73.5 0.0 inf
74.5 0.0 inf
75.5 0.0 inf
76.5 0.0 inf
77.5 0.0 inf
78.5 0.0 inf
79.5 0.0 inf
80.5 0.0 inf
81.5 0.0 inf
82.5 0.0 inf
83.5 0.0 inf
84.5 0.0 inf
85.5 0.0 inf
86.5 0.0 inf
87.5 0.0 inf
88.5 0.0 inf
89.5 0.0 inf
90.5 0.0 inf
91.5 0.0 inf
92.5 0.0 inf
93.5 0.0 inf
94.5 0.0 inf
95.5 0.0 inf
96.5 0.0 inf
97.5 0.0 inf
