0.5 38.8364 0.0016046507271311218
1.5 20.546599999999998 0.0022061244960270144
2.5 20.7509 0.0021952375927477698
3.5 19.0419 0.0022916319045453125
4.5 16.8829 0.0024337528660099777
5.5 15.078700000000001 0.002575242017326499
6.5 13.2406 0.0027481862802701453
7.5 11.7561 0.0029165428681254854
8.5 10.5323 0.003081331257521964
9.5 9.195599999999999 0.0032976910395800976
10.5 8.2865 0.00347387696311923
11.5 7.198600000000001 0.0037271423411770837
12.5 6.4298 0.003943676366549807
13.5 5.649 0.004207403972227954
14.5 4.9692 0.004485974098885746
15.5 4.2728 0.004837753296275688
16.5 3.7954 0.0051329995167127196
17.5 3.316 0.005491522142383613
18.5 2.8212 0.005953646743134736
19.5 2.4285 0.006416983847300887
20.5 2.0521000000000003 0.006980728377879815
21.5 1.7635 0.007530299819208233
22.5 1.5025 0.008158170164480042
23.5 1.2461 0.008958257709471784
24.5 1.0581999999999998 0.00972111590817096
25.5 0.8587 0.01079143672345914
26.5 0.7115 0.011855299985119524
27.5 0.5851999999999999 0.013072174640400055
28.5 0.48910000000000003 0.0142988519197758
29.5 0.3941 0.015929303339984276
30.5 0.3173 0.017752722477790937
31.5 0.2632 0.019492029389636262
32.5 0.1998 0.022371868507134143
33.5 0.16110000000000002 0.024914503091731193
34.5 0.1254 0.02823912473624525
35.5 0.11069999999999999 0.03005565448891441
36.5 0.0789 0.03560094272544522
37.5 0.0609 0.04052204492365539
38.5 0.0518 0.04393747751637468
39.5 0.0374 0.051708768999501914
40.5 0.0316 0.056254395046301184
41.5 0.0207 0.06950480468569159
42.5 0.0186 0.07332355751067665
43.5 0.0121 0.09090909090909091
44.5 0.009600000000000001 0.10206207261596574
45.5 0.0071 0.11867816581938533
46.5 0.008400000000000001 0.10910894511799617
47.5 0.0042 0.1543033499620919
48.5 0.004 0.15811388300841897
49.5 0.0037 0.1643989873053573
50.5 0.001 0.31622776601683794
51.5 0.0010999999999999998 0.3015113445777637
52.5 0.0007 0.3779644730092272
53.5 0.0001 1.0
54.5 0.0007999999999999999 0.3535533905932738
55.5 0.0001 1.0
56.5 0.0004 0.5
57.5 0.00039999999999999996 0.5000000000000001
58.5 0.0001 1.0
59.5 0.0 inf
60.5 0.0001 1.0
61.5 0.0 inf
62.5 0.0 inf
63.5 0.0 inf
64.5 0.0 inf
65.5 0.0 inf
66.5 0.0 inf
67.5 0.0 inf
68.5 0.0 inf
69.5 0.0 inf
70.5 0.0 inf
71.5 0.0 inf
72.5 0.0 inf
73.5 0.0 inf
74.5 0.0 inf
75.5 0.0 inf
76.5 0.0 inf
77.5 0.0 inf
78.5 0.0 inf
79.5 0.0 inf
80.5 0.0 inf
81.5 0.0 inf
82.5 0.0 inf
83.5 0.0 inf
84.5 0.0 inf
85.5 0.0 inf
86.5 0.0 inf
87.5 0.0 inf
88.5 0.0 inf
89.5 0.0 inf
90.5 0.0 inf
91.5 0.0 inf
92.5 0.0 inf
93.5 0.0 inf
94.5 0.0 inf
95.5 0.0 inf
96.5 0.0 inf
97.5 0.0 inf
