0.5 38.604 0.0016094735596970198
1.5 20.3803 0.002215107021410814
2.5 20.6419 0.0022010259612334103
3.5 18.995600000000003 0.0022944230241226677
4.5 16.6998 0.0024470585742512084
5.5 15.0213 0.002580157635417873
6.5 13.1333 0.0027593898824618463
7.5 11.6553 0.002929127470092657
8.5 10.4672 0.0030908984643673483
9.5 9.109100000000002 0.0033133114788765233
10.5 8.2161 0.0034887282482805467
11.5 7.1632 0.0037363406205763025
12.5 6.4186 0.00394711558414252
13.5 5.6025 0.004224828336829853
14.5 4.9396 0.004499394872081821
15.5 4.3032 0.004820634830708038
16.5 3.7853 0.005139842931883824
17.5 3.2727 0.005527731016186218
18.5 2.8289999999999997 0.005945433505536178
19.5 2.3887 0.006470222196745204
20.5 2.045 0.006992836012750656
21.5 1.7764000000000002 0.007502907940349531
22.5 1.5032999999999999 0.008155999139183273
23.5 1.2525 0.008935341032175406
24.5 1.0339999999999998 0.009834215720608249
25.5 0.8746 0.010692894045953066
26.5 0.7194 0.011790026554706715
27.5 0.5781000000000001 0.013152203359467467
28.5 0.5013000000000001 0.014123786620234524
29.5 0.4053 0.015707667448701706
30.5 0.3144 0.01783440937516054
31.5 0.2484 0.020064308847628203
32.5 0.2072 0.02196873875818734
33.5 0.162 0.024845199749997663
34.5 0.13190000000000002 0.02753452584887775
35.5 0.1094 0.030233702757845024
36.5 0.0762 0.03622617780011092
37.5 0.0618 0.040225899335456484
38.5 0.0498 0.04481107149482209
39.5 0.0381 0.051231551957855996
40.5 0.0293 0.0584206237836986
41.5 0.024 0.06454972243679027
42.5 0.0169 0.07692307692307693
43.5 0.010499999999999999 0.09759000729485333
44.5 0.0087 0.10721125348377948
45.5 0.0069 0.1203858530857692
46.5 0.0051 0.14002800840280097
47.5 0.004399999999999999 0.15075567228888184
48.5 0.0026 0.19611613513818404
49.5 0.0024000000000000002 0.20412414523193148
50.5 0.0021999999999999997 0.21320071635561047
51.5 0.0019000000000000002 0.22941573387056174
52.5 0.0014 0.2672612419124244
53.5 0.00039999999999999996 0.5000000000000001
54.5 0.0006 0.4082482904638631
55.5 0.0005 0.4472135954999579
56.5 0.0004 0.5
57.5 0.0001 1.0
58.5 0.0002 0.7071067811865475
59.5 0.0 inf
60.5 0.0 inf
61.5 0.0 inf
62.5 0.0 inf
63.5 0.0 inf
64.5 0.0 inf
65.5 0.0 inf
66.5 0.0 inf
67.5 0.0 inf
68.5 0.0 inf
69.5 0.0 inf
70.5 0.0 inf
71.5 0.0 inf
72.5 0.0 inf
73.5 0.0 inf
74.5 0.0 inf
75.5 0.0 inf
76.5 0.0 inf
77.5 0.0 inf
78.5 0.0 inf
79.5 0.0 inf
80.5 0.0 inf
81.5 0.0 inf
82.5 0.0 inf
83.5 0.0 inf
84.5 0.0 inf
85.5 0.0 inf
86.5 0.0 inf
87.5 0.0 inf
88.5 0.0 inf
89.5 0.0 inf
90.5 0.0 inf
91.5 0.0 inf
92.5 0.0 inf
93.5 0.0 inf
94.5 0.0 inf
95.5 0.0 inf
96.5 0.0 inf
97.5 0.0 inf
