0.5 44.9942 0.001490808062393141
1.5 22.718600000000002 0.0020980180363777278
2.5 22.4754 0.00210933852719492
3.5 20.3057 0.0022191722712911746
4.5 17.703200000000002 0.002376698609605006
5.5 15.7565 0.0025192433631498817
6.5 13.6898 0.0027027224450863136
7.5 12.1302 0.0028712170168192766
8.5 10.8063 0.0030420159719460175
9.5 9.4289 0.003256637992439136
10.5 8.4497 0.0034401656493402186
11.5 7.383900000000001 0.0036800786190953425
12.5 6.547499999999999 0.003908069211736994
13.5 5.7156 0.004182819136125435
14.5 5.0155 0.004465220219207708
15.5 4.3495 0.004794908592232283
16.5 3.8598 0.005089997852530359
17.5 3.3074 0.005498657116978743
18.5 2.8509 0.005922553711346429
19.5 2.434 0.006409729662532915
20.5 2.1139 0.006877930461462032
21.5 1.7957999999999998 0.007462270992247127
22.5 1.5027 0.008157627245625118
23.5 1.249 0.008947851766820503
24.5 1.0652 0.00968912192823182
25.5 0.8611 0.010776387646912362
26.5 0.7383 0.011638139694290358
27.5 0.5907 0.013011174892528659
28.5 0.5072 0.01404139890754326
29.5 0.39849999999999997 0.01584111829569549
30.5 0.3298 0.017413043075028778
31.5 0.262 0.01953661662911409
32.5 0.1981 0.02246765581450569
33.5 0.1624 0.024814583349273254
34.5 0.1285 0.027896417632583534
35.5 0.10389999999999999 0.03102360242788488
36.5 0.08230000000000001 0.034857808718787485
37.5 0.0675 0.03849001794597505
38.5 0.0489 0.045221563164613454
39.5 0.038900000000000004 0.05070201265633938
40.5 0.0284 0.05933908290969266
41.5 0.0211 0.06884283908215143
42.5 0.0194 0.07179581586177382
43.5 0.0128 0.08838834764831843
44.5 0.0103 0.09853292781642932
45.5 0.0081 0.1111111111111111
46.5 0.0058 0.13130643285972257
47.5 0.0041 0.15617376188860607
48.5 0.0028 0.1889822365046136
49.5 0.0024999999999999996 0.2
50.5 0.0015999999999999999 0.25000000000000006
51.5 0.0015999999999999999 0.25000000000000006
52.5 0.0006000000000000001 0.40824829046386296
53.5 0.0007 0.3779644730092272
54.5 0.0005 0.4472135954999579
55.5 0.0002 0.7071067811865475
56.5 0.00039999999999999996 0.5000000000000001
57.5 0.0002 0.7071067811865475
58.5 0.0001 1.0
59.5 0.0001 1.0
60.5 0.0 inf
61.5 0.0001 1.0
62.5 0.0 inf
63.5 0.0 inf
64.5 0.0 inf
65.5 0.0 inf
66.5 0.0 inf
67.5 0.0 inf
68.5 0.0 inf
69.5 0.0 inf
70.5 0.0 inf
71.5 0.0 inf
72.5 0.0 inf
73.5 0.0 inf
74.5 0.0 inf
75.5 0.0 inf
76.5 0.0 inf
77.5 0.0 inf
78.5 0.0 inf
79.5 0.0 inf
80.5 0.0 inf
81.5 0.0 inf
82.5 0.0 inf
83.5 0.0 inf
84.5 0.0 inf
85.5 0.0 inf
86.5 0.0 inf
87.5 0.0 inf
88.5 0.0 inf
89.5 0.0 inf
90.5 0.0 inf
91.5 0.0 inf
92.5 0.0 inf
93.5 0.0 inf
94.5 0.0 inf
95.5 0.0 inf
96.5 0.0 inf
97.5 0.0 inf
