0.5 38.4842 0.0016119767312451384
1.5 20.308799999999998 0.0022190028940609658
2.5 20.575499999999998 0.002204574608984836
3.5 18.8896 0.0023008516568008945
4.5 16.6757 0.0024488262007805284
5.5 14.9368 0.0025874455364618167
6.5 13.0784 0.002765175447099512
7.5 11.6769 0.002926417057253535
8.5 10.425 0.0030971480654125544
9.5 9.112 0.0033127841869580164
10.5 8.1735 0.0034978079984512417
11.5 7.1955 0.0037279451274374507
12.5 6.376799999999999 0.003960031148143499
13.5 5.6343 0.004212888996962288
14.5 4.9445 0.004497164869074963
15.5 4.2478 0.004851968466887691
16.5 3.7531999999999996 0.00516177590685892
17.5 3.2848 0.0055175405548997525
18.5 2.7944 0.00598212816889976
19.5 2.3754999999999997 0.006488173915496965
20.5 2.0702 0.006950144720895192
21.5 1.7746 0.007506712124783881
22.5 1.4942000000000002 0.008180797336091979
23.5 1.2356 0.008996240357131922
24.5 1.05 0.009759000729485332
25.5 0.8619 0.010771385261753922
26.5 0.7070000000000001 0.011892969170906877
27.5 0.5828 0.013099062926556151
28.5 0.49460000000000004 0.014219127353430849
29.5 0.39590000000000003 0.01589304997902437
30.5 0.3106 0.017943174234504537
31.5 0.2449 0.020207175225248872
32.5 0.20879999999999999 0.021884405476620426
33.5 0.1602 0.02498438963319538
34.5 0.1321 0.027513674254937545
35.5 0.1037 0.031053504702226845
36.5 0.0761 0.03624997167972069
37.5 0.06720000000000001 0.03857583749052298
38.5 0.0464 0.046423834544262965
39.5 0.0372 0.05184758473652126
40.5 0.026 0.062017367294604234
41.5 0.019799999999999998 0.07106690545187015
42.5 0.015300000000000001 0.08084520834544433
43.5 0.0132 0.08703882797784893
44.5 0.008 0.11180339887498948
45.5 0.0074 0.11624763874381928
46.5 0.0047 0.14586499149789456
47.5 0.0044 0.15075567228888181
48.5 0.0033 0.17407765595569785
49.5 0.0015999999999999999 0.25000000000000006
50.5 0.003 0.18257418583505536
51.5 0.0009 0.3333333333333333
52.5 0.0014 0.2672612419124244
53.5 0.0006 0.4082482904638631
54.5 0.00039999999999999996 0.5000000000000001
55.5 0.0002 0.7071067811865475
56.5 0.0003 0.5773502691896258
57.5 0.0001 1.0
58.5 0.0004 0.5
59.5 0.0001 1.0
60.5 0.0001 1.0
61.5 0.0002 0.7071067811865475
62.5 0.0 inf
63.5 0.0001 1.0
64.5 0.0 inf
65.5 0.0 inf
66.5 0.0 inf
67.5 0.0 inf
68.5 0.0 inf
69.5 0.0 inf
70.5 0.0 inf
71.5 0.0 inf
72.5 0.0 inf
73.5 0.0 inf
74.5 0.0 inf
75.5 0.0 inf
76.5 0.0 inf
77.5 0.0 inf
78.5 0.0 inf
79.5 0.0 inf
80.5 0.0 inf
81.5 0.0 inf
82.5 0.0 inf
83.5 0.0 inf
84.5 0.0 inf
85.5 0.0 inf
86.5 0.0 inf
87.5 0.0 inf
88.5 0.0 inf
89.5 0.0 inf
90.5 0.0 inf
91.5 0.0 inf
92.5 0.0 inf
93.5 0.0 inf
94.5 0.0 inf
95.5 0.0 inf
96.5 0.0 inf
97.5 0.0 inf
