0.5 54.019 0.0013605882931756164
1.5 24.2307 0.0020315009028797
2.5 23.3692 0.002068607415966411
3.5 20.8597 0.0021895051492631912
4.5 17.938200000000002 0.0023610792750137616
5.5 15.863199999999999 0.0025107565255770466
6.5 13.8488 0.002687162488395289
7.5 12.2279 0.0028597236090588726
8.5 10.865 0.003033787339871056
9.5 9.4842 0.003247129791056833
10.5 8.441199999999998 0.003441897278163647
11.5 7.366 0.0036845473562900446
12.5 6.6434999999999995 0.0038797302439746877
13.5 5.7197 0.004181319701465382
14.5 5.0518 0.0044491487479446385
15.5 4.3466000000000005 0.004796507878610014
16.5 3.8677 0.005084796888476243
17.5 3.3528000000000002 0.005461301788712288
18.5 2.8272 0.005947325850872581
19.5 2.44 0.006401843996644799
20.5 2.1242 0.006861235053877062
21.5 1.7981 0.007457496865311766
22.5 1.4950999999999999 0.008178334682770027
23.5 1.2525 0.008935341032175406
24.5 1.0539 0.009740927203113392
25.5 0.8795 0.010663065528177855
26.5 0.7362 0.01165472668791776
27.5 0.5671999999999999 0.01327797629320362
28.5 0.4925 0.014249409997581928
29.5 0.4122 0.015575643783866592
30.5 0.3207 0.017658366242304668
31.5 0.2655 0.0194074169913194
32.5 0.2042 0.022129526988628804
33.5 0.16720000000000002 0.02445579940222592
34.5 0.1247 0.02831827358942995
35.5 0.1052 0.030831320798910367
36.5 0.07769999999999999 0.03587480016670876
37.5 0.06670000000000001 0.038720154633118314
38.5 0.048600000000000004 0.04536092116265144
39.5 0.038099999999999995 0.051231551957856
40.5 0.0293 0.0584206237836986
41.5 0.0223 0.06696495301824251
42.5 0.016300000000000002 0.07832604499879572
43.5 0.0142 0.08391813582966891
44.5 0.0094 0.10314212462587934
45.5 0.0086 0.10783277320343841
46.5 0.004699999999999999 0.14586499149789456
47.5 0.004399999999999999 0.15075567228888184
48.5 0.003 0.18257418583505536
49.5 0.0026 0.19611613513818404
50.5 0.0015 0.2581988897471611
51.5 0.0009 0.3333333333333333
52.5 0.0007 0.3779644730092272
53.5 0.0007999999999999999 0.3535533905932738
54.5 0.0005 0.4472135954999579
55.5 0.0002 0.7071067811865475
56.5 0.0003 0.5773502691896258
57.5 0.0001 1.0
58.5 0.0004 0.5
59.5 0.0001 1.0
60.5 0.0001 1.0
61.5 0.0 inf
62.5 0.0 inf
63.5 0.0 inf
64.5 0.0 inf
65.5 0.0 inf
66.5 0.0 inf
67.5 0.0 inf
68.5 0.0 inf
69.5 0.0 inf
70.5 0.0 inf
71.5 0.0 inf
72.5 0.0 inf
73.5 0.0 inf
74.5 0.0 inf
75.5 0.0 inf
76.5 0.0 inf
77.5 0.0 inf
78.5 0.0 inf
79.5 0.0 inf
80.5 0.0 inf
81.5 0.0 inf
82.5 0.0 inf
83.5 0.0 inf
84.5 0.0 inf
85.5 0.0 inf
86.5 0.0 inf
87.5 0.0 inf
88.5 0.0 inf
89.5 0.0 inf
90.5 0.0 inf
91.5 0.0 inf
92.5 0.0 inf
93.5 0.0 inf
94.5 0.0 inf
95.5 0.0 inf
96.5 0.0 inf
97.5 0.0 inf
