0.5 39.1513 0.0015981844708189048
1.5 20.7086 0.0021974784776852977
2.5 20.91 0.0021868700842034767
3.5 19.2137 0.0022813635441058153
4.5 16.961199999999998 0.0024281287566310936
5.5 15.1207 0.0025716629708217426
6.5 13.269300000000001 0.0027452126629447884
7.5 11.843900000000001 0.0029057124489369366
8.5 10.6039 0.0030709107044370612
9.5 9.226700000000001 0.00329212866303727
10.5 8.283 0.0034746108328062154
11.5 7.2507 0.0037137274844725563
12.5 6.4401 0.0039405214372037305
13.5 5.67 0.00419960525565808
14.5 5.0084 0.004468384087489168
15.5 4.3443000000000005 0.004797777416665078
16.5 3.8438999999999997 0.00510051418324967
17.5 3.2824999999999998 0.005519473246608816
18.5 2.8301 0.005944277961126567
19.5 2.4208 0.00642718120911326
20.5 2.0598 0.006967668387455683
21.5 1.7703 0.0075158233728306
22.5 1.4953 0.008177787728435172
23.5 1.2564 0.008921462126203154
24.5 1.0546 0.00973769385354845
25.5 0.8799 0.010660641553259477
26.5 0.7223999999999999 0.011765520133375293
27.5 0.5729 0.013211757353930011
28.5 0.507 0.014044168141158105
29.5 0.39649999999999996 0.015881020420107105
30.5 0.3167 0.017769531118903073
31.5 0.25730000000000003 0.019714243067193778
32.5 0.19879999999999998 0.022428065200812832
33.5 0.1638 0.024708310555370042
34.5 0.126 0.02817180849095055
35.5 0.1017 0.03135736227945324
36.5 0.084 0.03450327796711771
37.5 0.0638 0.03959037912324479
38.5 0.0523 0.04372694694466261
39.5 0.0372 0.05184758473652126
40.5 0.0284 0.05933908290969266
41.5 0.0238 0.06482037235521643
42.5 0.0166 0.07761505257063328
43.5 0.013600000000000001 0.08574929257125441
44.5 0.009000000000000001 0.10540925533894598
45.5 0.0068 0.12126781251816648
46.5 0.0059 0.13018891098082389
47.5 0.0024000000000000002 0.20412414523193148
48.5 0.0037 0.1643989873053573
49.5 0.0024000000000000002 0.20412414523193148
50.5 0.0014 0.2672612419124244
51.5 0.0021 0.2182178902359924
52.5 0.0007 0.3779644730092272
53.5 0.0005 0.4472135954999579
54.5 0.0004 0.5
55.5 0.0007 0.3779644730092272
56.5 0.0 inf
57.5 0.0001 1.0
58.5 0.0 inf
59.5 0.0 inf
60.5 0.0 inf
61.5 0.0 inf
62.5 0.0001 1.0
63.5 0.0001 1.0
64.5 0.0 inf
65.5 0.0 inf
66.5 0.0001 1.0
67.5 0.0 inf
68.5 0.0 inf
69.5 0.0 inf
70.5 0.0 inf
71.5 0.0 inf
72.5 0.0 inf
73.5 0.0 inf
74.5 0.0 inf
75.5 0.0 inf
76.5 0.0 inf
77.5 0.0 inf
78.5 0.0 inf
79.5 0.0 inf
80.5 0.0 inf
81.5 0.0 inf
82.5 0.0 inf
83.5 0.0 inf
84.5 0.0 inf
85.5 0.0 inf
86.5 0.0 inf
87.5 0.0 inf
88.5 0.0 inf
89.5 0.0 inf
90.5 0.0 inf
91.5 0.0 inf
92.5 0.0 inf
93.5 0.0 inf
94.5 0.0 inf
95.5 0.0 inf
96.5 0.0 inf
97.5 0.0 inf
