0.5 39.282000000000004 0.0015955234969649114
1.5 20.6907 0.002198428816751997
2.5 21.0283 0.0021807100138928016
3.5 19.2506 0.0022791760098434034
4.5 16.9485 0.0024290383197359427
5.5 15.2271 0.0025626624188829668
6.5 13.302 0.002741836340176659
7.5 11.7981 0.0029113469462353873
8.5 10.6238 0.0030680332139219413
9.5 9.244599999999998 0.003288939901148404
10.5 8.3082 0.0034693373265336424
11.5 7.2758 0.003707316155714854
12.5 6.4706 0.00393122339169666
13.5 5.6617999999999995 0.0042026453050596465
14.5 4.9565 0.004491717609739632
15.5 4.3395 0.004800430137811385
16.5 3.811 0.005122482998026912
17.5 3.2988 0.005505819974830884
18.5 2.8312999999999997 0.005943018135334715
19.5 2.4435000000000002 0.006397257443886079
20.5 2.0879000000000003 0.006920622380178617
21.5 1.7771 0.007501430096431193
22.5 1.4792 0.00822217187426218
23.5 1.2765 0.008850943948189445
24.5 1.0585 0.009719738231534875
25.5 0.8549 0.01081539390638794
26.5 0.7341 0.01167138480500857
27.5 0.5841000000000001 0.013084477866314325
28.5 0.4962 0.014196184010766886
29.5 0.3977 0.01585704302280871
30.5 0.3236 0.017579063848365748
31.5 0.2583 0.019676044536698512
32.5 0.2037 0.02215666980146639
33.5 0.1604 0.02496880847194612
34.5 0.1251 0.0282729643226657
35.5 0.10170000000000001 0.03135736227945324
36.5 0.0804 0.035267280792929914
37.5 0.06409999999999999 0.03949762527666822
38.5 0.0504 0.0445435403187374
39.5 0.0366 0.05227083734893167
40.5 0.030000000000000002 0.05773502691896257
41.5 0.020700000000000003 0.06950480468569159
42.5 0.0171 0.07647191129018725
43.5 0.0121 0.09090909090909091
44.5 0.0097 0.10153461651336192
45.5 0.0085 0.10846522890932808
46.5 0.0049 0.14285714285714285
47.5 0.0039 0.16012815380508713
48.5 0.0036 0.16666666666666666
49.5 0.0025 0.2
50.5 0.002 0.22360679774997896
51.5 0.0014 0.2672612419124244
52.5 0.0009 0.3333333333333333
53.5 0.0010999999999999998 0.3015113445777637
54.5 0.0006 0.4082482904638631
55.5 0.00030000000000000003 0.5773502691896257
56.5 0.0001 1.0
57.5 0.0001 1.0
58.5 0.0002 0.7071067811865475
59.5 0.0001 1.0
60.5 0.0 inf
61.5 0.0 inf
62.5 0.0 inf
63.5 0.0 inf
64.5 0.0 inf
65.5 0.0 inf
66.5 0.0 inf
67.5 0.0 inf
68.5 0.0 inf
69.5 0.0 inf
70.5 0.0 inf
71.5 0.0 inf
72.5 0.0 inf
73.5 0.0 inf
74.5 0.0 inf
75.5 0.0 inf
76.5 0.0 inf
77.5 0.0 inf
78.5 0.0 inf
79.5 0.0 inf
80.5 0.0 inf
81.5 0.0 inf
82.5 0.0 inf
83.5 0.0 inf
84.5 0.0 inf
85.5 0.0 inf
86.5 0.0 inf
87.5 0.0 inf
88.5 0.0 inf
89.5 0.0 inf
90.5 0.0 inf
91.5 0.0 inf
92.5 0.0 inf
93.5 0.0 inf
94.5 0.0 inf
95.5 0.0 inf
96.5 0.0 inf
97.5 0.0 inf
