0.5 51.3343 0.0013957131742043613
1.5 23.919800000000002 0.002044660598203894
2.5 23.1998 0.0020761459452677223
3.5 20.7215 0.00219679436008745
4.5 17.8532 0.002366693210594706
5.5 15.8995 0.0025078887454005805
6.5 13.8084 0.0026910906073114023
7.5 12.237400000000001 0.0028586133793981265
8.5 10.8703 0.0030330476623421122
9.5 9.473199999999999 0.0032490144797006626
10.5 8.405100000000001 0.003449280852482903
11.5 7.3255 0.003694718572227655
12.5 6.5766 0.00389941345534755
13.5 5.752000000000001 0.00416956320275974
14.5 5.0577000000000005 0.004446552939822234
15.5 4.363099999999999 0.00478742977527855
16.5 3.8644 0.0050869675034464264
17.5 3.3411 0.005470855736390974
18.5 2.8359 0.005938196213132842
19.5 2.4266 0.006419495568153512
20.5 2.1334999999999997 0.0068462645418289935
21.5 1.7993000000000001 0.007455009651168554
22.5 1.501 0.008162245514079562
23.5 1.2727 0.008864147577797734
24.5 1.0581 0.00972157526391407
25.5 0.872 0.010708823421952984
26.5 0.7290000000000001 0.011712139482105107
27.5 0.5771999999999999 0.01316245316231641
28.5 0.5052 0.014069165197083818
29.5 0.4131 0.015558667600311219
30.5 0.3325 0.0173421993904824
31.5 0.2565 0.019744962591969745
32.5 0.2024 0.022227711223719353
33.5 0.16599999999999998 0.0245440346836908
34.5 0.1277 0.027983662310423867
35.5 0.0993 0.03173404079876884
36.5 0.077 0.036037498507822355
37.5 0.0648 0.039283710065919304
38.5 0.05499999999999999 0.04264014327112209
39.5 0.0372 0.05184758473652126
40.5 0.0294 0.05832118435198043
41.5 0.0249 0.06337242505244779
42.5 0.015899999999999997 0.07930515857181443
43.5 0.0121 0.09090909090909091
44.5 0.009399999999999999 0.10314212462587935
45.5 0.0074 0.11624763874381928
46.5 0.0066 0.12309149097933272
47.5 0.0054 0.13608276348795434
48.5 0.0028 0.1889822365046136
49.5 0.004 0.15811388300841897
50.5 0.0017000000000000001 0.24253562503633297
51.5 0.0014 0.2672612419124244
52.5 0.0007 0.3779644730092272
53.5 0.0006000000000000001 0.40824829046386296
54.5 0.0007999999999999999 0.3535533905932738
55.5 0.0004 0.5
56.5 0.0002 0.7071067811865475
57.5 0.00030000000000000003 0.5773502691896257
58.5 0.00030000000000000003 0.5773502691896257
59.5 0.0001 1.0
60.5 0.0001 1.0
61.5 0.0001 1.0
62.5 0.0 inf
63.5 0.0 inf
64.5 0.0 inf
65.5 0.0 inf
66.5 0.0 inf
67.5 0.0 inf
68.5 0.0 inf
69.5 0.0 inf
70.5 0.0 inf
71.5 0.0001 1.0
72.5 0.0 inf
73.5 0.0 inf
74.5 0.0 inf
75.5 0.0 inf
76.5 0.0 inf
77.5 0.0 inf
78.5 0.0 inf
79.5 0.0 inf
80.5 0.0 inf
81.5 0.0 inf
82.5 0.0 inf
83.5 0.0 inf
84.5 0.0 inf
85.5 0.0 inf
86.5 0.0 inf
87.5 0.0 inf
88.5 0.0 inf
89.5 0.0 inf
90.5 0.0 inf
91.5 0.0 inf
92.5 0.0 inf
93.5 0.0 inf
94.5 0.0 inf
95.5 0.0 inf
96.5 0.0 inf
97.5 0.0 inf
