0.5 38.5222 0.0016111814725445611
1.5 20.3125 0.0022188007849009163
2.5 20.612499999999997 0.002202595084468529
3.5 18.8733 0.00230184501217348
4.5 16.6894 0.0024478208978130815
5.5 14.994499999999999 0.0025824623923178763
6.5 13.134599999999999 0.0027592533234645127
7.5 11.6752 0.0029266301040499127
8.5 10.4353 0.0030956191922266126
9.5 9.1328 0.003309009594871076
10.5 8.1397 0.0035050627763679332
11.5 7.1173 0.003748369228445984
12.5 6.4128 0.003948900147541022
13.5 5.5918 0.004228868543778174
14.5 4.9417 0.004498438750376149
15.5 4.2889 0.0048286645951045445
16.5 3.8009 0.005129284381131229
17.5 3.2869 0.005515777695295929
18.5 2.7878999999999996 0.005989097786717374
19.5 2.4063 0.006446516735753716
20.5 2.0682 0.006953504388863872
21.5 1.7513999999999998 0.0075562675574213
22.5 1.4667 0.008257134407908012
23.5 1.2258 0.00903213024339008
24.5 1.061 0.009708280325593281
25.5 0.8602000000000001 0.010782023669543773
26.5 0.7137 0.011837013737140583
27.5 0.579 0.013141977464419205
28.5 0.495 0.01421338109037403
29.5 0.3929 0.0159536105311426
30.5 0.325 0.017541160386140585
31.5 0.252 0.019920476822239894
32.5 0.2066 0.022000616025873207
33.5 0.1639 0.024700771787671945
34.5 0.1268 0.02808279781508652
35.5 0.1026 0.031219527052723135
36.5 0.0794 0.0354886720493838
37.5 0.0577 0.04163054471218133
38.5 0.0489 0.045221563164613454
39.5 0.0416 0.04902903378454601
40.5 0.031200000000000002 0.05661385170722978
41.5 0.0211 0.06884283908215143
42.5 0.020200000000000003 0.07035975447302918
43.5 0.0115 0.09325048082403138
44.5 0.007599999999999999 0.1147078669352809
45.5 0.0075 0.11547005383792514
46.5 0.0042 0.1543033499620919
47.5 0.0045 0.14907119849998599
48.5 0.0040999999999999995 0.15617376188860607
49.5 0.0034000000000000002 0.17149858514250882
50.5 0.002 0.22360679774997896
51.5 0.0010999999999999998 0.3015113445777637
52.5 0.001 0.31622776601683794
53.5 0.0008 0.35355339059327373
54.5 0.0004 0.5
55.5 0.00030000000000000003 0.5773502691896257
56.5 0.0002 0.7071067811865475
57.5 0.0001 1.0
58.5 0.0 inf
59.5 0.0002 0.7071067811865475
60.5 0.0 inf
61.5 0.0 inf
62.5 0.0 inf
63.5 0.0 inf
64.5 0.0 inf
65.5 0.0 inf
66.5 0.0 inf
67.5 0.0 inf
68.5 0.0 inf
69.5 0.0 inf
70.5 0.0 inf
71.5 0.0 inf
72.5 0.0 inf
73.5 0.0 inf
74.5 0.0 inf
75.5 0.0 inf
76.5 0.0 inf
77.5 0.0 inf
78.5 0.0 inf
79.5 0.0 inf
80.5 0.0 inf
81.5 0.0 inf
82.5 0.0 inf
83.5 0.0 inf
84.5 0.0 inf
85.5 0.0 inf
86.5 0.0 inf
87.5 0.0 inf
88.5 0.0 inf
89.5 0.0 inf
90.5 0.0 inf
91.5 0.0 inf
92.5 0.0 inf
93.5 0.0 inf
94.5 0.0 inf
95.5 0.0 inf
96.5 0.0 inf
97.5 0.0 inf
