0.5 38.445 0.0016127983385863238
1.5 20.2686 0.002221202348616377
2.5 20.609 0.0022027821084754555
3.5 18.8581 0.0023027724915261655
4.5 16.644 0.0024511570967021452
5.5 14.894400000000001 0.002591125769477341
6.5 13.1234 0.0027604304973087596
7.5 11.6166 0.0029340025187014115
8.5 10.424 0.0030972966203717694
9.5 9.1146 0.003312311656445456
10.5 8.1605 0.0035005929631539544
11.5 7.152 0.0037392650224713146
12.5 6.3811 0.003958696660079539
13.5 5.5802 0.004233261702447736
14.5 4.9124 0.004511834270160421
15.5 4.262700000000001 0.004843481168240967
16.5 3.7671 0.005152244039798827
17.5 3.2729999999999997 0.005527477677153743
18.5 2.7999 0.005976249766370659
19.5 2.4108 0.006440497390481659
20.5 2.0418 0.006998313609605647
21.5 1.7774999999999999 0.007500586006173493
22.5 1.4889000000000001 0.008195344891034231
23.5 1.2458 0.008959336259616292
24.5 1.049 0.009763651194714484
25.5 0.8516 0.01083632878821919
26.5 0.7111000000000001 0.011858633871570443
27.5 0.5801000000000001 0.01312951148031692
28.5 0.49029999999999996 0.014281343114939598
29.5 0.4023 0.015766125661346737
30.5 0.3146 0.01782873955801673
31.5 0.2515 0.019940268657049436
32.5 0.2031 0.022189373390928115
33.5 0.1603 0.02497659540757031
34.5 0.1313 0.027597366233044082
35.5 0.10239999999999999 0.03125000000000001
36.5 0.0733 0.036935842757655886
37.5 0.0637 0.03962144258751636
38.5 0.0457 0.0467780269724988
39.5 0.0379 0.051366549693751415
40.5 0.0322 0.05572782125753528
41.5 0.0213 0.06851887098275317
42.5 0.0203 0.07018624063435965
43.5 0.0119 0.09166984970282112
44.5 0.010499999999999999 0.09759000729485333
45.5 0.008199999999999999 0.11043152607484656
46.5 0.0063 0.1259881576697424
47.5 0.0059 0.13018891098082389
48.5 0.0031999999999999997 0.1767766952966369
49.5 0.0027 0.19245008972987526
50.5 0.002 0.22360679774997896
51.5 0.0018 0.23570226039551587
52.5 0.0007999999999999999 0.3535533905932738
53.5 0.0004 0.5
54.5 0.0005 0.4472135954999579
55.5 0.0003 0.5773502691896258
56.5 0.0001 1.0
57.5 0.0002 0.7071067811865475
58.5 0.0002 0.7071067811865475
59.5 0.0 inf
60.5 0.0001 1.0
61.5 0.0001 1.0
62.5 0.0 inf
63.5 0.0002 0.7071067811865475
64.5 0.0 inf
65.5 0.0 inf
66.5 0.0 inf
67.5 0.0 inf
68.5 0.0 inf
69.5 0.0 inf
70.5 0.0 inf
71.5 0.0 inf
72.5 0.0 inf
73.5 0.0 inf
74.5 0.0 inf
75.5 0.0 inf
76.5 0.0 inf
77.5 0.0 inf
78.5 0.0 inf
79.5 0.0 inf
80.5 0.0 inf
81.5 0.0 inf
82.5 0.0 inf
83.5 0.0 inf
84.5 0.0 inf
85.5 0.0 inf
86.5 0.0 inf
87.5 0.0 inf
88.5 0.0 inf
89.5 0.0 inf
90.5 0.0 inf
91.5 0.0 inf
92.5 0.0 inf
93.5 0.0 inf
94.5 0.0 inf
95.5 0.0 inf
96.5 0.0 inf
97.5 0.0 inf
