0.5 38.518299999999996 0.0016112630370047824
1.5 20.3888 0.0022146452391465024
2.5 20.5786 0.002204408552044961
3.5 18.9661 0.002296206711334265
4.5 16.6958 0.0024473516913255016
5.5 15.0031 0.0025817221332999404
6.5 13.165600000000001 0.0027560029108697637
7.5 11.6328 0.002931958840465563
8.5 10.4287 0.003096598597864003
9.5 9.0451 0.003325012740018534
10.5 8.1823 0.003495926559800529
11.5 7.1946 0.0037281782915948814
12.5 6.3716 0.003961646751936673
13.5 5.66 0.004203313517091986
14.5 4.9241 0.00450647086816589
15.5 4.2804 0.004833456588047846
16.5 3.832 0.005108427684025953
17.5 3.3 0.005504818825631803
18.5 2.7775 0.0060003000225018754
19.5 2.4135999999999997 0.006436760519038268
20.5 2.0747999999999998 0.006942435928294135
21.5 1.7644 0.00752837901488113
22.5 1.467 0.008256290076967833
23.5 1.2277 0.009025138432583455
24.5 1.0495 0.009761325131264032
25.5 0.8631 0.01076389472867711
26.5 0.7151000000000001 0.011825420996176839
27.5 0.5827 0.013100186875498679
28.5 0.4861 0.014342907231889208
29.5 0.39590000000000003 0.01589304997902437
30.5 0.3274 0.017476749542968805
31.5 0.2581 0.019683666479473904
32.5 0.20079999999999998 0.02231609213387259
33.5 0.1627 0.024791695181436636
34.5 0.1278 0.02797271194322297
35.5 0.10250000000000001 0.031234752377721213
36.5 0.0805 0.035245368842512066
37.5 0.065 0.03922322702763681
38.5 0.0509 0.04432422071779363
39.5 0.037 0.05198752449100364
40.5 0.0284 0.05933908290969266
41.5 0.0211 0.06884283908215143
42.5 0.015600000000000001 0.08006407690254357
43.5 0.012 0.09128709291752768
44.5 0.0097 0.10153461651336192
45.5 0.0068000000000000005 0.12126781251816648
46.5 0.0063 0.1259881576697424
47.5 0.0046 0.14744195615489714
48.5 0.0037 0.1643989873053573
49.5 0.0018 0.23570226039551587
50.5 0.0012 0.2886751345948129
51.5 0.0007 0.3779644730092272
52.5 0.00030000000000000003 0.5773502691896257
53.5 0.00039999999999999996 0.5000000000000001
54.5 0.0004 0.5
55.5 0.0006000000000000001 0.40824829046386296
56.5 0.0002 0.7071067811865475
57.5 0.0 inf
58.5 0.0001 1.0
59.5 0.0 inf
60.5 0.0001 1.0
61.5 0.0 inf
62.5 0.0 inf
63.5 0.0 inf
64.5 0.0 inf
65.5 0.0 inf
66.5 0.0 inf
67.5 0.0 inf
68.5 0.0 inf
69.5 0.0 inf
70.5 0.0 inf
71.5 0.0 inf
72.5 0.0 inf
73.5 0.0 inf
74.5 0.0 inf
75.5 0.0 inf
76.5 0.0 inf
77.5 0.0 inf
78.5 0.0 inf
79.5 0.0 inf
80.5 0.0 inf
81.5 0.0 inf
82.5 0.0 inf
83.5 0.0 inf
84.5 0.0 inf
85.5 0.0 inf
86.5 0.0 inf
87.5 0.0 inf
88.5 0.0 inf
89.5 0.0 inf
90.5 0.0 inf
91.5 0.0 inf
92.5 0.0 inf
93.5 0.0 inf
94.5 0.0 inf
95.5 0.0 inf
96.5 0.0 inf
97.5 0.0 inf
