0.5 42.699999999999996 0.004839339184958273
1.5 22.999000000000002 0.006593948082213459
2.5 23.246 0.006558822581900266
3.5 21.255 0.006859136495928028
4.5 18.925 0.00726912364184814
5.5 16.891 0.00769435675836836
6.5 14.911 0.008189296868084308
7.5 13.17 0.008713790464962656
8.5 11.916 0.009160828498821879
9.5 10.275 0.009865272473339801
10.5 9.437999999999999 0.01029342758313269
11.5 8.009 0.011174056247636599
12.5 7.234999999999999 0.011756572659201533
13.5 6.483 0.012419725271263714
14.5 5.5489999999999995 0.013424330557912197
15.5 4.904 0.014279886949438495
16.5 4.305 0.015240998561973753
17.5 3.707 0.01642436950621934
18.5 3.2569999999999997 0.01752230036644799
19.5 2.741 0.019100532816794493
20.5 2.295 0.020874143036171647
21.5 1.925 0.02279211529192759
22.5 1.7120000000000002 0.02416841222614159
23.5 1.381 0.02690934710508624
24.5 1.214 0.028700578896514575
25.5 0.968 0.03214121732666125
26.5 0.8089999999999999 0.0351581276967315
27.5 0.667 0.038720154633118314
28.5 0.5609999999999999 0.04222003309207491
29.5 0.43200000000000005 0.048112522432468816
30.5 0.32 0.05590169943749474
31.5 0.263 0.061662641597820735
32.5 0.22999999999999998 0.06593804733957871
33.5 0.173 0.07602859212697055
34.5 0.139 0.08481889296799709
35.5 0.111 0.0949157995752499
36.5 0.098 0.10101525445522107
37.5 0.052 0.1386750490563073
38.5 0.055 0.13483997249264842
39.5 0.043 0.15249857033260467
40.5 0.027 0.19245008972987526
41.5 0.014 0.2672612419124244
42.5 0.011 0.30151134457776363
43.5 0.013999999999999999 0.2672612419124244
44.5 0.01 0.31622776601683794
45.5 0.008 0.35355339059327373
46.5 0.008 0.35355339059327373
47.5 0.005 0.4472135954999579
48.5 0.001 1.0
49.5 0.001 1.0
50.5 0.001 1.0
51.5 0.0 inf
52.5 0.0 inf
53.5 0.002 0.7071067811865475
54.5 0.0 inf
55.5 0.001 1.0
56.5 0.0 inf
57.5 0.0 inf
58.5 0.0 inf
59.5 0.0 inf
60.5 0.0 inf
61.5 0.0 inf
62.5 0.0 inf
63.5 0.0 inf
64.5 0.0 inf
65.5 0.0 inf
66.5 0.0 inf
67.5 0.0 inf
68.5 0.0 inf
69.5 0.0 inf
70.5 0.0 inf
71.5 0.0 inf
72.5 0.0 inf
73.5 0.0 inf
74.5 0.0 inf
75.5 0.0 inf
76.5 0.0 inf
77.5 0.0 inf
78.5 0.0 inf
79.5 0.0 inf
80.5 0.0 inf
81.5 0.0 inf
82.5 0.0 inf
83.5 0.0 inf
84.5 0.0 inf
85.5 0.0 inf
86.5 0.0 inf
87.5 0.0 inf
88.5 0.0 inf
89.5 0.0 inf
90.5 0.0 inf
91.5 0.0 inf
92.5 0.0 inf
93.5 0.0 inf
94.5 0.0 inf
95.5 0.0 inf
96.5 0.0 inf
97.5 0.0 inf
