0.5 38.428 0.005101244141112879
1.5 20.25 0.0070272836892630655
2.5 20.714 0.006948131256108343
3.5 18.889000000000003 0.007276047350982191
4.5 16.714 0.007734990792852565
5.5 14.841000000000001 0.008208587226297534
6.5 13.088000000000001 0.00874104501593832
7.5 11.837 0.009191347294279466
8.5 10.379000000000001 0.009815721868472533
9.5 9.218 0.01041553656992706
10.5 8.302 0.010975103776956291
11.5 7.214 0.011773671953194386
12.5 6.4239999999999995 0.012476628212648742
13.5 5.57 0.01339900047184581
14.5 4.886 0.014306166285142278
15.5 4.306 0.015239228719482505
16.5 3.651 0.016549850824454444
17.5 3.182 0.017727598712973542
18.5 2.856 0.018712029714127994
19.5 2.394 0.020437977982832194
20.5 2.046 0.022107884414269093
21.5 1.725 0.02407717061715384
22.5 1.492 0.025889018653924886
23.5 1.206 0.02879561418604534
24.5 1.018 0.031341957040361135
25.5 0.901 0.03331483023263848
26.5 0.759 0.036297700432031385
27.5 0.593 0.04106507811765909
28.5 0.483 0.045501575519329006
29.5 0.371 0.0519174131651165
30.5 0.293 0.0584206237836986
31.5 0.253 0.06286946134619315
32.5 0.192 0.07216878364870323
33.5 0.16699999999999998 0.0773823232534137
34.5 0.14500000000000002 0.08304547985373997
35.5 0.10500000000000001 0.0975900072948533
36.5 0.076 0.11470786693528087
37.5 0.056 0.1336306209562122
38.5 0.044 0.15075567228888181
39.5 0.027 0.19245008972987526
40.5 0.033 0.17407765595569785
41.5 0.019 0.22941573387056174
42.5 0.017 0.24253562503633297
43.5 0.014 0.2672612419124244
44.5 0.007 0.3779644730092272
45.5 0.008 0.35355339059327373
46.5 0.005 0.4472135954999579
47.5 0.001 1.0
48.5 0.001 1.0
49.5 0.002 0.7071067811865475
50.5 0.0 inf
51.5 0.0 inf
52.5 0.002 0.7071067811865475
53.5 0.0 inf
54.5 0.0 inf
55.5 0.0 inf
56.5 0.0 inf
57.5 0.001 1.0
58.5 0.0 inf
59.5 0.0 inf
60.5 0.0 inf
61.5 0.0 inf
62.5 0.0 inf
63.5 0.0 inf
64.5 0.0 inf
65.5 0.0 inf
66.5 0.0 inf
67.5 0.0 inf
68.5 0.0 inf
69.5 0.0 inf
70.5 0.0 inf
71.5 0.0 inf
72.5 0.0 inf
73.5 0.0 inf
74.5 0.0 inf
75.5 0.0 inf
76.5 0.0 inf
77.5 0.0 inf
78.5 0.0 inf
79.5 0.0 inf
80.5 0.0 inf
81.5 0.0 inf
82.5 0.0 inf
83.5 0.0 inf
84.5 0.0 inf
85.5 0.0 inf
86.5 0.0 inf
87.5 0.0 inf
88.5 0.0 inf
89.5 0.0 inf
90.5 0.0 inf
91.5 0.0 inf
92.5 0.0 inf
93.5 0.0 inf
94.5 0.0 inf
95.5 0.0 inf
96.5 0.0 inf
97.5 0.0 inf
