0.5 43.587 0.004789845561822866
1.5 23.561 0.00651483079176433
2.5 23.729999999999997 0.006491590722261523
3.5 21.973 0.0067461395720960545
4.5 19.119 0.007232149804483977
5.5 17.301000000000002 0.0076026394864073185
6.5 15.318999999999999 0.00807950570449763
7.5 13.559000000000001 0.00858788400038686
8.5 12.158999999999999 0.009068826029849052
9.5 10.602 0.009711942445801083
10.5 9.561 0.010227002000560306
11.5 8.19 0.0110498924021966
12.5 7.4 0.011624763874381928
13.5 6.503 0.012400612109320948
14.5 5.713 0.0132302450416222
15.5 5.029 0.014101300975535015
16.5 4.383 0.015104775147648125
17.5 3.691 0.016459929752461706
18.5 3.175 0.017747130188322274
19.5 2.731 0.019135470714689008
20.5 2.426 0.020302737602678898
21.5 2.0389999999999997 0.022145800696175846
22.5 1.74 0.023973165074269207
23.5 1.4809999999999999 0.02598498501673715
24.5 1.198 0.028891599832849384
25.5 0.96 0.03227486121839514
26.5 0.849 0.03431991115272901
27.5 0.668 0.03869116162670684
28.5 0.585 0.041344911529736156
29.5 0.46399999999999997 0.046423834544262965
30.5 0.396 0.050251890762960605
31.5 0.303 0.0574484989621426
32.5 0.251 0.06311944030978031
33.5 0.188 0.07293249574894728
34.5 0.152 0.08111071056538127
35.5 0.107 0.09667364890456635
36.5 0.095 0.10259783520851541
37.5 0.07100000000000001 0.11867816581938533
38.5 0.041999999999999996 0.15430334996209194
39.5 0.041 0.15617376188860607
40.5 0.031 0.1796053020267749
41.5 0.028999999999999998 0.18569533817705186
42.5 0.02 0.22360679774997896
43.5 0.011 0.30151134457776363
44.5 0.009000000000000001 0.33333333333333326
45.5 0.006 0.4082482904638631
46.5 0.004 0.5
47.5 0.002 0.7071067811865475
48.5 0.005 0.4472135954999579
49.5 0.003 0.5773502691896258
50.5 0.002 0.7071067811865475
51.5 0.002 0.7071067811865475
52.5 0.0 inf
53.5 0.001 1.0
54.5 0.0 inf
55.5 0.0 inf
56.5 0.001 1.0
57.5 0.0 inf
58.5 0.0 inf
59.5 0.0 inf
60.5 0.001 1.0
61.5 0.0 inf
62.5 0.0 inf
63.5 0.0 inf
64.5 0.0 inf
65.5 0.0 inf
66.5 0.0 inf
67.5 0.0 inf
68.5 0.0 inf
69.5 0.0 inf
70.5 0.0 inf
71.5 0.0 inf
72.5 0.0 inf
73.5 0.0 inf
74.5 0.0 inf
75.5 0.0 inf
76.5 0.0 inf
77.5 0.0 inf
78.5 0.0 inf
79.5 0.0 inf
80.5 0.0 inf
81.5 0.0 inf
82.5 0.0 inf
83.5 0.0 inf
84.5 0.0 inf
85.5 0.0 inf
86.5 0.0 inf
87.5 0.0 inf
88.5 0.0 inf
89.5 0.0 inf
90.5 0.0 inf
91.5 0.0 inf
92.5 0.0 inf
93.5 0.0 inf
94.5 0.0 inf
95.5 0.0 inf
96.5 0.0 inf
97.5 0.0 inf
