0.5 49.510000000000005 0.004494211811890864
1.5 26.584 0.006133238255247913
2.5 26.725 0.006117037502066161
3.5 24.68 0.006365425246889945
4.5 21.719 0.006785472384473678
5.5 19.243000000000002 0.0072088105135606805
6.5 17.049 0.007658620406941896
7.5 15.089 0.008140850338318269
8.5 13.558 0.008588200703648833
9.5 11.648 0.009265616458263765
10.5 10.362 0.009823770454017007
11.5 9.155 0.01045131230997075
12.5 8.036999999999999 0.011154574690170912
13.5 7.099 0.01186865243196471
14.5 6.244999999999999 0.012654173322741616
15.5 5.395 0.013614580855202115
16.5 4.739 0.014526354741081004
17.5 4.0600000000000005 0.01569412051435861
18.5 3.482 0.016946718543287685
19.5 2.8970000000000002 0.01857914620752211
20.5 2.458 0.02017014687752732
21.5 2.19 0.02136869215853441
22.5 1.818 0.02345325149100973
23.5 1.5659999999999998 0.025269934785963448
24.5 1.308 0.02765006318046655
25.5 1.028 0.031189143077590267
26.5 0.895 0.03342631352324378
27.5 0.72 0.037267799624996496
28.5 0.569 0.04192218081503185
29.5 0.475 0.04588314677411235
30.5 0.385 0.050964719143762556
31.5 0.325 0.05547001962252291
32.5 0.217 0.06788442333021306
33.5 0.194 0.07179581586177382
34.5 0.163 0.07832604499879574
35.5 0.11699999999999999 0.09245003270420485
36.5 0.088 0.10660035817780521
37.5 0.061 0.12803687993289598
38.5 0.053000000000000005 0.137360563948689
39.5 0.045 0.14907119849998599
40.5 0.034 0.17149858514250882
41.5 0.022 0.21320071635561041
42.5 0.018 0.23570226039551587
43.5 0.026000000000000002 0.19611613513818402
44.5 0.007 0.3779644730092272
45.5 0.003 0.5773502691896258
46.5 0.002 0.7071067811865475
47.5 0.004 0.5
48.5 0.003 0.5773502691896258
49.5 0.003 0.5773502691896258
50.5 0.003 0.5773502691896258
51.5 0.0 inf
52.5 0.0 inf
53.5 0.0 inf
54.5 0.001 1.0
55.5 0.0 inf
56.5 0.0 inf
57.5 0.0 inf
58.5 0.0 inf
59.5 0.0 inf
60.5 0.0 inf
61.5 0.0 inf
62.5 0.0 inf
63.5 0.0 inf
64.5 0.0 inf
65.5 0.0 inf
66.5 0.0 inf
67.5 0.0 inf
68.5 0.0 inf
69.5 0.0 inf
70.5 0.0 inf
71.5 0.0 inf
72.5 0.0 inf
73.5 0.0 inf
74.5 0.0 inf
75.5 0.0 inf
76.5 0.0 inf
77.5 0.0 inf
78.5 0.0 inf
79.5 0.0 inf
80.5 0.0 inf
81.5 0.0 inf
82.5 0.0 inf
83.5 0.0 inf
84.5 0.0 inf
85.5 0.0 inf
86.5 0.0 inf
87.5 0.0 inf
88.5 0.0 inf
89.5 0.0 inf
90.5 0.0 inf
91.5 0.0 inf
92.5 0.0 inf
93.5 0.0 inf
94.5 0.0 inf
95.5 0.0 inf
96.5 0.0 inf
97.5 0.0 inf
