0.5 38.2 0.005116445100966509
1.5 20.205 0.007035104819885454
2.5 20.408 0.007000028000168
3.5 18.974 0.007259731386196458
4.5 16.622 0.00775636719747289
5.5 14.786 0.008223839939579277
6.5 12.965 0.008782410637093584
7.5 11.838999999999999 0.009190570899693102
8.5 10.312999999999999 0.009847080564135505
9.5 9.102 0.010481696595709118
10.5 8.141 0.01108309670404818
11.5 7.215 0.011772856008638626
12.5 6.384 0.012515654358043972
13.5 5.481 0.013507348307885131
14.5 4.964 0.01419332389509149
15.5 4.346 0.01516893669935528
16.5 3.731 0.016371458648164514
17.5 3.195 0.01769149641447584
18.5 2.801 0.018894849871330582
19.5 2.339 0.02067687437254168
20.5 2.024 0.022227711223719353
21.5 1.7650000000000001 0.023802777946288958
22.5 1.454 0.026225138878868803
23.5 1.197 0.028903665650804
24.5 1.033 0.031113569564352756
25.5 0.853 0.034239347869895034
26.5 0.706 0.03763549647474907
27.5 0.596 0.04096159602595203
28.5 0.503 0.04458779620677098
29.5 0.391 0.05057217374241736
30.5 0.297 0.058025885318565944
31.5 0.256 0.0625
32.5 0.201 0.07053456158585983
33.5 0.145 0.08304547985373997
34.5 0.11699999999999999 0.09245003270420485
35.5 0.08499999999999999 0.10846522890932808
36.5 0.075 0.11547005383792514
37.5 0.043 0.15249857033260467
38.5 0.053000000000000005 0.137360563948689
39.5 0.036 0.16666666666666666
40.5 0.025 0.2
41.5 0.017 0.24253562503633297
42.5 0.019 0.22941573387056174
43.5 0.011 0.30151134457776363
44.5 0.006 0.4082482904638631
45.5 0.006 0.4082482904638631
46.5 0.003 0.5773502691896258
47.5 0.003 0.5773502691896258
48.5 0.004 0.5
49.5 0.004 0.5
50.5 0.002 0.7071067811865475
51.5 0.001 1.0
52.5 0.002 0.7071067811865475
53.5 0.001 1.0
54.5 0.0 inf
55.5 0.0 inf
56.5 0.0 inf
57.5 0.0 inf
58.5 0.0 inf
59.5 0.0 inf
60.5 0.0 inf
61.5 0.0 inf
62.5 0.0 inf
63.5 0.0 inf
64.5 0.0 inf
65.5 0.0 inf
66.5 0.0 inf
67.5 0.0 inf
68.5 0.0 inf
69.5 0.0 inf
70.5 0.0 inf
71.5 0.0 inf
72.5 0.0 inf
73.5 0.0 inf
74.5 0.0 inf
75.5 0.0 inf
76.5 0.0 inf
77.5 0.0 inf
78.5 0.0 inf
79.5 0.0 inf
80.5 0.0 inf
81.5 0.0 inf
82.5 0.0 inf
83.5 0.0 inf
84.5 0.0 inf
85.5 0.0 inf
86.5 0.0 inf
87.5 0.0 inf
88.5 0.0 inf
89.5 0.0 inf
90.5 0.0 inf
91.5 0.0 inf
92.5 0.0 inf
93.5 0.0 inf
94.5 0.0 inf
95.5 0.0 inf
96.5 0.0 inf
97.5 0.0 inf
