0.5 70.257 0.003772725429236888
1.5 29.699 0.00580268622099912
2.5 27.106 0.006073895042615652
3.5 23.372999999999998 0.006540979235651858
4.5 19.820999999999998 0.007102924840837509
5.5 17.296 0.007603738308405919
6.5 14.958 0.008176420822558969
7.5 12.802 0.008838144311777256
8.5 11.616 0.009278370237815069
9.5 9.808 0.010097404896525242
10.5 8.797 0.010661853334059442
11.5 7.582 0.011484394696763166
12.5 6.9830000000000005 0.011966826072499883
13.5 5.84 0.013085598064755344
14.5 5.084 0.01402481783633036
15.5 4.623 0.014707472779848216
16.5 3.9570000000000003 0.01589706591085828
17.5 3.4 0.017149858514250885
18.5 2.904 0.018556740475630138
19.5 2.5389999999999997 0.01984580179179854
20.5 2.12 0.02171861213815347
21.5 1.853 0.02323069967623409
22.5 1.4929999999999999 0.0258803470681335
23.5 1.298 0.027756369082668444
24.5 1.071 0.030556616567607043
25.5 0.877 0.033767600672658715
26.5 0.725 0.037139067635410375
27.5 0.616 0.040291148201269014
28.5 0.489 0.045221563164613454
29.5 0.434 0.04800153607373193
30.5 0.318 0.056077215409204434
31.5 0.247 0.06362847629757777
32.5 0.199 0.07088812050083358
33.5 0.158 0.079555728417573
34.5 0.129 0.08804509063256238
35.5 0.089 0.105999788000636
36.5 0.078 0.11322770341445956
37.5 0.059 0.13018891098082389
38.5 0.043 0.15249857033260467
39.5 0.033 0.17407765595569785
40.5 0.026000000000000002 0.19611613513818402
41.5 0.022 0.21320071635561041
42.5 0.018000000000000002 0.2357022603955158
43.5 0.006 0.4082482904638631
44.5 0.007 0.3779644730092272
45.5 0.005 0.4472135954999579
46.5 0.003 0.5773502691896258
47.5 0.005 0.4472135954999579
48.5 0.003 0.5773502691896258
49.5 0.004 0.5
50.5 0.002 0.7071067811865475
51.5 0.001 1.0
52.5 0.001 1.0
53.5 0.0 inf
54.5 0.0 inf
55.5 0.0 inf
56.5 0.001 1.0
57.5 0.0 inf
58.5 0.0 inf
59.5 0.0 inf
60.5 0.0 inf
61.5 0.0 inf
62.5 0.0 inf
63.5 0.0 inf
64.5 0.0 inf
65.5 0.0 inf
66.5 0.0 inf
67.5 0.0 inf
68.5 0.0 inf
69.5 0.0 inf
70.5 0.0 inf
71.5 0.0 inf
72.5 0.0 inf
73.5 0.0 inf
74.5 0.0 inf
75.5 0.0 inf
76.5 0.0 inf
77.5 0.0 inf
78.5 0.0 inf
79.5 0.0 inf
80.5 0.0 inf
81.5 0.0 inf
82.5 0.0 inf
83.5 0.0 inf
84.5 0.0 inf
85.5 0.0 inf
86.5 0.0 inf
87.5 0.0 inf
88.5 0.0 inf
89.5 0.0 inf
90.5 0.0 inf
91.5 0.0 inf
92.5 0.0 inf
93.5 0.0 inf
94.5 0.0 inf
95.5 0.0 inf
96.5 0.0 inf
97.5 0.0 inf
