0.5 72.772 0.0037069595286969817
1.5 26.326999999999998 0.006163101402147422
2.5 24.42 0.006399221901922213
3.5 21.459 0.00682645544666015
4.5 18.317999999999998 0.00738857987483888
5.5 16.222 0.007851412615836112
6.5 14.139 0.0084098965340999
7.5 12.417 0.008974115596812113
8.5 10.968 0.009548524771397554
9.5 9.559999999999999 0.01022753687161533
10.5 8.297 0.010978410228324336
11.5 7.327 0.011682529980951668
12.5 6.664 0.012249898938750631
13.5 5.763 0.01317272696627086
14.5 4.99 0.01415629900797544
15.5 4.27 0.015303334194570998
16.5 3.9400000000000004 0.015931324696929153
17.5 3.3449999999999998 0.017290276521281022
18.5 2.873 0.018656586541256383
19.5 2.447 0.02021543147696222
20.5 2.086 0.02189489404922193
21.5 1.863 0.023168268228563865
22.5 1.445 0.02630668208823282
23.5 1.225 0.02857142857142857
24.5 1.056 0.03077287274483318
25.5 0.846 0.034380708208626445
26.5 0.718 0.0373196685431038
27.5 0.562 0.04218245406095978
28.5 0.511 0.04423739552038088
29.5 0.4 0.05
30.5 0.32099999999999995 0.05581455721859476
31.5 0.252 0.0629940788348712
32.5 0.199 0.07088812050083358
33.5 0.15400000000000003 0.08058229640253803
34.5 0.127 0.08873565094161139
35.5 0.113 0.09407208683835973
36.5 0.065 0.12403473458920847
37.5 0.062 0.1270001270001905
38.5 0.052000000000000005 0.13867504905630726
39.5 0.037000000000000005 0.16439898730535726
40.5 0.037 0.1643989873053573
41.5 0.020999999999999998 0.2182178902359924
42.5 0.025 0.2
43.5 0.012 0.2886751345948129
44.5 0.007 0.3779644730092272
45.5 0.005 0.4472135954999579
46.5 0.002 0.7071067811865475
47.5 0.003 0.5773502691896258
48.5 0.003 0.5773502691896258
49.5 0.002 0.7071067811865475
50.5 0.0 inf
51.5 0.0 inf
52.5 0.001 1.0
53.5 0.002 0.7071067811865475
54.5 0.002 0.7071067811865475
55.5 0.0 inf
56.5 0.0 inf
57.5 0.0 inf
58.5 0.0 inf
59.5 0.0 inf
60.5 0.0 inf
61.5 0.0 inf
62.5 0.0 inf
63.5 0.0 inf
64.5 0.0 inf
65.5 0.0 inf
66.5 0.0 inf
67.5 0.0 inf
68.5 0.0 inf
69.5 0.0 inf
70.5 0.0 inf
71.5 0.0 inf
72.5 0.0 inf
73.5 0.0 inf
74.5 0.0 inf
75.5 0.0 inf
76.5 0.0 inf
77.5 0.0 inf
78.5 0.0 inf
79.5 0.0 inf
80.5 0.0 inf
81.5 0.0 inf
82.5 0.0 inf
83.5 0.0 inf
84.5 0.0 inf
85.5 0.0 inf
86.5 0.0 inf
87.5 0.0 inf
88.5 0.0 inf
89.5 0.0 inf
90.5 0.0 inf
91.5 0.0 inf
92.5 0.0 inf
93.5 0.0 inf
94.5 0.0 inf
95.5 0.0 inf
96.5 0.0 inf
97.5 0.0 inf
