0.5 76.96000000000001 0.0036046862545529527
1.5 32.883 0.005514603393852639
2.5 30.080000000000002 0.005765820050180531
3.5 25.35 0.006280742930213278
4.5 21.572000000000003 0.006808552556179178
5.5 18.401 0.007371897487165285
6.5 15.737 0.007971481225676215
7.5 13.596 0.008576190554367995
8.5 11.904 0.009165444688834581
9.5 10.252 0.00987633246886238
10.5 9.057 0.010507703657261903
11.5 7.957 0.01121050872368917
12.5 7.0280000000000005 0.011928452996661745
13.5 6.129 0.012773361087322455
14.5 5.404999999999999 0.013601980592571917
15.5 4.676 0.014623884514353086
16.5 3.9290000000000003 0.0159536105311426
17.5 3.584 0.016703827619526525
18.5 2.959 0.018383471130732205
19.5 2.527 0.01989286700048564
20.5 2.17 0.021466939537054593
21.5 1.8519999999999999 0.023236970617008655
22.5 1.599 0.025007816164017767
23.5 1.311 0.027618408833305373
24.5 1.109 0.03002854067691021
25.5 0.868 0.03394221166510653
26.5 0.747 0.036588086663230115
27.5 0.598 0.040893041005476534
28.5 0.518 0.04393747751637468
29.5 0.40900000000000003 0.049446817643414874
30.5 0.326 0.05538487756217113
31.5 0.22299999999999998 0.06696495301824251
32.5 0.191 0.07235746052924216
33.5 0.16999999999999998 0.07669649888473705
34.5 0.13 0.08770580193070293
35.5 0.11299999999999999 0.09407208683835974
36.5 0.082 0.11043152607484653
37.5 0.05399999999999999 0.13608276348795434
38.5 0.059 0.13018891098082389
39.5 0.031 0.1796053020267749
40.5 0.020999999999999998 0.2182178902359924
41.5 0.025 0.2
42.5 0.016 0.25
43.5 0.007 0.3779644730092272
44.5 0.007 0.3779644730092272
45.5 0.008 0.35355339059327373
46.5 0.005 0.4472135954999579
47.5 0.011 0.30151134457776363
48.5 0.001 1.0
49.5 0.001 1.0
50.5 0.0 inf
51.5 0.002 0.7071067811865475
52.5 0.0 inf
53.5 0.0 inf
54.5 0.0 inf
55.5 0.0 inf
56.5 0.0 inf
57.5 0.0 inf
58.5 0.0 inf
59.5 0.0 inf
60.5 0.0 inf
61.5 0.0 inf
62.5 0.0 inf
63.5 0.0 inf
64.5 0.0 inf
65.5 0.0 inf
66.5 0.0 inf
67.5 0.0 inf
68.5 0.0 inf
69.5 0.0 inf
70.5 0.0 inf
71.5 0.0 inf
72.5 0.0 inf
73.5 0.0 inf
74.5 0.0 inf
75.5 0.0 inf
76.5 0.0 inf
77.5 0.0 inf
78.5 0.0 inf
79.5 0.0 inf
80.5 0.0 inf
81.5 0.0 inf
82.5 0.0 inf
83.5 0.0 inf
84.5 0.0 inf
85.5 0.0 inf
86.5 0.0 inf
87.5 0.0 inf
88.5 0.0 inf
89.5 0.0 inf
90.5 0.0 inf
91.5 0.0 inf
92.5 0.0 inf
93.5 0.0 inf
94.5 0.0 inf
95.5 0.0 inf
96.5 0.0 inf
97.5 0.0 inf
