0.5 45.614399999999996 0.0020939389456173076
1.5 21.7698 0.0030310128547209967
2.5 21.5134 0.0030490213944986905
3.5 19.561799999999998 0.003197500276094169
4.5 17.1628 0.0034136652171993104
5.5 15.275 0.0036184651012597
6.5 13.4228 0.0038600545151628624
7.5 11.824 0.004112754510264989
8.5 10.6244 0.004338731663467275
9.5 9.2388 0.0046527231866844935
10.5 8.238399999999999 0.004927124775673866
11.5 7.2547999999999995 0.005250519498973166
12.5 6.4521999999999995 0.005567511046840198
13.5 5.6116 0.005969963069325685
14.5 4.9632000000000005 0.00634795895148782
15.5 4.2818000000000005 0.0068344222764453325
16.5 3.8200000000000003 0.007235746052924217
17.5 3.2258 0.007874015748031496
18.5 2.8116000000000003 0.008434089989487624
19.5 2.4262 0.009079286040280727
20.5 2.069 0.00983183887085254
21.5 1.7308 0.010749581446320992
22.5 1.4988000000000001 0.011551626959076139
23.5 1.242 0.012689783127114683
24.5 1.0756000000000001 0.013636081902044704
25.5 0.8744 0.015123765100472588
26.5 0.7274 0.01658167311885026
27.5 0.5824 0.01853123291652753
28.5 0.4946 0.020108882748332158
29.5 0.3948 0.022507456830317185
30.5 0.3208 0.02496880847194612
31.5 0.2566 0.027918152281484514
32.5 0.1996 0.03165444689164592
33.5 0.1672 0.03458572319330373
34.5 0.1306 0.03913302400974161
35.5 0.0948 0.04593152121746254
36.5 0.0814 0.04956815970966096
37.5 0.06 0.05773502691896257
38.5 0.048 0.06454972243679027
39.5 0.0382 0.07235746052924216
40.5 0.0264 0.08703882797784893
41.5 0.024 0.09128709291752768
42.5 0.0158 0.11250879009260237
43.5 0.014799999999999999 0.11624763874381928
44.5 0.0112 0.1336306209562122
45.5 0.0072 0.16666666666666666
46.5 0.007 0.1690308509457033
47.5 0.0038000000000000004 0.22941573387056174
48.5 0.0032 0.25
49.5 0.0022 0.30151134457776363
50.5 0.001 0.4472135954999579
51.5 0.0015999999999999999 0.3535533905932738
52.5 0.001 0.4472135954999579
53.5 0.0002 1.0
54.5 0.001 0.4472135954999579
55.5 0.0007999999999999999 0.5000000000000001
56.5 0.0002 1.0
57.5 0.0002 1.0
58.5 0.0002 1.0
59.5 0.0 inf
60.5 0.0 inf
61.5 0.0 inf
62.5 0.0002 1.0
63.5 0.0 inf
64.5 0.0 inf
65.5 0.0 inf
66.5 0.0 inf
67.5 0.0 inf
68.5 0.0 inf
69.5 0.0 inf
70.5 0.0 inf
71.5 0.0 inf
72.5 0.0 inf
73.5 0.0 inf
74.5 0.0 inf
75.5 0.0 inf
76.5 0.0 inf
77.5 0.0 inf
78.5 0.0 inf
79.5 0.0 inf
80.5 0.0 inf
81.5 0.0 inf
82.5 0.0 inf
83.5 0.0 inf
84.5 0.0 inf
85.5 0.0 inf
86.5 0.0 inf
87.5 0.0 inf
88.5 0.0 inf
89.5 0.0 inf
90.5 0.0 inf
91.5 0.0 inf
92.5 0.0 inf
93.5 0.0 inf
94.5 0.0 inf
95.5 0.0 inf
96.5 0.0 inf
97.5 0.0 inf
