0.5 41.5892 0.0021929297258925563
1.5 22.1982 0.0030016228158165096
2.5 22.4114 0.0029873114559528396
3.5 20.739 0.0031054253367311328
4.5 18.2108 0.0033139845963305087
5.5 16.3396 0.0034985999654896702
6.5 14.3598 0.003731992843208971
7.5 12.7168 0.003965756797301078
8.5 11.4668 0.004176321067056931
9.5 9.9768 0.0044773326767534385
10.5 8.9916 0.004716246636794139
11.5 7.8392 0.005051020434459707
12.5 7.0272 0.005334869997203999
13.5 6.1868 0.00568567405913245
14.5 5.4204 0.006074343250935829
15.5 4.7048 0.006519952242828716
16.5 4.139 0.00695132005067871
17.5 3.6214 0.007431504570113826
18.5 3.1014 0.008030380182053496
19.5 2.659 0.008672730060902923
20.5 2.2736 0.009379030918551612
21.5 1.911 0.010230212486277613
22.5 1.6545999999999998 0.01099432289795638
23.5 1.3636 0.012110762894305084
24.5 1.1425999999999998 0.0132302450416222
25.5 0.9072 0.014847846772912466
26.5 0.7802 0.01601076285016887
27.5 0.6359999999999999 0.01773317255329772
28.5 0.5342 0.019349201886068965
29.5 0.4314 0.021531531793663645
30.5 0.346 0.024042351841717255
31.5 0.28359999999999996 0.02655595258640724
32.5 0.22 0.030151134457776358
33.5 0.1856 0.03282660821493064
34.5 0.1352 0.038461538461538464
35.5 0.1132 0.04203313517091986
36.5 0.0834 0.048970210687439175
37.5 0.07300000000000001 0.05234239225902136
38.5 0.0542 0.0607456739230787
39.5 0.045399999999999996 0.0663723311599972
40.5 0.0286 0.08362420100070908
41.5 0.0252 0.0890870806374748
42.5 0.016 0.11180339887498948
43.5 0.012199999999999999 0.12803687993289598
44.5 0.0088 0.15075567228888181
45.5 0.008400000000000001 0.1543033499620919
46.5 0.006200000000000001 0.17960530202677488
47.5 0.0063999999999999994 0.1767766952966369
48.5 0.0018 0.3333333333333333
49.5 0.0012000000000000001 0.40824829046386296
50.5 0.0024000000000000002 0.28867513459481287
51.5 0.0012000000000000001 0.40824829046386296
52.5 0.001 0.4472135954999579
53.5 0.0007999999999999999 0.5000000000000001
54.5 0.0004 0.7071067811865475
55.5 0.0007999999999999999 0.5000000000000001
56.5 0.0002 1.0
57.5 0.0 inf
58.5 0.0004 0.7071067811865475
59.5 0.0 inf
60.5 0.0 inf
61.5 0.0002 1.0
62.5 0.0002 1.0
63.5 0.0 inf
64.5 0.0 inf
65.5 0.0 inf
66.5 0.0 inf
67.5 0.0 inf
68.5 0.0 inf
69.5 0.0 inf
70.5 0.0 inf
71.5 0.0 inf
72.5 0.0 inf
73.5 0.0 inf
74.5 0.0 inf
75.5 0.0 inf
76.5 0.0 inf
77.5 0.0 inf
78.5 0.0 inf
79.5 0.0 inf
80.5 0.0 inf
81.5 0.0 inf
82.5 0.0 inf
83.5 0.0 inf
84.5 0.0 inf
85.5 0.0 inf
86.5 0.0 inf
87.5 0.0 inf
88.5 0.0 inf
89.5 0.0 inf
90.5 0.0 inf
91.5 0.0 inf
92.5 0.0 inf
93.5 0.0 inf
94.5 0.0 inf
95.5 0.0 inf
96.5 0.0 inf
97.5 0.0 inf
