0.5 50.18299999999999 0.004463974343006222
1.5 26.988 0.006087159046845888
2.5 27.231 0.006059938335593226
3.5 24.855 0.006342976702622362
4.5 22.058 0.006733128978488732
5.5 19.680999999999997 0.007128143257502382
6.5 17.197000000000003 0.007625593568325757
7.5 15.312000000000001 0.008081352297940448
8.5 13.504 0.008605354885268928
9.5 11.713000000000001 0.009239871433627379
10.5 10.582 0.00972111590817096
11.5 9.146 0.01045645328318848
12.5 8.004 0.011177545850247397
13.5 7.036 0.011921669684770191
14.5 6.304 0.01259481804649696
15.5 5.307 0.01372699438975795
16.5 4.808 0.014421743613444026
17.5 4.2059999999999995 0.015419325123243904
18.5 3.516 0.01686458143387212
19.5 2.928 0.01848053177386432
20.5 2.5700000000000003 0.01972574607881179
21.5 2.181 0.021412736228951155
22.5 1.814 0.023479095302146476
23.5 1.509 0.025742776142551403
24.5 1.325 0.027472112789737803
25.5 1.041 0.030993786368687184
26.5 0.847 0.034360406637202474
27.5 0.7110000000000001 0.03750293003086746
28.5 0.608 0.040555355282690636
29.5 0.482 0.04554875186742769
30.5 0.388 0.05076730825668096
31.5 0.311 0.05670479771237427
32.5 0.24 0.06454972243679027
33.5 0.17 0.07669649888473704
34.5 0.152 0.08111071056538127
35.5 0.114 0.0936585811581694
36.5 0.082 0.11043152607484653
37.5 0.063 0.1259881576697424
38.5 0.053 0.13736056394868904
39.5 0.041999999999999996 0.15430334996209194
40.5 0.035 0.1690308509457033
41.5 0.023 0.20851441405707477
42.5 0.017 0.24253562503633297
43.5 0.016 0.25
44.5 0.013000000000000001 0.2773500981126145
45.5 0.008 0.35355339059327373
46.5 0.008 0.35355339059327373
47.5 0.002 0.7071067811865475
48.5 0.002 0.7071067811865475
49.5 0.002 0.7071067811865475
50.5 0.001 1.0
51.5 0.0 inf
52.5 0.002 0.7071067811865475
53.5 0.0 inf
54.5 0.0 inf
55.5 0.001 1.0
56.5 0.0 inf
57.5 0.0 inf
58.5 0.0 inf
59.5 0.0 inf
60.5 0.0 inf
61.5 0.0 inf
62.5 0.0 inf
63.5 0.0 inf
64.5 0.0 inf
65.5 0.0 inf
66.5 0.0 inf
67.5 0.0 inf
68.5 0.0 inf
69.5 0.0 inf
70.5 0.0 inf
71.5 0.0 inf
72.5 0.0 inf
73.5 0.0 inf
74.5 0.0 inf
75.5 0.0 inf
76.5 0.0 inf
77.5 0.0 inf
78.5 0.0 inf
79.5 0.0 inf
80.5 0.0 inf
81.5 0.0 inf
82.5 0.0 inf
83.5 0.0 inf
84.5 0.0 inf
85.5 0.0 inf
86.5 0.0 inf
87.5 0.0 inf
88.5 0.0 inf
89.5 0.0 inf
90.5 0.0 inf
91.5 0.0 inf
92.5 0.0 inf
93.5 0.0 inf
94.5 0.0 inf
95.5 0.0 inf
96.5 0.0 inf
97.5 0.0 inf
