0.5 82.559 0.003480308867451437
1.5 36.275 0.005250447127426853
2.5 33.47 0.005466031672137719
3.5 28.133 0.00596200007138899
4.5 23.351 0.00654405978177739
5.5 19.851 0.007097555632389487
6.5 16.774 0.007721144506687086
7.5 14.408000000000001 0.008331019482578377
8.5 12.943999999999999 0.008789531924182876
9.5 10.963000000000001 0.009550701966576314
10.5 9.664 0.010172355734639493
11.5 8.168 0.011064763494314402
12.5 7.496 0.011550085817456437
13.5 6.318 0.012580855934939952
14.5 5.506 0.013476648353860622
15.5 4.763 0.014489710525281224
16.5 4.256 0.015328483487124145
17.5 3.7119999999999997 0.01641330410746532
18.5 3.086 0.01800122412486215
19.5 2.662 0.019381883305055494
20.5 2.251 0.0210771677730368
21.5 1.912 0.022869467687317412
22.5 1.569 0.02524576458934144
23.5 1.319 0.02753452584887775
24.5 1.0539999999999998 0.030802055181684874
25.5 0.904 0.033259505261886965
26.5 0.749 0.03653920476209348
27.5 0.627 0.03993615319154358
28.5 0.546 0.04279604925109129
29.5 0.426 0.04845015831115092
30.5 0.31000000000000005 0.05679618342470648
31.5 0.268 0.06108472217815261
32.5 0.21 0.06900655593423542
33.5 0.174 0.07580980435789034
34.5 0.12 0.09128709291752768
35.5 0.107 0.09667364890456635
36.5 0.088 0.10660035817780521
37.5 0.057 0.13245323570650439
38.5 0.051000000000000004 0.14002800840280097
39.5 0.037000000000000005 0.16439898730535726
40.5 0.026000000000000002 0.19611613513818402
41.5 0.018 0.23570226039551587
42.5 0.015 0.2581988897471611
43.5 0.007 0.3779644730092272
44.5 0.004 0.5
45.5 0.004 0.5
46.5 0.008 0.35355339059327373
47.5 0.003 0.5773502691896258
48.5 0.001 1.0
49.5 0.002 0.7071067811865475
50.5 0.001 1.0
51.5 0.001 1.0
52.5 0.002 0.7071067811865475
53.5 0.001 1.0
54.5 0.0 inf
55.5 0.001 1.0
56.5 0.0 inf
57.5 0.0 inf
58.5 0.0 inf
59.5 0.0 inf
60.5 0.0 inf
61.5 0.0 inf
62.5 0.0 inf
63.5 0.0 inf
64.5 0.0 inf
65.5 0.0 inf
66.5 0.0 inf
67.5 0.0 inf
68.5 0.0 inf
69.5 0.0 inf
70.5 0.0 inf
71.5 0.0 inf
72.5 0.0 inf
73.5 0.0 inf
74.5 0.0 inf
75.5 0.0 inf
76.5 0.0 inf
77.5 0.0 inf
78.5 0.0 inf
79.5 0.0 inf
80.5 0.0 inf
81.5 0.0 inf
82.5 0.0 inf
83.5 0.0 inf
84.5 0.0 inf
85.5 0.0 inf
86.5 0.0 inf
87.5 0.0 inf
88.5 0.0 inf
89.5 0.0 inf
90.5 0.0 inf
91.5 0.0 inf
92.5 0.0 inf
93.5 0.0 inf
94.5 0.0 inf
95.5 0.0 inf
96.5 0.0 inf
97.5 0.0 inf
