0.5 44.032000000000004 0.004765580322893896
1.5 23.686 0.0064976174356281375
2.5 24.014000000000003 0.006453090366722446
3.5 22.127000000000002 0.006722622614044651
4.5 19.477 0.007165375721579514
5.5 17.479999999999997 0.007563612760200645
6.5 15.282 0.008089280635271503
7.5 13.526 0.008598353744822325
8.5 12.196 0.009055059161875057
9.5 10.558 0.009732158451573788
10.5 9.74 0.01013259120449719
11.5 8.39 0.010917394896357078
12.5 7.543 0.011514045627789224
13.5 6.5 0.012403473458920846
14.5 5.659000000000001 0.013293218798271968
15.5 5.109 0.013990461756514723
16.5 4.3759999999999994 0.015116851378922512
17.5 3.8579999999999997 0.01609974095725198
18.5 3.349 0.017279947800812524
19.5 2.7800000000000002 0.01896608104527204
20.5 2.416 0.020344711469278985
21.5 2.119 0.02172373626518906
22.5 1.677 0.024419314525275217
23.5 1.365 0.027066598098038335
24.5 1.194 0.028939954008661634
25.5 1.028 0.031189143077590267
26.5 0.786 0.03566881875032108
27.5 0.6839999999999999 0.03823595564509363
28.5 0.5660000000000001 0.042033135170919854
29.5 0.40700000000000003 0.04956815970966096
30.5 0.378 0.05143444998736397
31.5 0.28700000000000003 0.05902813361009551
32.5 0.259 0.062136976600120006
33.5 0.194 0.07179581586177382
34.5 0.14800000000000002 0.08219949365267863
35.5 0.113 0.09407208683835973
36.5 0.091 0.10482848367219183
37.5 0.086 0.10783277320343841
38.5 0.052000000000000005 0.13867504905630726
39.5 0.041999999999999996 0.15430334996209194
40.5 0.036000000000000004 0.16666666666666663
41.5 0.022 0.21320071635561041
42.5 0.024 0.20412414523193154
43.5 0.011 0.30151134457776363
44.5 0.01 0.31622776601683794
45.5 0.011 0.30151134457776363
46.5 0.008 0.35355339059327373
47.5 0.006 0.4082482904638631
48.5 0.004 0.5
49.5 0.002 0.7071067811865475
50.5 0.001 1.0
51.5 0.003 0.5773502691896258
52.5 0.002 0.7071067811865475
53.5 0.0 inf
54.5 0.0 inf
55.5 0.0 inf
56.5 0.0 inf
57.5 0.0 inf
58.5 0.0 inf
59.5 0.0 inf
60.5 0.0 inf
61.5 0.0 inf
62.5 0.0 inf
63.5 0.0 inf
64.5 0.0 inf
65.5 0.0 inf
66.5 0.0 inf
67.5 0.0 inf
68.5 0.0 inf
69.5 0.0 inf
70.5 0.0 inf
71.5 0.0 inf
72.5 0.0 inf
73.5 0.0 inf
74.5 0.0 inf
75.5 0.0 inf
76.5 0.0 inf
77.5 0.0 inf
78.5 0.0 inf
79.5 0.0 inf
80.5 0.0 inf
81.5 0.0 inf
82.5 0.0 inf
83.5 0.0 inf
84.5 0.0 inf
85.5 0.0 inf
86.5 0.0 inf
87.5 0.0 inf
88.5 0.0 inf
89.5 0.0 inf
90.5 0.0 inf
91.5 0.0 inf
92.5 0.0 inf
93.5 0.0 inf
94.5 0.0 inf
95.5 0.0 inf
96.5 0.0 inf
97.5 0.0 inf
