0.5 51.065 0.00442525531002399
1.5 27.622999999999998 0.00601678618211887
2.5 28.225 0.005952275506257376
3.5 25.838 0.006221148283589299
4.5 23.000999999999998 0.006593661395050775
5.5 20.544 0.006976819652324345
6.5 18.134 0.007425970066776995
7.5 16.045 0.00789460016392269
8.5 14.384 0.008337966824563376
9.5 12.672 0.008883363181483769
10.5 11.283999999999999 0.009413875735476428
11.5 9.833 0.010084560607996822
12.5 9.036000000000001 0.01051990671829672
13.5 7.755000000000001 0.011355574187124042
14.5 6.888 0.012049067317796997
15.5 6.026 0.012882063521457252
16.5 5.2 0.013867504905630728
17.5 4.539 0.01484293920484818
18.5 3.7859999999999996 0.016252107831923043
19.5 3.439 0.01705233720429863
20.5 2.9109999999999996 0.018534415610053194
21.5 2.4749999999999996 0.020100756305184243
22.5 2.0060000000000002 0.022327214034455325
23.5 1.6720000000000002 0.02445579940222592
24.5 1.38 0.026919095102908276
25.5 1.2040000000000002 0.028819520885211742
26.5 0.9730000000000001 0.032058528181875066
27.5 0.8280000000000001 0.034752402342845795
28.5 0.663 0.03883678186903087
29.5 0.562 0.04218245406095978
30.5 0.439 0.047727395990334764
31.5 0.346 0.053760333057047034
32.5 0.281 0.05965499862718936
33.5 0.22 0.06741998624632421
34.5 0.16199999999999998 0.07856742013183861
35.5 0.14700000000000002 0.08247860988423224
36.5 0.128 0.08838834764831843
37.5 0.067 0.12216944435630522
38.5 0.068 0.12126781251816648
39.5 0.05 0.1414213562373095
40.5 0.044 0.15075567228888181
41.5 0.03 0.18257418583505536
42.5 0.017 0.24253562503633297
43.5 0.013000000000000001 0.2773500981126145
44.5 0.013999999999999999 0.2672612419124244
45.5 0.009000000000000001 0.33333333333333326
46.5 0.007 0.3779644730092272
47.5 0.006 0.4082482904638631
48.5 0.003 0.5773502691896258
49.5 0.002 0.7071067811865475
50.5 0.002 0.7071067811865475
51.5 0.002 0.7071067811865475
52.5 0.001 1.0
53.5 0.002 0.7071067811865475
54.5 0.0 inf
55.5 0.0 inf
56.5 0.0 inf
57.5 0.0 inf
58.5 0.0 inf
59.5 0.0 inf
60.5 0.0 inf
61.5 0.0 inf
62.5 0.0 inf
63.5 0.0 inf
64.5 0.0 inf
65.5 0.0 inf
66.5 0.0 inf
67.5 0.0 inf
68.5 0.0 inf
69.5 0.0 inf
70.5 0.0 inf
71.5 0.0 inf
72.5 0.0 inf
73.5 0.0 inf
74.5 0.0 inf
75.5 0.0 inf
76.5 0.0 inf
77.5 0.0 inf
78.5 0.0 inf
79.5 0.0 inf
80.5 0.0 inf
81.5 0.0 inf
82.5 0.0 inf
83.5 0.0 inf
84.5 0.0 inf
85.5 0.0 inf
86.5 0.0 inf
87.5 0.0 inf
88.5 0.0 inf
89.5 0.0 inf
90.5 0.0 inf
91.5 0.0 inf
92.5 0.0 inf
93.5 0.0 inf
94.5 0.0 inf
95.5 0.0 inf
96.5 0.0 inf
97.5 0.0 inf
