0.5 372.21000000000004 0.001639102004975303
1.5 72.576 0.0037119616932281166
2.5 52.624 0.004359212818163475
3.5 38.168 0.0051185894619579595
4.5 28.589 0.005914261427239982
5.5 23.21 0.006563907160228575
6.5 18.941000000000003 0.007266052775727322
7.5 15.878 0.007936008077717549
8.5 13.831 0.00850302017140281
9.5 11.588999999999999 0.009289172302418889
10.5 10.023 0.009988519799554486
11.5 8.779 0.010672777988830318
12.5 7.492 0.011553168717769569
13.5 6.51 0.012393943320395888
14.5 5.682 0.013266286902529215
15.5 4.987 0.014160556328208415
16.5 4.218999999999999 0.015395551020673125
17.5 3.605 0.01665510463498261
18.5 3.144 0.01783440937516054
19.5 2.644 0.019447746039610348
20.5 2.2640000000000002 0.021016567585459927
21.5 1.94 0.022703830459324992
22.5 1.6139999999999999 0.024891337579430815
23.5 1.303 0.027703063158526546
24.5 1.145 0.029552706228277083
25.5 0.9430000000000001 0.0325644804512918
26.5 0.7290000000000001 0.037037037037037035
27.5 0.645 0.039374961547907886
28.5 0.519 0.04389512813061471
29.5 0.41300000000000003 0.04920678313051229
30.5 0.34199999999999997 0.05407380704358752
31.5 0.271 0.0607456739230787
32.5 0.189 0.07273929674533079
33.5 0.17099999999999999 0.07647191129018727
34.5 0.138 0.08512565307587486
35.5 0.11599999999999999 0.09284766908852593
36.5 0.068 0.12126781251816648
37.5 0.06 0.12909944487358055
38.5 0.051000000000000004 0.14002800840280097
39.5 0.026000000000000002 0.19611613513818402
40.5 0.020999999999999998 0.2182178902359924
41.5 0.026000000000000002 0.19611613513818402
42.5 0.018000000000000002 0.2357022603955158
43.5 0.013 0.2773500981126146
44.5 0.008 0.35355339059327373
45.5 0.004 0.5
46.5 0.009000000000000001 0.33333333333333326
47.5 0.006 0.4082482904638631
48.5 0.001 1.0
49.5 0.002 0.7071067811865475
50.5 0.002 0.7071067811865475
51.5 0.0 inf
52.5 0.002 0.7071067811865475
53.5 0.001 1.0
54.5 0.001 1.0
55.5 0.0 inf
56.5 0.0 inf
57.5 0.0 inf
58.5 0.0 inf
59.5 0.0 inf
60.5 0.0 inf
61.5 0.0 inf
62.5 0.0 inf
63.5 0.0 inf
64.5 0.0 inf
65.5 0.0 inf
66.5 0.0 inf
67.5 0.0 inf
68.5 0.0 inf
69.5 0.0 inf
70.5 0.0 inf
71.5 0.0 inf
72.5 0.0 inf
73.5 0.0 inf
74.5 0.0 inf
75.5 0.0 inf
76.5 0.0 inf
77.5 0.0 inf
78.5 0.0 inf
79.5 0.0 inf
80.5 0.0 inf
81.5 0.0 inf
82.5 0.0 inf
83.5 0.0 inf
84.5 0.0 inf
85.5 0.0 inf
86.5 0.0 inf
87.5 0.0 inf
88.5 0.0 inf
89.5 0.0 inf
90.5 0.0 inf
91.5 0.0 inf
92.5 0.0 inf
93.5 0.0 inf
94.5 0.0 inf
95.5 0.0 inf
96.5 0.0 inf
97.5 0.0 inf
