0.5 39.8106 0.0015848955224949555
1.5 21.0875 0.002177646854056919
2.5 21.4005 0.0021616632529077046
3.5 19.6985 0.002253115325431804
4.5 17.3303 0.002402132502866776
5.5 15.586 0.0025329852687830997
6.5 13.647200000000002 0.0027069374586541103
7.5 12.0969 0.0028751662028876604
8.5 10.8703 0.0030330476623421122
9.5 9.526900000000001 0.0032398447270346087
10.5 8.505700000000001 0.0034288222315986424
11.5 7.4643999999999995 0.003660180878895795
12.5 6.682499999999999 0.003868392354571064
13.5 5.8362 0.004139376377072116
14.5 5.1495 0.004406740417022509
15.5 4.4718 0.004728885669604736
16.5 3.9299999999999997 0.005044332723053183
17.5 3.4137 0.005412368078095728
18.5 2.9157 0.005856371002453636
19.5 2.4843 0.006344508452633251
20.5 2.1638 0.00679816093833114
21.5 1.8363 0.007379521168737531
22.5 1.5343 0.008073184123790959
23.5 1.3124 0.008729048150941596
24.5 1.0747 0.009646202519073898
25.5 0.8775 0.010675210253672476
26.5 0.7577 0.011488183300665509
27.5 0.5998 0.012912096682836435
28.5 0.5198 0.01387017250302111
29.5 0.4193 0.015443209704328236
30.5 0.3256 0.01752499093081954
31.5 0.2671 0.019349201886068965
32.5 0.2076 0.021947564065307356
33.5 0.1686 0.024354051207174154
34.5 0.1331 0.027410122234342145
35.5 0.10869999999999999 0.030330895164368973
36.5 0.085 0.034299717028501764
37.5 0.0686 0.038180177416060626
38.5 0.0548 0.04271788288583805
39.5 0.0403 0.04981354813867179
40.5 0.026799999999999997 0.06108472217815261
41.5 0.0221 0.06726727939963124
42.5 0.0203 0.07018624063435965
43.5 0.012199999999999999 0.09053574604251854
44.5 0.008799999999999999 0.10660035817780524
45.5 0.0083 0.10976425998969035
46.5 0.0058 0.13130643285972257
47.5 0.0035 0.1690308509457033
48.5 0.0031999999999999997 0.1767766952966369
49.5 0.0024 0.20412414523193154
50.5 0.0015 0.2581988897471611
51.5 0.0012000000000000001 0.28867513459481287
52.5 0.0007 0.3779644730092272
53.5 0.0006000000000000001 0.40824829046386296
54.5 0.00039999999999999996 0.5000000000000001
55.5 0.0006000000000000001 0.40824829046386296
56.5 0.0 inf
57.5 0.0004 0.5
58.5 0.00030000000000000003 0.5773502691896257
59.5 0.0 inf
60.5 0.0 inf
61.5 0.0002 0.7071067811865475
62.5 0.0001 1.0
63.5 0.0 inf
64.5 0.0 inf
65.5 0.0 inf
66.5 0.0 inf
67.5 0.0 inf
68.5 0.0 inf
69.5 0.0 inf
70.5 0.0 inf
71.5 0.0 inf
72.5 0.0 inf
73.5 0.0 inf
74.5 0.0 inf
75.5 0.0 inf
76.5 0.0 inf
77.5 0.0 inf
78.5 0.0 inf
79.5 0.0 inf
80.5 0.0 inf
81.5 0.0 inf
82.5 0.0 inf
83.5 0.0 inf
84.5 0.0 inf
85.5 0.0 inf
86.5 0.0 inf
87.5 0.0 inf
88.5 0.0 inf
89.5 0.0 inf
90.5 0.0 inf
91.5 0.0 inf
92.5 0.0 inf
93.5 0.0 inf
94.5 0.0 inf
95.5 0.0 inf
96.5 0.0 inf
97.5 0.0 inf
