0.5 42.221 0.001538989803141347
1.5 22.507599999999996 0.002107829147912372
2.5 22.8828 0.0020904771151214426
3.5 20.9703 0.002183723653316393
4.5 18.5167 0.0023239041142178417
5.5 16.6417 0.002451326474426319
6.5 14.6155 0.0026157314936674676
7.5 13.008199999999999 0.002772626675178178
8.5 11.5831 0.002938242235202071
9.5 10.093399999999999 0.003147612473541058
10.5 9.0847 0.003317757998240096
11.5 7.9599 0.0035444282891083953
12.5 7.1103000000000005 0.003750213885484909
13.5 6.2818000000000005 0.003989862667699611
14.5 5.4813 0.004271281688499451
15.5 4.787800000000001 0.004570166260645624
16.5 4.228400000000001 0.0048630862028671545
17.5 3.6658999999999997 0.005222875735134052
18.5 3.1073 0.005672942837398569
19.5 2.6427 0.006151429735354512
20.5 2.2889 0.006609773695467908
21.5 1.9529 0.007155829715662296
22.5 1.6265 0.00784102730460209
23.5 1.3572 0.008583770043743413
24.5 1.1674 0.009255292648419107
25.5 0.9616 0.010197712705600052
26.5 0.7928 0.011230993587059571
27.5 0.6277 0.012621876767740804
28.5 0.5483 0.013504884587243042
29.5 0.44799999999999995 0.014940357616679924
30.5 0.3571 0.016734204613081675
31.5 0.2781 0.018962670799619143
32.5 0.2257 0.02104913339870572
33.5 0.1809 0.023511520528619944
34.5 0.1407 0.026659558398736394
35.5 0.1114 0.029961075885598987
36.5 0.0859 0.03411955969674702
37.5 0.0716 0.037371754637596795
38.5 0.054900000000000004 0.04267895997763199
39.5 0.045399999999999996 0.04693232544639321
40.5 0.035199999999999995 0.05330017908890262
41.5 0.0237 0.06495698024616309
42.5 0.019799999999999998 0.07106690545187015
43.5 0.0153 0.08084520834544433
44.5 0.011300000000000001 0.09407208683835973
45.5 0.0086 0.10783277320343841
46.5 0.0057 0.13245323570650439
47.5 0.0043 0.15249857033260467
48.5 0.0042 0.1543033499620919
49.5 0.0034 0.17149858514250882
50.5 0.0024999999999999996 0.2
51.5 0.0012000000000000001 0.28867513459481287
52.5 0.0012000000000000001 0.28867513459481287
53.5 0.0005 0.4472135954999579
54.5 0.00030000000000000003 0.5773502691896257
55.5 0.00039999999999999996 0.5000000000000001
56.5 0.0003 0.5773502691896258
57.5 0.0001 1.0
58.5 0.0001 1.0
59.5 0.0 inf
60.5 0.0 inf
61.5 0.0 inf
62.5 0.0 inf
63.5 0.0 inf
64.5 0.0 inf
65.5 0.0 inf
66.5 0.0 inf
67.5 0.0 inf
68.5 0.0 inf
69.5 0.0 inf
70.5 0.0 inf
71.5 0.0 inf
72.5 0.0 inf
73.5 0.0 inf
74.5 0.0 inf
75.5 0.0 inf
76.5 0.0 inf
77.5 0.0 inf
78.5 0.0 inf
79.5 0.0 inf
80.5 0.0 inf
81.5 0.0 inf
82.5 0.0 inf
83.5 0.0 inf
84.5 0.0 inf
85.5 0.0 inf
86.5 0.0 inf
87.5 0.0 inf
88.5 0.0 inf
89.5 0.0 inf
90.5 0.0 inf
91.5 0.0 inf
92.5 0.0 inf
93.5 0.0 inf
94.5 0.0 inf
95.5 0.0 inf
96.5 0.0 inf
97.5 0.0 inf
