0.5 28174.0 0.005957660414288707
1.5 5379.0 0.013634814313670873
2.5 3395.0 0.017162482629699223
3.5 1987.0 0.0224337081912659
4.5 1147.0 0.02952692976787463
5.5 779.0 0.03582871819500093
6.5 511.0 0.04423739552038088
7.5 371.0 0.0519174131651165
8.5 262.0 0.06178020632152154
9.5 185.0 0.07352146220938077
10.5 142.0 0.08391813582966891
11.5 102.0 0.09901475429766744
12.5 70.0 0.11952286093343936
13.5 48.0 0.14433756729740646
14.5 43.0 0.15249857033260467
15.5 28.0 0.1889822365046136
16.5 25.0 0.2
17.5 13.0 0.2773500981126146
18.5 7.0 0.3779644730092272
19.5 8.0 0.35355339059327373
20.5 3.0 0.5773502691896258
21.5 0.0 inf
22.5 2.0 0.7071067811865475
23.5 0.0 inf
24.5 0.0 inf
25.5 0.0 inf
26.5 1.0 1.0
27.5 0.0 inf
28.5 0.0 inf
29.5 0.0 inf
30.5 0.0 inf
31.5 0.0 inf
32.5 0.0 inf
33.5 0.0 inf
34.5 0.0 inf
35.5 0.0 inf
36.5 0.0 inf
37.5 0.0 inf
38.5 0.0 inf
39.5 0.0 inf
40.5 0.0 inf
41.5 0.0 inf
42.5 0.0 inf
43.5 0.0 inf
44.5 0.0 inf
45.5 0.0 inf
46.5 0.0 inf
47.5 0.0 inf
48.5 0.0 inf
49.5 0.0 inf
50.5 0.0 inf
51.5 0.0 inf
52.5 0.0 inf
53.5 0.0 inf
54.5 0.0 inf
55.5 0.0 inf
56.5 0.0 inf
57.5 0.0 inf
58.5 0.0 inf
59.5 0.0 inf
60.5 0.0 inf
61.5 0.0 inf
62.5 0.0 inf
63.5 0.0 inf
64.5 0.0 inf
65.5 0.0 inf
66.5 0.0 inf
67.5 0.0 inf
68.5 0.0 inf
69.5 0.0 inf
70.5 0.0 inf
71.5 0.0 inf
72.5 0.0 inf
73.5 0.0 inf
74.5 0.0 inf
75.5 0.0 inf
76.5 0.0 inf
77.5 0.0 inf
78.5 0.0 inf
79.5 0.0 inf
80.5 0.0 inf
81.5 0.0 inf
82.5 0.0 inf
83.5 0.0 inf
84.5 0.0 inf
85.5 0.0 inf
86.5 0.0 inf
87.5 0.0 inf
88.5 0.0 inf
89.5 0.0 inf
90.5 0.0 inf
91.5 0.0 inf
92.5 0.0 inf
93.5 0.0 inf
94.5 0.0 inf
95.5 0.0 inf
96.5 0.0 inf
97.5 0.0 inf
