0.5 38.4577 0.0016125320170150698
1.5 20.2719 0.0022210215499226084
2.5 20.5732 0.002204697836773723
3.5 18.8916 0.0023007298612644565
4.5 16.604 0.0024541078105388956
5.5 14.9748 0.002584160504754057
6.5 13.1126 0.0027615670573048774
7.5 11.6861 0.0029252649047872893
8.5 10.4206 0.003097801867174245
9.5 9.1323 0.0033091001789600635
10.5 8.190999999999999 0.003494069482428839
11.5 7.100099999999999 0.00375290669637667
12.5 6.347799999999999 0.00396906656506308
13.5 5.5566 0.004242241935117847
14.5 4.9295 0.004504001894563755
15.5 4.2846 0.004831086997534152
16.5 3.8105 0.005122819063829998
17.5 3.276 0.0055249462010983
18.5 2.7877 0.005989312622975597
19.5 2.3920000000000003 0.006465757501398395
20.5 2.0542 0.0069771592808825274
21.5 1.7553 0.007547868471567334
22.5 1.4968 0.008173689065834914
23.5 1.2417 0.008974115596812113
24.5 1.0328 0.009839927200551898
25.5 0.8534999999999999 0.010824260542220963
26.5 0.7053 0.011907293486269472
27.5 0.5735 0.013204844425565953
28.5 0.49979999999999997 0.014144964899666776
29.5 0.3931 0.015949551604596525
30.5 0.3136 0.017857142857142856
31.5 0.2574 0.01971041319963609
32.5 0.1975 0.022501758018520477
33.5 0.1633 0.02474610820719749
34.5 0.12840000000000001 0.027907278609297374
35.5 0.1058 0.030743773095067282
36.5 0.0824 0.034836650714580884
37.5 0.0635 0.03968378950662725
38.5 0.0513 0.044151078568834795
39.5 0.0408 0.04950737714883371
40.5 0.0308 0.05698028822981897
41.5 0.0241 0.06441566264008308
42.5 0.0173 0.07602859212697055
43.5 0.0139 0.08481889296799709
44.5 0.0086 0.10783277320343841
45.5 0.0066 0.12309149097933272
46.5 0.0035 0.1690308509457033
47.5 0.0047 0.14586499149789456
48.5 0.0036 0.16666666666666666
49.5 0.0034000000000000002 0.17149858514250882
50.5 0.0016 0.25
51.5 0.0009 0.3333333333333333
52.5 0.0014 0.2672612419124244
53.5 0.0004 0.5
54.5 0.0004 0.5
55.5 0.0002 0.7071067811865475
56.5 0.0 inf
57.5 0.0002 0.7071067811865475
58.5 0.0 inf
59.5 0.00030000000000000003 0.5773502691896257
60.5 0.0 inf
61.5 0.0 inf
62.5 0.0 inf
63.5 0.0 inf
64.5 0.0 inf
65.5 0.0 inf
66.5 0.0 inf
67.5 0.0 inf
68.5 0.0 inf
69.5 0.0 inf
70.5 0.0 inf
71.5 0.0 inf
72.5 0.0 inf
73.5 0.0 inf
74.5 0.0 inf
75.5 0.0 inf
76.5 0.0 inf
77.5 0.0 inf
78.5 0.0 inf
79.5 0.0 inf
80.5 0.0 inf
81.5 0.0 inf
82.5 0.0 inf
83.5 0.0 inf
84.5 0.0 inf
85.5 0.0 inf
86.5 0.0 inf
87.5 0.0 inf
88.5 0.0 inf
89.5 0.0 inf
90.5 0.0 inf
91.5 0.0 inf
92.5 0.0 inf
93.5 0.0 inf
94.5 0.0 inf
95.5 0.0 inf
96.5 0.0 inf
97.5 0.0 inf
