0.5 81149.0 0.0035104146134022963
1.5 9180.0 0.010437071518085823
2.5 4919.0 0.014258097780117078
3.5 2650.0 0.019425717247145282
4.5 1527.0 0.02559060076303854
5.5 936.0 0.03268602252303067
6.5 622.0 0.04009634698823127
7.5 424.0 0.04856429311786321
8.5 301.0 0.0576390417704235
9.5 225.0 0.06666666666666667
10.5 154.0 0.08058229640253803
11.5 148.0 0.08219949365267865
12.5 79.0 0.1125087900926024
13.5 54.0 0.13608276348795434
14.5 37.0 0.1643989873053573
15.5 32.0 0.17677669529663687
16.5 19.0 0.22941573387056174
17.5 13.0 0.2773500981126146
18.5 16.0 0.25
19.5 7.0 0.3779644730092272
20.5 5.0 0.4472135954999579
21.5 0.0 inf
22.5 1.0 1.0
23.5 3.0 0.5773502691896258
24.5 1.0 1.0
25.5 1.0 1.0
26.5 0.0 inf
27.5 0.0 inf
28.5 0.0 inf
29.5 0.0 inf
30.5 0.0 inf
31.5 0.0 inf
32.5 0.0 inf
33.5 0.0 inf
34.5 0.0 inf
35.5 0.0 inf
36.5 0.0 inf
37.5 0.0 inf
38.5 0.0 inf
39.5 0.0 inf
40.5 0.0 inf
41.5 0.0 inf
42.5 0.0 inf
43.5 0.0 inf
44.5 0.0 inf
45.5 0.0 inf
46.5 0.0 inf
47.5 0.0 inf
48.5 0.0 inf
49.5 0.0 inf
50.5 0.0 inf
51.5 0.0 inf
52.5 0.0 inf
53.5 0.0 inf
54.5 0.0 inf
55.5 0.0 inf
56.5 0.0 inf
57.5 0.0 inf
58.5 0.0 inf
59.5 0.0 inf
60.5 0.0 inf
61.5 0.0 inf
62.5 0.0 inf
63.5 0.0 inf
64.5 0.0 inf
65.5 0.0 inf
66.5 0.0 inf
67.5 0.0 inf
68.5 0.0 inf
69.5 0.0 inf
70.5 0.0 inf
71.5 0.0 inf
72.5 0.0 inf
73.5 0.0 inf
74.5 0.0 inf
75.5 0.0 inf
76.5 0.0 inf
77.5 0.0 inf
78.5 0.0 inf
79.5 0.0 inf
80.5 0.0 inf
81.5 0.0 inf
82.5 0.0 inf
83.5 0.0 inf
84.5 0.0 inf
85.5 0.0 inf
86.5 0.0 inf
87.5 0.0 inf
88.5 0.0 inf
89.5 0.0 inf
90.5 0.0 inf
91.5 0.0 inf
92.5 0.0 inf
93.5 0.0 inf
94.5 0.0 inf
95.5 0.0 inf
96.5 0.0 inf
97.5 0.0 inf
