0.5 38.5234 0.0016111563782794688
1.5 20.3558 0.0022164396588440064
2.5 20.549799999999998 0.002205952721283767
3.5 18.933 0.002298213029722154
4.5 16.7042 0.0024467362670814795
5.5 14.9596 0.002585473015353413
6.5 13.1394 0.002758749281203658
7.5 11.7095 0.0029223405514495395
8.5 10.482800000000001 0.0030885977446961253
9.5 9.0841 0.003317867564511361
10.5 8.1795 0.0034965248700153844
11.5 7.2133 0.0037233426285250113
12.5 6.3643 0.003963918151230997
13.5 5.622400000000001 0.004217345001502257
14.5 4.9229 0.004507020080574677
15.5 4.2768999999999995 0.004835433912564192
16.5 3.7777000000000003 0.00514501051789144
17.5 3.2409 0.005554784111331111
18.5 2.8057 0.005970069458281655
19.5 2.4071 0.006445445396391005
20.5 2.0584 0.0069700374793863025
21.5 1.774 0.00750798147272714
22.5 1.5025 0.008158170164480042
23.5 1.2288999999999999 0.009020730909074992
24.5 1.0666 0.009682760956526492
25.5 0.8501000000000001 0.01084588491646583
26.5 0.7163 0.011815511423769232
27.5 0.583 0.013096815896275179
28.5 0.5031000000000001 0.014098497814593786
29.5 0.39339999999999997 0.015943469019386602
30.5 0.3164 0.017777953363369448
31.5 0.2582 0.019679854401103796
32.5 0.2101 0.021816595214404266
33.5 0.1612 0.024906774069335894
34.5 0.1303 0.027703063158526546
35.5 0.1046 0.030919620705155318
36.5 0.07730000000000001 0.03596750006328032
37.5 0.0615 0.04032389192727559
38.5 0.048600000000000004 0.04536092116265144
39.5 0.04 0.05
40.5 0.030199999999999998 0.0575435337648436
41.5 0.0233 0.06551217820804184
42.5 0.0169 0.07692307692307693
43.5 0.0113 0.09407208683835974
44.5 0.0095 0.10259783520851541
45.5 0.0075 0.11547005383792514
46.5 0.004 0.15811388300841897
47.5 0.005 0.1414213562373095
48.5 0.0027 0.19245008972987526
49.5 0.0023 0.20851441405707477
50.5 0.0014 0.2672612419124244
51.5 0.001 0.31622776601683794
52.5 0.0007 0.3779644730092272
53.5 0.0006000000000000001 0.40824829046386296
54.5 0.0007 0.3779644730092272
55.5 0.0005 0.4472135954999579
56.5 0.0004 0.5
57.5 0.0 inf
58.5 0.0001 1.0
59.5 0.0 inf
60.5 0.0 inf
61.5 0.0 inf
62.5 0.0 inf
63.5 0.0 inf
64.5 0.0 inf
65.5 0.0 inf
66.5 0.0 inf
67.5 0.0 inf
68.5 0.0 inf
69.5 0.0 inf
70.5 0.0 inf
71.5 0.0 inf
72.5 0.0 inf
73.5 0.0 inf
74.5 0.0 inf
75.5 0.0 inf
76.5 0.0 inf
77.5 0.0 inf
78.5 0.0 inf
79.5 0.0 inf
80.5 0.0 inf
81.5 0.0 inf
82.5 0.0 inf
83.5 0.0 inf
84.5 0.0 inf
85.5 0.0 inf
86.5 0.0 inf
87.5 0.0 inf
88.5 0.0 inf
89.5 0.0 inf
90.5 0.0 inf
91.5 0.0 inf
92.5 0.0 inf
93.5 0.0 inf
94.5 0.0 inf
95.5 0.0 inf
96.5 0.0 inf
97.5 0.0 inf
