0.5 38.5333 0.001610949395322177
1.5 20.3485 0.002216837195729527
2.5 20.5974 0.002203402300243649
3.5 18.8771 0.0023016133173875087
4.5 16.673299999999998 0.0024490024397794876
5.5 14.943200000000001 0.0025868913905998186
6.5 13.111 0.002761735555989068
7.5 11.697099999999999 0.0029238891158066076
8.5 10.4422 0.003094596261133461
9.5 9.0784 0.0033189089857713224
10.5 8.2201 0.003487879316329377
11.5 7.1338 0.00374403185591607
12.5 6.413399999999999 0.003948715425279312
13.5 5.583600000000001 0.004231972634325213
14.5 4.9338 0.004502038759677191
15.5 4.2842 0.004831312522684126
16.5 3.7736 0.005147804774894246
17.5 3.2344 0.005560362885571691
18.5 2.7778 0.005999976000143999
19.5 2.4406 0.00640105702981235
20.5 2.094 0.006910534847721006
21.5 1.7643 0.0075285923650013275
22.5 1.4965000000000002 0.00817450830534042
23.5 1.2422 0.008972309321891575
24.5 1.0504 0.009757142403137058
25.5 0.8421000000000001 0.01089728141290931
26.5 0.7138 0.011836184553311528
27.5 0.5783 0.013149928875514541
28.5 0.5018 0.014116748304842436
29.5 0.3937 0.015937393387910583
30.5 0.3194 0.017694265686843822
31.5 0.2576 0.019702760155977515
32.5 0.2051 0.022080920281275968
33.5 0.17359999999999998 0.02400076803686597
34.5 0.1257 0.028205406366325913
35.5 0.096 0.03227486121839514
36.5 0.0779 0.03582871819500093
37.5 0.06420000000000001 0.03946685189819291
38.5 0.0513 0.044151078568834795
39.5 0.0401 0.04993761694389224
40.5 0.026 0.062017367294604234
41.5 0.024 0.06454972243679027
42.5 0.0169 0.07692307692307693
43.5 0.0143 0.08362420100070908
44.5 0.0093 0.10369516947304253
45.5 0.0069 0.1203858530857692
46.5 0.0060999999999999995 0.12803687993289598
47.5 0.005299999999999999 0.13736056394868904
48.5 0.0033 0.17407765595569785
49.5 0.0021 0.2182178902359924
50.5 0.0018 0.23570226039551587
51.5 0.0012000000000000001 0.28867513459481287
52.5 0.0014 0.2672612419124244
53.5 0.0005 0.4472135954999579
54.5 0.0002 0.7071067811865475
55.5 0.00030000000000000003 0.5773502691896257
56.5 0.0004 0.5
57.5 0.0002 0.7071067811865475
58.5 0.00030000000000000003 0.5773502691896257
59.5 0.0001 1.0
60.5 0.0 inf
61.5 0.0 inf
62.5 0.0001 1.0
63.5 0.0 inf
64.5 0.0 inf
65.5 0.0 inf
66.5 0.0 inf
67.5 0.0 inf
68.5 0.0 inf
69.5 0.0 inf
70.5 0.0 inf
71.5 0.0 inf
72.5 0.0 inf
73.5 0.0 inf
74.5 0.0 inf
75.5 0.0 inf
76.5 0.0 inf
77.5 0.0 inf
78.5 0.0 inf
79.5 0.0 inf
80.5 0.0 inf
81.5 0.0 inf
82.5 0.0 inf
83.5 0.0 inf
84.5 0.0 inf
85.5 0.0 inf
86.5 0.0 inf
87.5 0.0 inf
88.5 0.0 inf
89.5 0.0 inf
90.5 0.0 inf
91.5 0.0 inf
92.5 0.0 inf
93.5 0.0 inf
94.5 0.0 inf
95.5 0.0 inf
96.5 0.0 inf
97.5 0.0 inf
