0.5 38.4672 0.0016123328863259265
1.5 20.3193 0.0022184294850071556
2.5 20.5589 0.0022054644560649
3.5 18.8808 0.002301387787046477
4.5 16.660800000000002 0.0024499209668243944
5.5 14.9154 0.002589301051150978
6.5 13.0822 0.0027647738162632236
7.5 11.6197 0.00293361111382323
8.5 10.3945 0.0031016886312447817
9.5 9.159600000000001 0.003304165146406865
10.5 8.105500000000001 0.0035124495486895356
11.5 7.156700000000001 0.00373803698217521
12.5 6.4259 0.003944872930835207
13.5 5.5859000000000005 0.004231101285105417
14.5 4.9299 0.004503819169021282
15.5 4.300000000000001 0.0048224282217041205
16.5 3.7569 0.005159233481521423
17.5 3.2978 0.005506654683220155
18.5 2.7873 0.005989742364859123
19.5 2.401 0.006453627877894652
20.5 2.0418000000000003 0.006998313609605645
21.5 1.7612 0.0075352152287890516
22.5 1.4727000000000001 0.008240296840615464
23.5 1.2387000000000001 0.008984976202985103
24.5 1.0582 0.00972111590817096
25.5 0.8483 0.010857385710771925
26.5 0.7010000000000001 0.011943757882416249
27.5 0.5783 0.013149928875514541
28.5 0.4829 0.014390351338241198
29.5 0.3926 0.015959704735425923
30.5 0.3266 0.017498140921285422
31.5 0.2626 0.019514284806274117
32.5 0.20240000000000002 0.022227711223719353
33.5 0.1608 0.024937733402690822
34.5 0.127 0.028060676663315687
35.5 0.09970000000000001 0.03167031776097681
36.5 0.0775 0.03592106040535498
37.5 0.0635 0.03968378950662725
38.5 0.0496 0.04490132550669373
39.5 0.043 0.04822428221704121
40.5 0.0279 0.05986843400892496
41.5 0.0223 0.06696495301824251
42.5 0.0195 0.0716114874039433
43.5 0.0125 0.08944271909999159
44.5 0.0102 0.09901475429766741
45.5 0.008 0.11180339887498948
46.5 0.0054 0.13608276348795434
47.5 0.004 0.15811388300841897
48.5 0.003 0.18257418583505536
49.5 0.0031 0.1796053020267749
50.5 0.0017000000000000001 0.24253562503633297
51.5 0.0013 0.2773500981126146
52.5 0.0012000000000000001 0.28867513459481287
53.5 0.0008 0.35355339059327373
54.5 0.0007 0.3779644730092272
55.5 0.00030000000000000003 0.5773502691896257
56.5 0.0001 1.0
57.5 0.0001 1.0
58.5 0.0002 0.7071067811865475
59.5 0.0003 0.5773502691896258
60.5 0.0 inf
61.5 0.0 inf
62.5 0.0 inf
63.5 0.0 inf
64.5 0.0 inf
65.5 0.0001 1.0
66.5 0.0 inf
67.5 0.0 inf
68.5 0.0 inf
69.5 0.0 inf
70.5 0.0 inf
71.5 0.0 inf
72.5 0.0 inf
73.5 0.0 inf
74.5 0.0 inf
75.5 0.0 inf
76.5 0.0 inf
77.5 0.0 inf
78.5 0.0 inf
79.5 0.0 inf
80.5 0.0 inf
81.5 0.0 inf
82.5 0.0 inf
83.5 0.0 inf
84.5 0.0 inf
85.5 0.0 inf
86.5 0.0 inf
87.5 0.0 inf
88.5 0.0 inf
89.5 0.0 inf
90.5 0.0 inf
91.5 0.0 inf
92.5 0.0 inf
93.5 0.0 inf
94.5 0.0 inf
95.5 0.0 inf
96.5 0.0 inf
97.5 0.0 inf
