0.5 38.7296 0.0016068616809494557
1.5 20.5082 0.0022081889278663057
2.5 20.6876 0.0021985935259024618
3.5 19.0441 0.0022914995345251687
4.5 16.7395 0.002444155085680512
5.5 15.0777 0.002575327414944147
6.5 13.163599999999999 0.0027562122683583005
7.5 11.7732 0.002914424030184556
8.5 10.5505 0.0030786724055773566
9.5 9.1683 0.0033025970771086237
10.5 8.2256 0.0034867130461473162
11.5 7.2280999999999995 0.00371952878340543
12.5 6.4140999999999995 0.0039484999487341575
13.5 5.6517 0.0042063988456458624
14.5 4.9712 0.004485071615504275
15.5 4.2971 0.004824055212361121
16.5 3.8022 0.00512840743623638
17.5 3.3303000000000003 0.005479719414863111
18.5 2.8087999999999997 0.005966774043046603
19.5 2.395 0.006461706697512385
20.5 2.0956 0.006907896231799034
21.5 1.7406 0.007579673708133754
22.5 1.4958 0.008176420822558969
23.5 1.2637 0.008895656555151095
24.5 1.0548000000000002 0.009736770630616433
25.5 0.8631 0.01076389472867711
26.5 0.7265 0.011732273826488664
27.5 0.5937 0.012978260155024922
28.5 0.4949 0.014214817002999845
29.5 0.3882 0.016049896438377346
30.5 0.31889999999999996 0.017708131581681406
31.5 0.2626 0.019514284806274117
32.5 0.2058 0.022043335708870276
33.5 0.1624 0.024814583349273254
34.5 0.12340000000000001 0.028467047115478598
35.5 0.1038 0.03103854276221004
36.5 0.0843 0.034441829515914534
37.5 0.0679 0.038376477822666816
38.5 0.0509 0.04432422071779363
39.5 0.0358 0.05285164225816899
40.5 0.0257 0.06237828615518053
41.5 0.0242 0.0642824346533225
42.5 0.016399999999999998 0.07808688094430304
43.5 0.0109 0.09578262852211514
44.5 0.0085 0.10846522890932808
45.5 0.006500000000000001 0.12403473458920847
46.5 0.0068000000000000005 0.12126781251816648
47.5 0.0040999999999999995 0.15617376188860607
48.5 0.0024 0.20412414523193154
49.5 0.0023 0.20851441405707477
50.5 0.0019 0.22941573387056174
51.5 0.0013 0.2773500981126146
52.5 0.0009 0.3333333333333333
53.5 0.0007 0.3779644730092272
54.5 0.0007 0.3779644730092272
55.5 0.0002 0.7071067811865475
56.5 0.0004 0.5
57.5 0.0001 1.0
58.5 0.0002 0.7071067811865475
59.5 0.0 inf
60.5 0.0 inf
61.5 0.0 inf
62.5 0.0 inf
63.5 0.0 inf
64.5 0.0 inf
65.5 0.0 inf
66.5 0.0 inf
67.5 0.0 inf
68.5 0.0 inf
69.5 0.0 inf
70.5 0.0 inf
71.5 0.0 inf
72.5 0.0 inf
73.5 0.0 inf
74.5 0.0 inf
75.5 0.0 inf
76.5 0.0 inf
77.5 0.0 inf
78.5 0.0 inf
79.5 0.0 inf
80.5 0.0 inf
81.5 0.0 inf
82.5 0.0 inf
83.5 0.0 inf
84.5 0.0 inf
85.5 0.0 inf
86.5 0.0 inf
87.5 0.0 inf
88.5 0.0 inf
89.5 0.0 inf
90.5 0.0 inf
91.5 0.0 inf
92.5 0.0 inf
93.5 0.0 inf
94.5 0.0 inf
95.5 0.0 inf
96.5 0.0 inf
97.5 0.0 inf
