0.5 39.6704 0.0015876936588370965
1.5 20.9598 0.002184270562815636
2.5 21.412399999999998 0.0021610624942883963
3.5 19.5506 0.002261621660234062
4.5 17.238 0.0024085549657121134
5.5 15.426100000000002 0.0025460793163469488
6.5 13.605799999999999 0.002711052692236687
7.5 12.0561 0.002880027132287412
8.5 10.7912 0.003044143556622765
9.5 9.3986 0.003261883280514005
10.5 8.4711 0.003435817565926699
11.5 7.4479 0.003664232999158167
12.5 6.6195 0.003886757155313345
13.5 5.7722 0.004162261048200464
14.5 5.0988 0.0044285954695835175
15.5 4.4048 0.004764714719340685
16.5 3.8836999999999997 0.005074311949333348
17.5 3.4051 0.0054191985695468
18.5 2.8884 0.0058839819506070834
19.5 2.4732 0.00635872994763763
20.5 2.1246 0.006860589138596376
21.5 1.8243999999999998 0.0074035492238119045
22.5 1.5345 0.00807265799494138
23.5 1.2696 0.008874962836170935
24.5 1.0606 0.009710110867765786
25.5 0.8905 0.010597002531915626
26.5 0.7333000000000001 0.011677749568838153
27.5 0.6054999999999999 0.012851177623425634
28.5 0.5029 0.014101300975535015
29.5 0.4072 0.015670978520180567
30.5 0.3295 0.017420968301749516
31.5 0.26439999999999997 0.01944774603961035
32.5 0.21660000000000001 0.021486752129677003
33.5 0.1691 0.024318019154289876
34.5 0.13169999999999998 0.027555424922739644
35.5 0.1087 0.030330895164368973
36.5 0.0802 0.03531122757732244
37.5 0.06319999999999999 0.039777864208786505
38.5 0.0506 0.044455422447438706
39.5 0.0403 0.04981354813867179
40.5 0.029699999999999997 0.058025885318565944
41.5 0.0228 0.06622661785325219
42.5 0.0183 0.07392212709545729
43.5 0.0118 0.09205746178983235
44.5 0.0109 0.09578262852211514
45.5 0.008799999999999999 0.10660035817780524
46.5 0.0075 0.11547005383792514
47.5 0.0042 0.1543033499620919
48.5 0.0027 0.19245008972987526
49.5 0.0026 0.19611613513818404
50.5 0.0018 0.23570226039551587
51.5 0.0018 0.23570226039551587
52.5 0.0005 0.4472135954999579
53.5 0.0015 0.2581988897471611
54.5 0.0005 0.4472135954999579
55.5 0.0006000000000000001 0.40824829046386296
56.5 0.0002 0.7071067811865475
57.5 0.00030000000000000003 0.5773502691896257
58.5 0.0001 1.0
59.5 0.0001 1.0
60.5 0.0001 1.0
61.5 0.0 inf
62.5 0.0 inf
63.5 0.0 inf
64.5 0.0001 1.0
65.5 0.0 inf
66.5 0.0 inf
67.5 0.0 inf
68.5 0.0 inf
69.5 0.0 inf
70.5 0.0 inf
71.5 0.0 inf
72.5 0.0 inf
73.5 0.0 inf
74.5 0.0 inf
75.5 0.0 inf
76.5 0.0 inf
77.5 0.0 inf
78.5 0.0 inf
79.5 0.0 inf
80.5 0.0 inf
81.5 0.0 inf
82.5 0.0 inf
83.5 0.0 inf
84.5 0.0 inf
85.5 0.0 inf
86.5 0.0 inf
87.5 0.0 inf
88.5 0.0 inf
89.5 0.0 inf
90.5 0.0 inf
91.5 0.0 inf
92.5 0.0 inf
93.5 0.0 inf
94.5 0.0 inf
95.5 0.0 inf
96.5 0.0 inf
97.5 0.0 inf
