0.5 38.471 0.0016122532547037714
1.5 20.2682 0.0022212242666099797
2.5 20.5382 0.0022065755957178736
3.5 18.895200000000003 0.002300510678031435
4.5 16.616799999999998 0.0024531624229907267
5.5 14.9375 0.0025873849094126037
6.5 13.1462 0.002758035693945641
7.5 11.6417 0.002930837894948954
8.5 10.4053 0.0031000785414847854
9.5 9.0962 0.003315660073619844
10.5 8.1568 0.0035013868238277443
11.5 7.1663 0.003735532399541605
12.5 6.358499999999999 0.003965725612490276
13.5 5.6219 0.004217532538244071
14.5 4.9287 0.00450436741237925
15.5 4.2701 0.004839282519218384
16.5 3.7619 0.005155803732640434
17.5 3.3003 0.005504568623653371
18.5 2.7668 0.006011891257317261
19.5 2.3541999999999996 0.006517459217981954
20.5 2.0572 0.006972070054150107
21.5 1.7607 0.007536285070378471
22.5 1.4872 0.008200027552138863
23.5 1.2433 0.008968339353171217
24.5 1.0474 0.009771105787283352
25.5 0.8486 0.010855466370894677
26.5 0.7092 0.011874508331318274
27.5 0.5691999999999999 0.013254628330189751
28.5 0.49779999999999996 0.014173351371926586
29.5 0.399 0.01583118967153259
30.5 0.3194 0.017694265686843822
31.5 0.25539999999999996 0.019787437382135127
32.5 0.20800000000000002 0.021926450482675733
33.5 0.1719 0.024119153509747387
34.5 0.12490000000000001 0.028295591748714637
35.5 0.1028 0.031189143077590267
36.5 0.0794 0.0354886720493838
37.5 0.06589999999999999 0.03895446935658099
38.5 0.0485 0.045407660918649985
39.5 0.0393 0.050443327230531826
40.5 0.027499999999999997 0.06030226891555273
41.5 0.0236 0.06509445549041194
42.5 0.0189 0.07273929674533079
43.5 0.0112 0.0944911182523068
44.5 0.0089 0.105999788000636
45.5 0.0072 0.11785113019775793
46.5 0.0063 0.1259881576697424
47.5 0.0040999999999999995 0.15617376188860607
48.5 0.0031999999999999997 0.1767766952966369
49.5 0.0031999999999999997 0.1767766952966369
50.5 0.0021000000000000003 0.21821789023599233
51.5 0.0019000000000000002 0.22941573387056174
52.5 0.0008 0.35355339059327373
53.5 0.001 0.31622776601683794
54.5 0.0004 0.5
55.5 0.0003 0.5773502691896258
56.5 0.0001 1.0
57.5 0.0004 0.5
58.5 0.00030000000000000003 0.5773502691896257
59.5 0.0002 0.7071067811865475
60.5 0.0 inf
61.5 0.0 inf
62.5 0.0001 1.0
63.5 0.0001 1.0
64.5 0.0 inf
65.5 0.0 inf
66.5 0.0 inf
67.5 0.0001 1.0
68.5 0.0 inf
69.5 0.0 inf
70.5 0.0 inf
71.5 0.0 inf
72.5 0.0 inf
73.5 0.0 inf
74.5 0.0 inf
75.5 0.0 inf
76.5 0.0 inf
77.5 0.0 inf
78.5 0.0 inf
79.5 0.0 inf
80.5 0.0 inf
81.5 0.0 inf
82.5 0.0 inf
83.5 0.0 inf
84.5 0.0 inf
85.5 0.0 inf
86.5 0.0 inf
87.5 0.0 inf
88.5 0.0 inf
89.5 0.0 inf
90.5 0.0 inf
91.5 0.0 inf
92.5 0.0 inf
93.5 0.0 inf
94.5 0.0 inf
95.5 0.0 inf
96.5 0.0 inf
97.5 0.0 inf
