0.5 45.2702 0.0014862565904687989
1.5 24.028 0.002040051769010544
2.5 24.326900000000002 0.0020274801691297084
3.5 22.1141 0.0021264998941351292
4.5 19.421300000000002 0.002269137701248113
5.5 17.3136 0.0024032907236869695
6.5 15.2143 0.002563740193826679
7.5 13.4285 0.0027288913722485473
8.5 11.9281 0.002895438629888317
9.5 10.3798 0.003103884178910121
10.5 9.2993 0.003279252593974166
11.5 8.0822 0.0035175088874591044
12.5 7.2126 0.0037235233037742396
13.5 6.2303999999999995 0.004006286790401309
14.5 5.5123 0.004259254366085758
15.5 4.805899999999999 0.004561552052959471
16.5 4.236800000000001 0.004858262964602947
17.5 3.6321000000000003 0.005247121267912169
18.5 3.0933 0.005685765961439182
19.5 2.6483 0.006144922497423316
20.5 2.2638 0.006646315788560507
21.5 1.9214 0.0072142486493381236
22.5 1.6171 0.007863783737848719
23.5 1.3706 0.008541706335273444
24.5 1.1743000000000001 0.009228061274013516
25.5 0.9358 0.010337332357287054
26.5 0.7864 0.011276601870496117
27.5 0.6228 0.012671432021161758
28.5 0.5422 0.013580640201036588
29.5 0.4375 0.015118578920369087
30.5 0.3368 0.01723113791988944
31.5 0.272 0.01917412472118426
32.5 0.2182 0.021407828990149706
33.5 0.16949999999999998 0.024289308377863014
34.5 0.1435 0.02639818386742273
35.5 0.1079 0.03044312827739915
36.5 0.08399999999999999 0.03450327796711771
37.5 0.066 0.03892494720807615
38.5 0.0513 0.044151078568834795
39.5 0.0427 0.048393391849582724
40.5 0.0309 0.05688801239885743
41.5 0.0237 0.06495698024616309
42.5 0.0168 0.07715167498104596
43.5 0.0114 0.0936585811581694
44.5 0.0102 0.09901475429766741
45.5 0.0075 0.11547005383792514
46.5 0.006200000000000001 0.1270001270001905
47.5 0.0044 0.15075567228888181
48.5 0.0031999999999999997 0.1767766952966369
49.5 0.0028 0.1889822365046136
50.5 0.0012000000000000001 0.28867513459481287
51.5 0.0015 0.2581988897471611
52.5 0.0005 0.4472135954999579
53.5 0.00030000000000000003 0.5773502691896257
54.5 0.00030000000000000003 0.5773502691896257
55.5 0.00030000000000000003 0.5773502691896257
56.5 0.00030000000000000003 0.5773502691896257
57.5 0.00030000000000000003 0.5773502691896257
58.5 0.0002 0.7071067811865475
59.5 0.0001 1.0
60.5 0.0001 1.0
61.5 0.0001 1.0
62.5 0.0001 1.0
63.5 0.0001 1.0
64.5 0.0 inf
65.5 0.0 inf
66.5 0.0 inf
67.5 0.0 inf
68.5 0.0 inf
69.5 0.0 inf
70.5 0.0 inf
71.5 0.0 inf
72.5 0.0 inf
73.5 0.0 inf
74.5 0.0 inf
75.5 0.0 inf
76.5 0.0 inf
77.5 0.0 inf
78.5 0.0 inf
79.5 0.0 inf
80.5 0.0 inf
81.5 0.0 inf
82.5 0.0 inf
83.5 0.0 inf
84.5 0.0 inf
85.5 0.0 inf
86.5 0.0 inf
87.5 0.0 inf
88.5 0.0 inf
89.5 0.0 inf
90.5 0.0 inf
91.5 0.0 inf
92.5 0.0 inf
93.5 0.0 inf
94.5 0.0 inf
95.5 0.0 inf
96.5 0.0 inf
97.5 0.0 inf
