0.5 41.2372 0.0015572395151391112
1.5 21.9183 0.0021359769734721275
2.5 22.194000000000003 0.0021226686663913057
3.5 20.3106 0.0022189045637874016
4.5 17.9204 0.0023622515920397017
5.5 16.1026 0.0024920227202933735
6.5 14.144400000000001 0.0026589350885237667
7.5 12.475999999999999 0.0028311463310701605
8.5 11.2097 0.002986778421527843
9.5 9.7107 0.003209037050364551
10.5 8.7625 0.0033782048766027237
11.5 7.6449 0.00361671340244061
12.5 6.847899999999999 0.0038213894048249983
13.5 6.0108999999999995 0.004078779694194655
14.5 5.241099999999999 0.004368061827592124
15.5 4.5331 0.0046968030583021386
16.5 4.0393 0.0049756170256539806
17.5 3.4874 0.005354872298929715
18.5 2.9363 0.005835791773187076
19.5 2.5433000000000003 0.006270486026337004
20.5 2.1693 0.006789537508043842
21.5 1.8727 0.00730745071179938
22.5 1.5739 0.007970974730061404
23.5 1.3079999999999998 0.008743717709783364
24.5 1.1121 0.009482614155685616
25.5 0.899 0.010546786488216739
26.5 0.7555000000000001 0.011504897814670465
27.5 0.6145 0.01275672097462393
28.5 0.5245 0.013807887937845497
29.5 0.4154 0.01551553494879347
30.5 0.33799999999999997 0.017200522903844537
31.5 0.266 0.019389168358237032
32.5 0.2102 0.02181140511198411
33.5 0.1668 0.024485105343719588
34.5 0.1355 0.02716629124620806
35.5 0.1106 0.030069238966213184
36.5 0.0863 0.03404039587848988
37.5 0.0664 0.03880752628531664
38.5 0.053 0.04343722427630694
39.5 0.0392 0.050507627227610534
40.5 0.0309 0.05688801239885743
41.5 0.0225 0.06666666666666667
42.5 0.0173 0.07602859212697055
43.5 0.012799999999999999 0.08838834764831845
44.5 0.0103 0.09853292781642932
45.5 0.0082 0.11043152607484653
46.5 0.0057 0.13245323570650439
47.5 0.0058 0.13130643285972257
48.5 0.0034 0.17149858514250882
49.5 0.0015 0.2581988897471611
50.5 0.0018 0.23570226039551587
51.5 0.0008 0.35355339059327373
52.5 0.0006000000000000001 0.40824829046386296
53.5 0.00039999999999999996 0.5000000000000001
54.5 0.00039999999999999996 0.5000000000000001
55.5 0.00039999999999999996 0.5000000000000001
56.5 0.0001 1.0
57.5 0.0001 1.0
58.5 0.0002 0.7071067811865475
59.5 0.0002 0.7071067811865475
60.5 0.0002 0.7071067811865475
61.5 0.0 inf
62.5 0.0 inf
63.5 0.0001 1.0
64.5 0.0 inf
65.5 0.0 inf
66.5 0.0 inf
67.5 0.0 inf
68.5 0.0 inf
69.5 0.0 inf
70.5 0.0 inf
71.5 0.0 inf
72.5 0.0 inf
73.5 0.0 inf
74.5 0.0 inf
75.5 0.0 inf
76.5 0.0 inf
77.5 0.0 inf
78.5 0.0 inf
79.5 0.0 inf
80.5 0.0 inf
81.5 0.0 inf
82.5 0.0 inf
83.5 0.0 inf
84.5 0.0 inf
85.5 0.0 inf
86.5 0.0 inf
87.5 0.0 inf
88.5 0.0 inf
89.5 0.0 inf
90.5 0.0 inf
91.5 0.0 inf
92.5 0.0 inf
93.5 0.0 inf
94.5 0.0 inf
95.5 0.0 inf
96.5 0.0 inf
97.5 0.0 inf
