0.5 40.4358 0.0015725953243884855
1.5 21.4775 0.0021577848330797335
2.5 21.7666 0.0021434072817553135
3.5 19.9357 0.002239671147248124
4.5 17.6282 0.0023817491309908534
5.5 15.7122 0.002522792322775619
6.5 13.8765 0.002684479117798355
7.5 12.288699999999999 0.0028526404028652607
8.5 11.016200000000001 0.003012895675204645
9.5 9.5663 0.00323316599078852
10.5 8.6142 0.003407159969646779
11.5 7.5624 0.0036363876786757016
12.5 6.6949 0.003864808260941876
13.5 5.8764 0.004125193501896029
14.5 5.195 0.004387399930718568
15.5 4.4931 0.004717663470770762
16.5 3.9606 0.005024808423409381
17.5 3.4222 0.0054056423269886215
18.5 2.9454000000000002 0.005826769774989277
19.5 2.5055 0.0063176097675477685
20.5 2.1764 0.006778453815809603
21.5 1.8382 0.007375706372955366
22.5 1.5464 0.008041537277139065
23.5 1.2970000000000002 0.008780717642256243
24.5 1.0861 0.009595444396790566
25.5 0.8931 0.010581566249093505
26.5 0.7448 0.011587244366483038
27.5 0.6077 0.01282789456817306
28.5 0.5176000000000001 0.013899618043744162
29.5 0.4083 0.01564985471133573
30.5 0.3352 0.01727221339633667
31.5 0.27149999999999996 0.01919177233165824
32.5 0.22110000000000002 0.021266970502955673
33.5 0.1694 0.024296476537493127
34.5 0.1231 0.028501713717057404
35.5 0.1067 0.03061383874613135
36.5 0.0797 0.03542181734879073
37.5 0.0668 0.03869116162670684
38.5 0.0529 0.043478260869565216
39.5 0.0388 0.05076730825668096
40.5 0.0317 0.05616559563017304
41.5 0.0234 0.06537204504606134
42.5 0.0188 0.07293249574894728
43.5 0.012799999999999999 0.08838834764831845
44.5 0.0103 0.09853292781642932
45.5 0.0068000000000000005 0.12126781251816648
46.5 0.0055 0.13483997249264842
47.5 0.004399999999999999 0.15075567228888184
48.5 0.0029 0.18569533817705186
49.5 0.0027 0.19245008972987526
50.5 0.0012 0.2886751345948129
51.5 0.0007999999999999999 0.3535533905932738
52.5 0.0011 0.30151134457776363
53.5 0.0005 0.4472135954999579
54.5 0.00030000000000000003 0.5773502691896257
55.5 0.0004 0.5
56.5 0.0002 0.7071067811865475
57.5 0.00030000000000000003 0.5773502691896257
58.5 0.0 inf
59.5 0.0001 1.0
60.5 0.0001 1.0
61.5 0.0001 1.0
62.5 0.0 inf
63.5 0.0 inf
64.5 0.0 inf
65.5 0.0 inf
66.5 0.0 inf
67.5 0.0001 1.0
68.5 0.0 inf
69.5 0.0 inf
70.5 0.0 inf
71.5 0.0 inf
72.5 0.0 inf
73.5 0.0 inf
74.5 0.0 inf
75.5 0.0 inf
76.5 0.0 inf
77.5 0.0 inf
78.5 0.0 inf
79.5 0.0 inf
80.5 0.0 inf
81.5 0.0 inf
82.5 0.0 inf
83.5 0.0 inf
84.5 0.0 inf
85.5 0.0 inf
86.5 0.0 inf
87.5 0.0 inf
88.5 0.0 inf
89.5 0.0 inf
90.5 0.0 inf
91.5 0.0 inf
92.5 0.0 inf
93.5 0.0 inf
94.5 0.0 inf
95.5 0.0 inf
96.5 0.0 inf
97.5 0.0 inf
