0.5 38.5686 0.001610212013988466
1.5 20.37 0.0022156669801466386
2.5 20.6119 0.0022026271423436733
3.5 19.005499999999998 0.00229382536168934
4.5 16.695 0.0024474103273811744
5.5 15.002500000000001 0.0025817737586221376
6.5 13.166699999999999 0.00275588778458441
7.5 11.694099999999999 0.0029242641384611733
8.5 10.4542 0.003092819663317215
9.5 9.130099999999999 0.003309498837348028
10.5 8.1793 0.0034965676182150598
11.5 7.2034 0.0037259003398625976
12.5 6.394299999999999 0.003954608504090465
13.5 5.6234 0.00421697000305745
14.5 4.9863 0.004478275400703585
15.5 4.2780000000000005 0.004834812206245318
16.5 3.7778 0.005144942422113923
17.5 3.2834000000000003 0.005518716734094972
18.5 2.7979000000000003 0.005978385361695531
19.5 2.4029 0.0064510758953254905
20.5 2.0584 0.0069700374793863025
21.5 1.7669000000000001 0.007523051149771044
22.5 1.4828000000000001 0.008212184753109667
23.5 1.2489 0.008948209988962362
24.5 1.0415 0.009798742901923351
25.5 0.8644000000000001 0.010755797592937955
26.5 0.7173 0.011807272449596909
27.5 0.6001000000000001 0.012908868793110689
28.5 0.4943 0.01422344162731625
29.5 0.4012 0.015787724448766815
30.5 0.3224 0.01761174884190867
31.5 0.2561 0.019760376304381096
32.5 0.1993 0.02239991398449545
33.5 0.1583 0.02513388030837367
34.5 0.1247 0.02831827358942995
35.5 0.1063 0.030671383606587218
36.5 0.07919999999999999 0.035533452725935076
37.5 0.062299999999999994 0.0400641540107502
38.5 0.0513 0.044151078568834795
39.5 0.0363 0.0524863881081478
40.5 0.0286 0.05913123959890826
41.5 0.0241 0.06441566264008308
42.5 0.017300000000000003 0.07602859212697054
43.5 0.0117 0.09245003270420485
44.5 0.0109 0.09578262852211514
45.5 0.0057 0.13245323570650439
46.5 0.0063999999999999994 0.12500000000000003
47.5 0.0043 0.15249857033260467
48.5 0.003 0.18257418583505536
49.5 0.003 0.18257418583505536
50.5 0.0019 0.22941573387056174
51.5 0.0013 0.2773500981126146
52.5 0.0004 0.5
53.5 0.0005 0.4472135954999579
54.5 0.0012000000000000001 0.28867513459481287
55.5 0.00030000000000000003 0.5773502691896257
56.5 0.0004 0.5
57.5 0.0002 0.7071067811865475
58.5 0.0002 0.7071067811865475
59.5 0.0 inf
60.5 0.0 inf
61.5 0.0 inf
62.5 0.0001 1.0
63.5 0.0 inf
64.5 0.0 inf
65.5 0.0 inf
66.5 0.0 inf
67.5 0.0 inf
68.5 0.0 inf
69.5 0.0 inf
70.5 0.0 inf
71.5 0.0 inf
72.5 0.0 inf
73.5 0.0 inf
74.5 0.0 inf
75.5 0.0 inf
76.5 0.0 inf
77.5 0.0 inf
78.5 0.0 inf
79.5 0.0 inf
80.5 0.0 inf
81.5 0.0 inf
82.5 0.0 inf
83.5 0.0 inf
84.5 0.0 inf
85.5 0.0 inf
86.5 0.0 inf
87.5 0.0 inf
88.5 0.0 inf
89.5 0.0 inf
90.5 0.0 inf
91.5 0.0 inf
92.5 0.0 inf
93.5 0.0 inf
94.5 0.0 inf
95.5 0.0 inf
96.5 0.0 inf
97.5 0.0 inf
