0.5 38.4674 0.0016123286948937473
1.5 20.303 0.0022193198250010106
2.5 20.581400000000002 0.002204258597379841
3.5 18.8241 0.0023048511816872214
4.5 16.6278 0.0024523508528784153
5.5 14.9219 0.0025887370381876733
6.5 13.1372 0.002758980266282126
7.5 11.6245 0.002933005376489751
8.5 10.4563 0.003092509073174
9.5 9.0587 0.0033225158498193298
10.5 8.1677 0.003499049699670467
11.5 7.1494 0.003739944884090378
12.5 6.3482 0.003968941517676742
13.5 5.6178 0.004219071283798714
14.5 4.9452 0.004496846567811339
15.5 4.2484 0.004851625833911317
16.5 3.7568 0.005159302146331225
17.5 3.2672 0.005532381747157201
18.5 2.7953 0.005981165061400517
19.5 2.4219999999999997 0.006425588811712817
20.5 2.0675 0.006954681424207209
21.5 1.746 0.007567943486441664
22.5 1.4752 0.008233311524234803
23.5 1.2541 0.008929639290487887
24.5 1.0249 0.009877777821069274
25.5 0.8548 0.010816026515045596
26.5 0.708 0.011884567213538208
27.5 0.5865 0.013057679112392698
28.5 0.4994 0.014150628549503205
29.5 0.4062 0.015690256395005604
30.5 0.3165 0.017775144618053972
31.5 0.2534 0.019865371663225287
32.5 0.2097 0.021837392736013945
33.5 0.1618 0.02486055050818142
34.5 0.1301 0.027724348650071385
35.5 0.1054 0.030802055181684874
36.5 0.076 0.03627381250550058
37.5 0.0676 0.038461538461538464
38.5 0.049600000000000005 0.04490132550669372
39.5 0.03609999999999999 0.05263157894736842
40.5 0.0294 0.05832118435198043
41.5 0.0228 0.06622661785325219
42.5 0.0173 0.07602859212697055
43.5 0.0138 0.08512565307587486
44.5 0.009 0.10540925533894598
45.5 0.0066 0.12309149097933272
46.5 0.0048 0.14433756729740646
47.5 0.0052 0.1386750490563073
48.5 0.0038 0.16222142113076254
49.5 0.0021999999999999997 0.21320071635561047
50.5 0.0012000000000000001 0.28867513459481287
51.5 0.0007 0.3779644730092272
52.5 0.0006000000000000001 0.40824829046386296
53.5 0.0002 0.7071067811865475
54.5 0.00039999999999999996 0.5000000000000001
55.5 0.00030000000000000003 0.5773502691896257
56.5 0.0001 1.0
57.5 0.0001 1.0
58.5 0.0 inf
59.5 0.0001 1.0
60.5 0.0 inf
61.5 0.0 inf
62.5 0.0 inf
63.5 0.0 inf
64.5 0.0 inf
65.5 0.0001 1.0
66.5 0.0 inf
67.5 0.0 inf
68.5 0.0 inf
69.5 0.0 inf
70.5 0.0 inf
71.5 0.0 inf
72.5 0.0 inf
73.5 0.0 inf
74.5 0.0 inf
75.5 0.0 inf
76.5 0.0 inf
77.5 0.0 inf
78.5 0.0 inf
79.5 0.0 inf
80.5 0.0 inf
81.5 0.0 inf
82.5 0.0 inf
83.5 0.0 inf
84.5 0.0 inf
85.5 0.0 inf
86.5 0.0 inf
87.5 0.0 inf
88.5 0.0 inf
89.5 0.0 inf
90.5 0.0 inf
91.5 0.0 inf
92.5 0.0 inf
93.5 0.0 inf
94.5 0.0 inf
95.5 0.0 inf
96.5 0.0 inf
97.5 0.0 inf
