0.5 38.8236 0.0016049152290917108
1.5 20.4921 0.0022090562099283885
2.5 20.749200000000002 0.0021953275197683603
3.5 19.1111 0.002287479219954056
4.5 16.8351 0.002437205501500634
5.5 15.0402 0.002578535971182895
6.5 13.238 0.002748456144808672
7.5 11.8265 0.002907849210177429
8.5 10.538499999999999 0.003080424721275228
9.5 9.228 0.003291896764575998
10.5 8.273 0.0034767101688885135
11.5 7.223599999999999 0.003720687158286904
12.5 6.4917 0.003924829355808781
13.5 5.6589 0.0042037220258304255
14.5 4.9949 0.00447441849062488
15.5 4.3146 0.004814262097931793
16.5 3.8106 0.0051227518453778745
17.5 3.3257 0.005483507790100839
18.5 2.8116 0.005963802224704277
19.5 2.4160000000000004 0.006433562658187234
20.5 2.0804 0.006933085841992998
21.5 1.7705 0.0075153988579683435
22.5 1.4948000000000001 0.00817915532008452
23.5 1.2662 0.00888687037226413
24.5 1.0398 0.00980674975895561
25.5 0.873 0.010702688317798926
26.5 0.7241 0.011751700814531037
27.5 0.5834 0.013092325302659108
28.5 0.4972 0.01418190069493499
29.5 0.4046 0.015721249524260256
30.5 0.3257 0.01752230036644799
31.5 0.26339999999999997 0.019484627821346
32.5 0.20800000000000002 0.021926450482675733
33.5 0.1659 0.024551430807011814
34.5 0.1298 0.027756369082668444
35.5 0.1059 0.030729254193150105
36.5 0.079 0.035578403348241
37.5 0.06520000000000001 0.03916302249939786
38.5 0.0455 0.04688072309384954
39.5 0.0377 0.051502620262460476
40.5 0.0292 0.058520573598065284
41.5 0.0208 0.06933752452815364
42.5 0.017 0.07669649888473704
43.5 0.0119 0.09166984970282112
44.5 0.011 0.09534625892455924
45.5 0.008199999999999999 0.11043152607484656
46.5 0.0058 0.13130643285972257
47.5 0.0039 0.16012815380508713
48.5 0.0037 0.1643989873053573
49.5 0.0024999999999999996 0.2
50.5 0.0018999999999999998 0.2294157338705618
51.5 0.0015 0.2581988897471611
52.5 0.0006 0.4082482904638631
53.5 0.0002 0.7071067811865475
54.5 0.0004 0.5
55.5 0.0003 0.5773502691896258
56.5 0.00030000000000000003 0.5773502691896257
57.5 0.0001 1.0
58.5 0.00030000000000000003 0.5773502691896257
59.5 0.0 inf
60.5 0.0002 0.7071067811865475
61.5 0.0 inf
62.5 0.0 inf
63.5 0.0 inf
64.5 0.0 inf
65.5 0.0 inf
66.5 0.0001 1.0
67.5 0.0 inf
68.5 0.0 inf
69.5 0.0 inf
70.5 0.0 inf
71.5 0.0 inf
72.5 0.0 inf
73.5 0.0 inf
74.5 0.0 inf
75.5 0.0 inf
76.5 0.0 inf
77.5 0.0 inf
78.5 0.0 inf
79.5 0.0 inf
80.5 0.0 inf
81.5 0.0 inf
82.5 0.0 inf
83.5 0.0 inf
84.5 0.0 inf
85.5 0.0 inf
86.5 0.0 inf
87.5 0.0 inf
88.5 0.0 inf
89.5 0.0 inf
90.5 0.0 inf
91.5 0.0 inf
92.5 0.0 inf
93.5 0.0 inf
94.5 0.0 inf
95.5 0.0 inf
96.5 0.0 inf
97.5 0.0 inf
