0.5 38.7286 0.0016068824259713322
1.5 20.5004 0.0022086089741974128
2.5 20.6422 0.002201009967051891
3.5 19.1027 0.0022879820994838014
4.5 16.7157 0.0024458944743892138
5.5 15.024899999999999 0.0025798485110994206
6.5 13.230599999999999 0.0027492246561527187
7.5 11.718 0.002921280455831216
8.5 10.5644 0.0030766463732424866
9.5 9.1514 0.0033056451433238314
10.5 8.215499999999999 0.003488855641545211
11.5 7.2372 0.0037171895943138504
12.5 6.4474 0.003938289998674326
13.5 5.652799999999999 0.004205989556103476
14.5 4.9533000000000005 0.00449316827653339
15.5 4.3525 0.004793255840327413
16.5 3.8259 0.005112498490614926
17.5 3.2790999999999997 0.005522333993007154
18.5 2.8183 0.005956709074383445
19.5 2.4294000000000002 0.006415795113366089
20.5 2.0858 0.006924105372502064
21.5 1.763 0.007531367568213134
22.5 1.4566 0.008285712256560513
23.5 1.2631000000000001 0.008897769119571573
24.5 1.0729000000000002 0.009654290825583871
25.5 0.8520000000000001 0.010833784750435987
26.5 0.7222 0.01176714914274736
27.5 0.5839 0.013086718550955518
28.5 0.49560000000000004 0.014204774743178402
29.5 0.40659999999999996 0.01568253671119514
30.5 0.3191 0.01770258131306625
31.5 0.2662 0.019381883305055494
32.5 0.19469999999999998 0.02266298045496683
33.5 0.1624 0.024814583349273254
34.5 0.12940000000000002 0.027799236087488324
35.5 0.10619999999999999 0.030685820596610777
36.5 0.08099999999999999 0.03513641844631533
37.5 0.064 0.03952847075210474
38.5 0.0476 0.04583492485141056
39.5 0.039099999999999996 0.05057217374241737
40.5 0.0282 0.05954913341754137
41.5 0.0216 0.06804138174397717
42.5 0.0162 0.07856742013183861
43.5 0.013399999999999999 0.08638684255813601
44.5 0.009 0.10540925533894598
45.5 0.0082 0.11043152607484653
46.5 0.0053 0.13736056394868904
47.5 0.0040999999999999995 0.15617376188860607
48.5 0.0027 0.19245008972987526
49.5 0.003 0.18257418583505536
50.5 0.0018999999999999998 0.2294157338705618
51.5 0.0015 0.2581988897471611
52.5 0.0013 0.2773500981126146
53.5 0.0004 0.5
54.5 0.00039999999999999996 0.5000000000000001
55.5 0.00030000000000000003 0.5773502691896257
56.5 0.0002 0.7071067811865475
57.5 0.0001 1.0
58.5 0.0002 0.7071067811865475
59.5 0.00030000000000000003 0.5773502691896257
60.5 0.00030000000000000003 0.5773502691896257
61.5 0.0 inf
62.5 0.0 inf
63.5 0.0 inf
64.5 0.0 inf
65.5 0.0 inf
66.5 0.0 inf
67.5 0.0 inf
68.5 0.0 inf
69.5 0.0 inf
70.5 0.0 inf
71.5 0.0 inf
72.5 0.0 inf
73.5 0.0 inf
74.5 0.0 inf
75.5 0.0 inf
76.5 0.0 inf
77.5 0.0 inf
78.5 0.0 inf
79.5 0.0 inf
80.5 0.0 inf
81.5 0.0 inf
82.5 0.0 inf
83.5 0.0 inf
84.5 0.0 inf
85.5 0.0 inf
86.5 0.0 inf
87.5 0.0 inf
88.5 0.0 inf
89.5 0.0 inf
90.5 0.0 inf
91.5 0.0 inf
92.5 0.0 inf
93.5 0.0 inf
94.5 0.0 inf
95.5 0.0 inf
96.5 0.0 inf
97.5 0.0 inf
