0.5 1035271.0 0.0009828177143812898
1.5 160064.0 0.0024995001499500177
2.5 93619.0 0.0032682705536409853
3.5 51987.0 0.004385838360598867
4.5 30461.0 0.005729647732319115
5.5 19667.0 0.007130679898888312
6.5 12820.0 0.008831937506844406
7.5 8739.0 0.010697175730094667
8.5 6347.0 0.012552081511674501
9.5 4518.0 0.01487739475591506
10.5 3392.0 0.01717007049358613
11.5 2502.0 0.019992004796802236
12.5 2004.0 0.022338352580438516
13.5 1422.0 0.026518576139190998
14.5 1084.0 0.03037283696153935
15.5 886.0 0.03359565703416979
16.5 678.0 0.03840476863212843
17.5 527.0 0.04356068418690321
18.5 413.0 0.04920678313051229
19.5 297.0 0.058025885318565944
20.5 244.0 0.06401843996644799
21.5 161.0 0.07881104062391006
22.5 131.0 0.0873704056661038
23.5 119.0 0.09166984970282113
24.5 87.0 0.10721125348377948
25.5 57.0 0.13245323570650439
26.5 33.0 0.17407765595569785
27.5 35.0 0.1690308509457033
28.5 28.0 0.1889822365046136
29.5 19.0 0.22941573387056174
30.5 14.0 0.2672612419124244
31.5 14.0 0.2672612419124244
32.5 9.0 0.3333333333333333
33.5 0.0 inf
34.5 3.0 0.5773502691896258
35.5 2.0 0.7071067811865475
36.5 1.0 1.0
37.5 2.0 0.7071067811865475
38.5 3.0 0.5773502691896258
39.5 1.0 1.0
40.5 0.0 inf
41.5 0.0 inf
42.5 0.0 inf
43.5 0.0 inf
44.5 0.0 inf
45.5 0.0 inf
46.5 0.0 inf
47.5 0.0 inf
48.5 0.0 inf
49.5 0.0 inf
50.5 0.0 inf
51.5 0.0 inf
52.5 0.0 inf
53.5 0.0 inf
54.5 0.0 inf
55.5 0.0 inf
56.5 0.0 inf
57.5 0.0 inf
58.5 0.0 inf
59.5 0.0 inf
60.5 0.0 inf
61.5 0.0 inf
62.5 0.0 inf
63.5 0.0 inf
64.5 0.0 inf
65.5 0.0 inf
66.5 0.0 inf
67.5 0.0 inf
68.5 0.0 inf
69.5 0.0 inf
70.5 0.0 inf
71.5 0.0 inf
72.5 0.0 inf
73.5 0.0 inf
74.5 0.0 inf
75.5 0.0 inf
76.5 0.0 inf
77.5 0.0 inf
78.5 0.0 inf
79.5 0.0 inf
80.5 0.0 inf
81.5 0.0 inf
82.5 0.0 inf
83.5 0.0 inf
84.5 0.0 inf
85.5 0.0 inf
86.5 0.0 inf
87.5 0.0 inf
88.5 0.0 inf
89.5 0.0 inf
90.5 0.0 inf
91.5 0.0 inf
92.5 0.0 inf
93.5 0.0 inf
94.5 0.0 inf
95.5 0.0 inf
96.5 0.0 inf
97.5 0.0 inf
