0.5 208922.0 0.002187801484434225
1.5 59973.0 0.00408340177342202
2.5 42540.0 0.0048484314225376345
3.5 27440.0 0.00603681610520369
4.5 17953.0 0.007463310059742068
5.5 12239.0 0.009039138329166215
6.5 8657.0 0.010747718702951688
7.5 6222.0 0.01267754020759564
8.5 4616.0 0.014718620235236592
9.5 3307.0 0.01738933213465966
10.5 2591.0 0.01964564506773356
11.5 1990.0 0.022416791983111015
12.5 1529.0 0.02557385846437822
13.5 1164.0 0.02931051908802746
14.5 959.0 0.03229168418603133
15.5 680.0 0.03834824944236852
16.5 555.0 0.04244763599780089
17.5 452.0 0.047036043419179864
18.5 328.0 0.05521576303742327
19.5 256.0 0.0625
20.5 204.0 0.07001400420140048
21.5 168.0 0.07715167498104596
22.5 126.0 0.0890870806374748
23.5 98.0 0.10101525445522107
24.5 67.0 0.12216944435630522
25.5 56.0 0.1336306209562122
26.5 46.0 0.14744195615489714
27.5 35.0 0.1690308509457033
28.5 18.0 0.23570226039551587
29.5 13.0 0.2773500981126146
30.5 11.0 0.30151134457776363
31.5 9.0 0.3333333333333333
32.5 2.0 0.7071067811865475
33.5 3.0 0.5773502691896258
34.5 3.0 0.5773502691896258
35.5 2.0 0.7071067811865475
36.5 1.0 1.0
37.5 1.0 1.0
38.5 2.0 0.7071067811865475
39.5 1.0 1.0
40.5 0.0 inf
41.5 2.0 0.7071067811865475
42.5 0.0 inf
43.5 0.0 inf
44.5 0.0 inf
45.5 1.0 1.0
46.5 0.0 inf
47.5 0.0 inf
48.5 0.0 inf
49.5 0.0 inf
50.5 0.0 inf
51.5 0.0 inf
52.5 0.0 inf
53.5 0.0 inf
54.5 0.0 inf
55.5 0.0 inf
56.5 0.0 inf
57.5 0.0 inf
58.5 0.0 inf
59.5 0.0 inf
60.5 0.0 inf
61.5 0.0 inf
62.5 0.0 inf
63.5 0.0 inf
64.5 0.0 inf
65.5 0.0 inf
66.5 0.0 inf
67.5 0.0 inf
68.5 0.0 inf
69.5 0.0 inf
70.5 0.0 inf
71.5 0.0 inf
72.5 0.0 inf
73.5 0.0 inf
74.5 0.0 inf
75.5 0.0 inf
76.5 0.0 inf
77.5 0.0 inf
78.5 0.0 inf
79.5 0.0 inf
80.5 0.0 inf
81.5 0.0 inf
82.5 0.0 inf
83.5 0.0 inf
84.5 0.0 inf
85.5 0.0 inf
86.5 0.0 inf
87.5 0.0 inf
88.5 0.0 inf
89.5 0.0 inf
90.5 0.0 inf
91.5 0.0 inf
92.5 0.0 inf
93.5 0.0 inf
94.5 0.0 inf
95.5 0.0 inf
96.5 0.0 inf
97.5 0.0 inf
