0.5 47.0449 0.0014579536756896085
1.5 25.269599999999997 0.001989302444491119
2.5 25.66 0.0019741114796436384
3.5 23.697899999999997 0.0020542110864124516
4.5 20.8459 0.0021902297563105816
5.5 18.7857 0.002307205661489478
6.5 16.4552 0.0024651787612772146
7.5 14.636 0.0026138989818661564
8.5 13.124500000000001 0.002760314815295217
9.5 11.4811 0.002951265290519718
10.5 10.3083 0.0031146300931838744
11.5 9.030000000000001 0.003327791628198609
12.5 8.020900000000001 0.003530924644076942
13.5 7.0606 0.0037633897334616714
14.5 6.2092 0.00401312027191065
15.5 5.3751 0.0043132708048748076
16.5 4.7817 0.0045730804050798475
17.5 4.1361 0.004917048418588725
18.5 3.5626 0.005298055070114333
19.5 2.996 0.005777355546974314
20.5 2.6014999999999997 0.006199948540640669
21.5 2.2222999999999997 0.006708086542012041
22.5 1.8925 0.00726912364184814
23.5 1.5602 0.008005894508336048
24.5 1.3177 0.008711475649899146
25.5 1.0840999999999998 0.00960429138778732
26.5 0.9107 0.01047881882704831
27.5 0.7199 0.01178593151566314
28.5 0.6131 0.012771277511566434
29.5 0.5011 0.014126604895553455
30.5 0.4027 0.015758293507032634
31.5 0.3264 0.01750350105035012
32.5 0.2546 0.01981850088223545
33.5 0.2101 0.021816595214404266
34.5 0.15660000000000002 0.025269934785963448
35.5 0.1266 0.028104971365967134
36.5 0.1061 0.03070027799227584
37.5 0.08510000000000001 0.03427955850955305
38.5 0.061399999999999996 0.04035671561356309
39.5 0.0524 0.0436852028330519
40.5 0.036000000000000004 0.05270462766947299
41.5 0.0291 0.05862103817605492
42.5 0.0231 0.0657951694959769
43.5 0.0154 0.08058229640253803
44.5 0.0129 0.08804509063256238
45.5 0.007899999999999999 0.1125087900926024
46.5 0.0068000000000000005 0.12126781251816648
47.5 0.0040999999999999995 0.15617376188860607
48.5 0.0031000000000000003 0.17960530202677488
49.5 0.0037 0.1643989873053573
50.5 0.0017000000000000001 0.24253562503633297
51.5 0.0021999999999999997 0.21320071635561047
52.5 0.0009 0.3333333333333333
53.5 0.0012000000000000001 0.28867513459481287
54.5 0.0007999999999999999 0.3535533905932738
55.5 0.0002 0.7071067811865475
56.5 0.00030000000000000003 0.5773502691896257
57.5 0.0001 1.0
58.5 0.0001 1.0
59.5 0.0 inf
60.5 0.0 inf
61.5 0.0 inf
62.5 0.0 inf
63.5 0.0 inf
64.5 0.0 inf
65.5 0.0001 1.0
66.5 0.0 inf
67.5 0.0 inf
68.5 0.0 inf
69.5 0.0 inf
70.5 0.0 inf
71.5 0.0 inf
72.5 0.0 inf
73.5 0.0 inf
74.5 0.0 inf
75.5 0.0 inf
76.5 0.0 inf
77.5 0.0 inf
78.5 0.0 inf
79.5 0.0 inf
80.5 0.0 inf
81.5 0.0 inf
82.5 0.0 inf
83.5 0.0 inf
84.5 0.0 inf
85.5 0.0 inf
86.5 0.0 inf
87.5 0.0 inf
88.5 0.0 inf
89.5 0.0 inf
90.5 0.0 inf
91.5 0.0 inf
92.5 0.0 inf
93.5 0.0 inf
94.5 0.0 inf
95.5 0.0 inf
96.5 0.0 inf
97.5 0.0 inf
