0.5 36567.0 0.005229441801783013
1.5 15076.0 0.00814435950022331
2.5 12681.0 0.008880210257451365
3.5 9582.0 0.01021578905741204
4.5 6959.0 0.011987443735004533
5.5 5385.0 0.013627216199782603
6.5 3943.0 0.015925262933238246
7.5 3104.0 0.017948953965443454
8.5 2440.0 0.0202444082544729
9.5 1830.0 0.02337622911060922
10.5 1434.0 0.026407386650992314
11.5 1103.0 0.03011010318298389
12.5 956.0 0.03234231136765754
13.5 712.0 0.03747658444979307
14.5 593.0 0.04106507811765909
15.5 463.0 0.04647394123401731
16.5 393.0 0.050443327230531826
17.5 289.0 0.058823529411764705
18.5 233.0 0.06551217820804184
19.5 199.0 0.07088812050083358
20.5 144.0 0.08333333333333333
21.5 115.0 0.09325048082403138
22.5 94.0 0.10314212462587934
23.5 68.0 0.12126781251816648
24.5 51.0 0.14002800840280097
25.5 31.0 0.1796053020267749
26.5 37.0 0.1643989873053573
27.5 21.0 0.2182178902359924
28.5 19.0 0.22941573387056174
29.5 13.0 0.2773500981126146
30.5 6.0 0.4082482904638631
31.5 3.0 0.5773502691896258
32.5 12.0 0.2886751345948129
33.5 3.0 0.5773502691896258
34.5 2.0 0.7071067811865475
35.5 2.0 0.7071067811865475
36.5 0.0 inf
37.5 0.0 inf
38.5 0.0 inf
39.5 0.0 inf
40.5 1.0 1.0
41.5 0.0 inf
42.5 0.0 inf
43.5 0.0 inf
44.5 0.0 inf
45.5 0.0 inf
46.5 0.0 inf
47.5 0.0 inf
48.5 0.0 inf
49.5 0.0 inf
50.5 0.0 inf
51.5 0.0 inf
52.5 0.0 inf
53.5 0.0 inf
54.5 0.0 inf
55.5 0.0 inf
56.5 0.0 inf
57.5 0.0 inf
58.5 0.0 inf
59.5 0.0 inf
60.5 0.0 inf
61.5 0.0 inf
62.5 0.0 inf
63.5 0.0 inf
64.5 0.0 inf
65.5 0.0 inf
66.5 0.0 inf
67.5 0.0 inf
68.5 0.0 inf
69.5 0.0 inf
70.5 0.0 inf
71.5 0.0 inf
72.5 0.0 inf
73.5 0.0 inf
74.5 0.0 inf
75.5 0.0 inf
76.5 0.0 inf
77.5 0.0 inf
78.5 0.0 inf
79.5 0.0 inf
80.5 0.0 inf
81.5 0.0 inf
82.5 0.0 inf
83.5 0.0 inf
84.5 0.0 inf
85.5 0.0 inf
86.5 0.0 inf
87.5 0.0 inf
88.5 0.0 inf
89.5 0.0 inf
90.5 0.0 inf
91.5 0.0 inf
92.5 0.0 inf
93.5 0.0 inf
94.5 0.0 inf
95.5 0.0 inf
96.5 0.0 inf
97.5 0.0 inf
