0.5 38.6397 0.0016087298753009807
1.5 20.3854 0.0022148299173935116
2.5 20.653100000000002 0.0022004290814975442
3.5 18.9835 0.002295154135247439
4.5 16.7125 0.002446128625105589
5.5 15.027999999999999 0.0025795824097265565
6.5 13.1782 0.002754685054821306
7.5 11.7458 0.002917821359533212
8.5 10.5067 0.003085082867865631
9.5 9.0969 0.003315532502320701
10.5 8.2082 0.0034904067115749285
11.5 7.2276 0.0037196574382997614
12.5 6.3957 0.003954175654291602
13.5 5.5724 0.004236223432991954
14.5 4.9595 0.004490358884946335
15.5 4.3091 0.004817333504706229
16.5 3.7948 0.00513340529277233
17.5 3.2858 0.005516700887174889
18.5 2.8052 0.005970601488391369
19.5 2.4135 0.006436893866745868
20.5 2.0759 0.0069405963186210985
21.5 1.787 0.007480622234113493
22.5 1.4759 0.008231358816871296
23.5 1.2505 0.00894248359209465
24.5 1.0671 0.009680492215204194
25.5 0.8569 0.010802764997472515
26.5 0.7162999999999999 0.011815511423769234
27.5 0.5829 0.013097939266856333
28.5 0.4855 0.014351767259851572
29.5 0.4007 0.01579757146802941
30.5 0.3125 0.01788854381999832
31.5 0.2564 0.019748812638334105
32.5 0.2032 0.022183912735402846
33.5 0.16720000000000002 0.02445579940222592
34.5 0.1255 0.028227871846881837
35.5 0.1051 0.030845984923781787
36.5 0.082 0.03492151478847891
37.5 0.0604 0.04068942293855797
38.5 0.0532 0.043355498476206
39.5 0.042499999999999996 0.0485071250072666
40.5 0.032 0.05590169943749474
41.5 0.023 0.0659380473395787
42.5 0.0175 0.07559289460184544
43.5 0.013600000000000001 0.08574929257125441
44.5 0.0085 0.10846522890932808
45.5 0.0074 0.11624763874381928
46.5 0.004699999999999999 0.14586499149789456
47.5 0.0026 0.19611613513818404
48.5 0.0034999999999999996 0.16903085094570333
49.5 0.0018 0.23570226039551587
50.5 0.0014 0.2672612419124244
51.5 0.0014 0.2672612419124244
52.5 0.0009 0.3333333333333333
53.5 0.0005 0.4472135954999579
54.5 0.0002 0.7071067811865475
55.5 0.00039999999999999996 0.5000000000000001
56.5 0.00030000000000000003 0.5773502691896257
57.5 0.0 inf
58.5 0.0001 1.0
59.5 0.0001 1.0
60.5 0.0 inf
61.5 0.0001 1.0
62.5 0.0 inf
63.5 0.0001 1.0
64.5 0.0 inf
65.5 0.0 inf
66.5 0.0 inf
67.5 0.0 inf
68.5 0.0 inf
69.5 0.0 inf
70.5 0.0 inf
71.5 0.0 inf
72.5 0.0 inf
73.5 0.0 inf
74.5 0.0 inf
75.5 0.0 inf
76.5 0.0 inf
77.5 0.0 inf
78.5 0.0 inf
79.5 0.0 inf
80.5 0.0 inf
81.5 0.0 inf
82.5 0.0 inf
83.5 0.0 inf
84.5 0.0 inf
85.5 0.0 inf
86.5 0.0 inf
87.5 0.0 inf
88.5 0.0 inf
89.5 0.0 inf
90.5 0.0 inf
91.5 0.0 inf
92.5 0.0 inf
93.5 0.0 inf
94.5 0.0 inf
95.5 0.0 inf
96.5 0.0 inf
97.5 0.0 inf
