0.5 38.5329 0.001610957756723549
1.5 20.2835 0.002220386365300211
2.5 20.587699999999998 0.002203921311240639
3.5 18.9099 0.002299616329523336
4.5 16.6782 0.0024486426589433443
5.5 14.955 0.002585870616873221
6.5 13.1313 0.0027596000128237512
7.5 11.613299999999999 0.0029344193477074954
8.5 10.4243 0.003097252051639506
9.5 9.1216 0.003311040463254283
10.5 8.145299999999999 0.0035038576810126477
11.5 7.2031 0.0037259779285718883
12.5 6.3975 0.003953619341912228
13.5 5.6051 0.004223848351833686
14.5 4.9137 0.004511237390767247
15.5 4.2882 0.004829058691379031
16.5 3.7697000000000003 0.005150466956063939
17.5 3.291 0.005512340786087425
18.5 2.8026 0.0059733703396718935
19.5 2.3948 0.006461976514273365
20.5 2.057 0.00697240898952155
21.5 1.7422 0.007576192401849239
22.5 1.4803000000000002 0.008219116388924433
23.5 1.2504 0.008942841169862036
24.5 1.036 0.00982471864864824
25.5 0.8674999999999999 0.010736562541900379
26.5 0.7039 0.011919128924676385
27.5 0.5822 0.013105810963198412
28.5 0.5069 0.01404555337252126
29.5 0.4006 0.01579954308382093
30.5 0.315 0.017817416127494958
31.5 0.25680000000000003 0.019733425949096457
32.5 0.20500000000000002 0.022086305214969307
33.5 0.16720000000000002 0.02445579940222592
34.5 0.13419999999999999 0.027297554521630706
35.5 0.1017 0.03135736227945324
36.5 0.07680000000000001 0.03608439182435161
37.5 0.06570000000000001 0.039013715732043514
38.5 0.052500000000000005 0.04364357804719848
39.5 0.032 0.05590169943749474
40.5 0.0286 0.05913123959890826
41.5 0.024300000000000002 0.06415002990995841
42.5 0.0172 0.07624928516630233
43.5 0.0115 0.09325048082403138
44.5 0.0076 0.11470786693528087
45.5 0.0077 0.11396057645963795
46.5 0.0071 0.11867816581938533
47.5 0.006 0.12909944487358055
48.5 0.0031 0.1796053020267749
49.5 0.0015999999999999999 0.25000000000000006
50.5 0.0015999999999999999 0.25000000000000006
51.5 0.0007999999999999999 0.3535533905932738
52.5 0.0007 0.3779644730092272
53.5 0.0005 0.4472135954999579
54.5 0.0006 0.4082482904638631
55.5 0.00039999999999999996 0.5000000000000001
56.5 0.0005 0.4472135954999579
57.5 0.00030000000000000003 0.5773502691896257
58.5 0.0001 1.0
59.5 0.0002 0.7071067811865475
60.5 0.0 inf
61.5 0.0 inf
62.5 0.0001 1.0
63.5 0.0002 0.7071067811865475
64.5 0.0 inf
65.5 0.0 inf
66.5 0.0 inf
67.5 0.0 inf
68.5 0.0 inf
69.5 0.0 inf
70.5 0.0 inf
71.5 0.0 inf
72.5 0.0 inf
73.5 0.0 inf
74.5 0.0 inf
75.5 0.0 inf
76.5 0.0 inf
77.5 0.0 inf
78.5 0.0 inf
79.5 0.0 inf
80.5 0.0 inf
81.5 0.0 inf
82.5 0.0 inf
83.5 0.0 inf
84.5 0.0 inf
85.5 0.0 inf
86.5 0.0 inf
87.5 0.0 inf
88.5 0.0 inf
89.5 0.0 inf
90.5 0.0 inf
91.5 0.0 inf
92.5 0.0 inf
93.5 0.0 inf
94.5 0.0 inf
95.5 0.0 inf
96.5 0.0 inf
97.5 0.0 inf
