0.5 46471.0 0.004638835701864238
1.5 18308.0 0.007390597454919312
2.5 15091.0 0.008140310869755448
3.5 11364.0 0.009380681429944688
4.5 8209.0 0.01103709732488557
5.5 6133.0 0.012769194955089226
6.5 4551.0 0.014823357482331736
7.5 3477.0 0.01695889903687727
8.5 2581.0 0.019683666479473904
9.5 2055.0 0.02205941986694528
10.5 1650.0 0.024618298195866545
11.5 1300.0 0.027735009811261455
12.5 993.0 0.03173404079876884
13.5 778.0 0.03585173696910374
14.5 653.0 0.03913302400974161
15.5 485.0 0.045407660918649985
16.5 422.0 0.04867923835112355
17.5 326.0 0.05538487756217113
18.5 252.0 0.0629940788348712
19.5 179.0 0.07474350927519359
20.5 163.0 0.07832604499879574
21.5 122.0 0.09053574604251853
22.5 87.0 0.10721125348377948
23.5 77.0 0.11396057645963795
24.5 45.0 0.14907119849998599
25.5 38.0 0.16222142113076254
26.5 29.0 0.18569533817705186
27.5 38.0 0.16222142113076254
28.5 14.0 0.2672612419124244
29.5 14.0 0.2672612419124244
30.5 6.0 0.4082482904638631
31.5 9.0 0.3333333333333333
32.5 5.0 0.4472135954999579
33.5 5.0 0.4472135954999579
34.5 5.0 0.4472135954999579
35.5 1.0 1.0
36.5 1.0 1.0
37.5 2.0 0.7071067811865475
38.5 2.0 0.7071067811865475
39.5 0.0 inf
40.5 0.0 inf
41.5 0.0 inf
42.5 0.0 inf
43.5 0.0 inf
44.5 0.0 inf
45.5 0.0 inf
46.5 0.0 inf
47.5 0.0 inf
48.5 0.0 inf
49.5 0.0 inf
50.5 0.0 inf
51.5 0.0 inf
52.5 0.0 inf
53.5 0.0 inf
54.5 0.0 inf
55.5 0.0 inf
56.5 0.0 inf
57.5 0.0 inf
58.5 0.0 inf
59.5 0.0 inf
60.5 0.0 inf
61.5 0.0 inf
62.5 0.0 inf
63.5 0.0 inf
64.5 0.0 inf
65.5 0.0 inf
66.5 0.0 inf
67.5 0.0 inf
68.5 0.0 inf
69.5 0.0 inf
70.5 0.0 inf
71.5 0.0 inf
72.5 0.0 inf
73.5 0.0 inf
74.5 0.0 inf
75.5 0.0 inf
76.5 0.0 inf
77.5 0.0 inf
78.5 0.0 inf
79.5 0.0 inf
80.5 0.0 inf
81.5 0.0 inf
82.5 0.0 inf
83.5 0.0 inf
84.5 0.0 inf
85.5 0.0 inf
86.5 0.0 inf
87.5 0.0 inf
88.5 0.0 inf
89.5 0.0 inf
90.5 0.0 inf
91.5 0.0 inf
92.5 0.0 inf
93.5 0.0 inf
94.5 0.0 inf
95.5 0.0 inf
96.5 0.0 inf
97.5 0.0 inf
