0.5 40.9521 0.0015626507023419366
1.5 21.7622 0.0021436239536769385
2.5 22.0296 0.0021305743498687964
3.5 20.240099999999998 0.002222765631356901
4.5 17.8209 0.0023688370300340243
5.5 16.0619 0.0024951780491896504
6.5 13.9595 0.0026764865696398813
7.5 12.5048 0.002827884223088914
8.5 11.1974 0.002988418413463589
9.5 9.6905 0.003212379953345511
10.5 8.7561 0.0033794392481804082
11.5 7.5998 0.0036274289801927584
12.5 6.7614 0.0038457556376360093
13.5 5.9984 0.004083027344582991
14.5 5.249700000000001 0.004364482506001491
15.5 4.551 0.004687557221506744
16.5 4.045 0.004972110101636283
17.5 3.4726999999999997 0.005366193964554139
18.5 2.9825999999999997 0.00579031903626001
19.5 2.5504 0.006261751812320305
20.5 2.2111 0.006725054492076372
21.5 1.8576 0.007337090886046865
22.5 1.5856 0.007941511724872449
23.5 1.3046 0.008755104071884021
24.5 1.0936 0.009562484610388715
25.5 0.9080999999999999 0.01049380916700931
26.5 0.741 0.011616917255955381
27.5 0.6029 0.01287885809773041
28.5 0.5102 0.014000056000336
29.5 0.42769999999999997 0.01529080587958144
30.5 0.34750000000000003 0.01696377859359942
31.5 0.27949999999999997 0.01891511969643836
32.5 0.2175 0.021442250696755896
33.5 0.1652 0.024603391565256146
34.5 0.1404 0.02668802563418119
35.5 0.1126 0.02980099775410749
36.5 0.0843 0.034441829515914534
37.5 0.0655 0.03907323325822818
38.5 0.0543 0.04291410754228745
39.5 0.0378 0.05143444998736397
40.5 0.030699999999999998 0.05707301455353496
41.5 0.0233 0.06551217820804184
42.5 0.018500000000000003 0.07352146220938077
43.5 0.0136 0.08574929257125441
44.5 0.007600000000000001 0.11470786693528087
45.5 0.007600000000000001 0.11470786693528087
46.5 0.0048000000000000004 0.14433756729740643
47.5 0.0037 0.1643989873053573
48.5 0.0034000000000000002 0.17149858514250882
49.5 0.0026 0.19611613513818404
50.5 0.0010999999999999998 0.3015113445777637
51.5 0.0016 0.25
52.5 0.0013 0.2773500981126146
53.5 0.0007 0.3779644730092272
54.5 0.0004 0.5
55.5 0.00030000000000000003 0.5773502691896257
56.5 0.00030000000000000003 0.5773502691896257
57.5 0.0 inf
58.5 0.0001 1.0
59.5 0.0 inf
60.5 0.0 inf
61.5 0.0 inf
62.5 0.0 inf
63.5 0.0 inf
64.5 0.0 inf
65.5 0.0001 1.0
66.5 0.0 inf
67.5 0.0 inf
68.5 0.0 inf
69.5 0.0 inf
70.5 0.0 inf
71.5 0.0 inf
72.5 0.0 inf
73.5 0.0 inf
74.5 0.0 inf
75.5 0.0 inf
76.5 0.0 inf
77.5 0.0 inf
78.5 0.0 inf
79.5 0.0 inf
80.5 0.0 inf
81.5 0.0 inf
82.5 0.0 inf
83.5 0.0 inf
84.5 0.0 inf
85.5 0.0 inf
86.5 0.0 inf
87.5 0.0 inf
88.5 0.0 inf
89.5 0.0 inf
90.5 0.0 inf
91.5 0.0 inf
92.5 0.0 inf
93.5 0.0 inf
94.5 0.0 inf
95.5 0.0 inf
96.5 0.0 inf
97.5 0.0 inf
