0.5 75.8108 0.001148509151849521
1.5 38.6269 0.0016089963998834325
2.5 37.4541 0.0016339934720489878
3.5 32.876900000000006 0.0017440324836190857
4.5 27.8628 0.001894469515107743
5.5 24.1197 0.0020361700687269784
6.5 20.5104 0.0022080704965846336
7.5 17.700699999999998 0.002376866442988423
8.5 15.561 0.0025350191746406773
9.5 13.2563 0.002746558401177299
10.5 11.6127 0.002934495153888102
11.5 9.9631 0.0031681282589716814
12.5 8.7509 0.0033804431720211676
13.5 7.578099999999999 0.0036326188654455843
14.5 6.595000000000001 0.0038939699888995475
15.5 5.5915 0.004228981987715111
16.5 4.928 0.004504687313477794
17.5 4.2515 0.004849856719162049
18.5 3.5765000000000002 0.005287749651708335
19.5 3.0262000000000002 0.005748455669260683
20.5 2.5975 0.006204720485576977
21.5 2.1677 0.006792042756967454
22.5 1.8321 0.007387974922950623
23.5 1.5326 0.008077660376319443
24.5 1.2614 0.008903762902076543
25.5 1.0401 0.009805335357886892
26.5 0.8517 0.010835692610757274
27.5 0.6877 0.012058699917939763
28.5 0.5896 0.013023306526765581
29.5 0.4758 0.014497321867154718
30.5 0.3769 0.01628871900044662
31.5 0.2906 0.018550353712241643
32.5 0.2399 0.020416668438946992
33.5 0.1961 0.022581937608857242
34.5 0.1472 0.026064301757134346
35.5 0.11929999999999999 0.028952080535072162
36.5 0.0971 0.032091527190284
37.5 0.0742 0.036711154910717615
38.5 0.0542 0.04295367795875577
39.5 0.0447 0.047298376984040214
40.5 0.0382 0.05116445100966508
41.5 0.0262 0.06178020632152154
42.5 0.0224 0.0668153104781061
43.5 0.0143 0.08362420100070908
44.5 0.010700000000000001 0.09667364890456635
45.5 0.008400000000000001 0.10910894511799617
46.5 0.006 0.12909944487358055
47.5 0.0038 0.16222142113076254
48.5 0.004399999999999999 0.15075567228888184
49.5 0.0028 0.1889822365046136
50.5 0.0017000000000000001 0.24253562503633297
51.5 0.0014 0.2672612419124244
52.5 0.0006000000000000001 0.40824829046386296
53.5 0.00030000000000000003 0.5773502691896257
54.5 0.0005 0.4472135954999579
55.5 0.0004 0.5
56.5 0.0004 0.5
57.5 0.0001 1.0
58.5 0.0004 0.5
59.5 0.0 inf
60.5 0.0001 1.0
61.5 0.0001 1.0
62.5 0.0 inf
63.5 0.0 inf
64.5 0.0 inf
65.5 0.0 inf
66.5 0.0 inf
67.5 0.0 inf
68.5 0.0 inf
69.5 0.0 inf
70.5 0.0 inf
71.5 0.0 inf
72.5 0.0 inf
73.5 0.0 inf
74.5 0.0 inf
75.5 0.0 inf
76.5 0.0 inf
77.5 0.0 inf
78.5 0.0 inf
79.5 0.0 inf
80.5 0.0 inf
81.5 0.0 inf
82.5 0.0 inf
83.5 0.0 inf
84.5 0.0 inf
85.5 0.0 inf
86.5 0.0 inf
87.5 0.0 inf
88.5 0.0 inf
89.5 0.0 inf
90.5 0.0 inf
91.5 0.0 inf
92.5 0.0 inf
93.5 0.0 inf
94.5 0.0 inf
95.5 0.0 inf
96.5 0.0 inf
97.5 0.0 inf
