0.5 38.6021 0.0016095131684506312
1.5 20.381700000000002 0.0022150309432847114
2.5 20.6308 0.0022016179911800273
3.5 19.0201 0.0022929448121778726
4.5 16.691499999999998 0.0024476669096880474
5.5 14.9993 0.002582049145987925
6.5 13.110700000000001 0.002761767152926199
7.5 11.681000000000001 0.0029259034298687522
8.5 10.4811 0.0030888482147457897
9.5 9.144200000000001 0.003306946293878917
10.5 8.2039 0.0034913213243018028
11.5 7.2065 0.003725098873584937
12.5 6.4144000000000005 0.00394840761244119
13.5 5.5987 0.004226261850365695
14.5 4.9291 0.00450418464234824
15.5 4.2928 0.004826470680756567
16.5 3.7499000000000002 0.00516404664935758
17.5 3.2839 0.005518296583754123
18.5 2.7899000000000003 0.005986950694877126
19.5 2.4089 0.006443036834428208
20.5 2.0789 0.0069355866245016115
21.5 1.7915 0.007471221183117703
22.5 1.4938 0.008181892562997761
23.5 1.2536 0.0089314199121113
24.5 1.0554999999999999 0.009733541417042947
25.5 0.8595999999999999 0.010785785934387398
26.5 0.7289000000000001 0.011712942866506513
27.5 0.5767 0.013168157862086834
28.5 0.502 0.014113935923440919
29.5 0.3892 0.016029264090937537
30.5 0.30400000000000005 0.01813690625275029
31.5 0.2589 0.019653231723767556
32.5 0.2116 0.021739130434782608
33.5 0.1629 0.024776471541572212
34.5 0.1257 0.028205406366325913
35.5 0.10819999999999999 0.030400895015524083
36.5 0.07780000000000001 0.03585173696910373
37.5 0.061399999999999996 0.04035671561356309
38.5 0.0493 0.0450377349111045
39.5 0.0364 0.052414241836095915
40.5 0.031 0.05679618342470648
41.5 0.022199999999999998 0.06711560552140243
42.5 0.0186 0.07332355751067665
43.5 0.0137 0.0854357657716761
44.5 0.009 0.10540925533894598
45.5 0.0066 0.12309149097933272
46.5 0.0060999999999999995 0.12803687993289598
47.5 0.005 0.1414213562373095
48.5 0.002 0.22360679774997896
49.5 0.0027 0.19245008972987526
50.5 0.0012 0.2886751345948129
51.5 0.0013 0.2773500981126146
52.5 0.0006000000000000001 0.40824829046386296
53.5 0.0006000000000000001 0.40824829046386296
54.5 0.0006000000000000001 0.40824829046386296
55.5 0.00030000000000000003 0.5773502691896257
56.5 0.0001 1.0
57.5 0.0001 1.0
58.5 0.0002 0.7071067811865475
59.5 0.0 inf
60.5 0.0 inf
61.5 0.0 inf
62.5 0.0001 1.0
63.5 0.0001 1.0
64.5 0.0 inf
65.5 0.0 inf
66.5 0.0 inf
67.5 0.0 inf
68.5 0.0 inf
69.5 0.0 inf
70.5 0.0 inf
71.5 0.0 inf
72.5 0.0 inf
73.5 0.0 inf
74.5 0.0 inf
75.5 0.0 inf
76.5 0.0 inf
77.5 0.0 inf
78.5 0.0 inf
79.5 0.0 inf
80.5 0.0 inf
81.5 0.0 inf
82.5 0.0 inf
83.5 0.0 inf
84.5 0.0 inf
85.5 0.0 inf
86.5 0.0 inf
87.5 0.0 inf
88.5 0.0 inf
89.5 0.0 inf
90.5 0.0 inf
91.5 0.0 inf
92.5 0.0 inf
93.5 0.0 inf
94.5 0.0 inf
95.5 0.0 inf
96.5 0.0 inf
97.5 0.0 inf
