0.5 40.5497 0.001570385140762976
1.5 21.5745 0.002152928615770416
2.5 21.8067 0.0021414356358462794
3.5 20.0394 0.0022338686994423586
4.5 17.649 0.0023803452274601803
5.5 15.8492 0.002511865188236124
6.5 13.9216 0.0026801273112151487
7.5 12.3551 0.002844964604913107
8.5 11.0102 0.0030137165009802573
9.5 9.652899999999999 0.0032186303078393444
10.5 8.6234 0.003405341995493109
11.5 7.559 0.0036372054011347306
12.5 6.795 0.0038362355843229064
13.5 5.9549 0.0040979132796555885
14.5 5.1714 0.004397399619038688
15.5 4.5061 0.004710853377486234
16.5 4.0280000000000005 0.004982591342324568
17.5 3.4672 0.005370448459763443
18.5 2.9531 0.005819168371079106
19.5 2.5353 0.006280371321602461
20.5 2.1667 0.006793609946530517
21.5 1.8582 0.007335906242318139
22.5 1.5557 0.008017465026565942
23.5 1.3042 0.00875644657040788
24.5 1.1096 0.009493290614465532
25.5 0.8956 0.010566787105244287
26.5 0.7477 0.011564751618835129
27.5 0.6065 0.012840578712242399
28.5 0.5123 0.013971332295024319
29.5 0.4197 0.015435848784127248
30.5 0.3337 0.017310989648230364
31.5 0.2663 0.01937824385646364
32.5 0.2124 0.02169815183013731
33.5 0.1643 0.02467068557457242
34.5 0.1368 0.02703690352179376
35.5 0.1015 0.03138824102871722
36.5 0.07880000000000001 0.03562352499395482
37.5 0.0701 0.0377694787300249
38.5 0.0516 0.04402254531628119
39.5 0.0408 0.04950737714883371
40.5 0.030899999999999997 0.056888012398857435
41.5 0.0239 0.06468462273531508
42.5 0.016 0.07905694150420949
43.5 0.0146 0.0827605888602368
44.5 0.0118 0.09205746178983235
45.5 0.0058 0.13130643285972257
46.5 0.0055 0.13483997249264842
47.5 0.004999999999999999 0.14142135623730953
48.5 0.0039 0.16012815380508713
49.5 0.0023 0.20851441405707477
50.5 0.0021000000000000003 0.21821789023599233
51.5 0.0012000000000000001 0.28867513459481287
52.5 0.0012000000000000001 0.28867513459481287
53.5 0.0007 0.3779644730092272
54.5 0.001 0.31622776601683794
55.5 0.001 0.31622776601683794
56.5 0.00030000000000000003 0.5773502691896257
57.5 0.0004 0.5
58.5 0.0001 1.0
59.5 0.0001 1.0
60.5 0.0 inf
61.5 0.0001 1.0
62.5 0.0001 1.0
63.5 0.0001 1.0
64.5 0.0 inf
65.5 0.0 inf
66.5 0.0001 1.0
67.5 0.0 inf
68.5 0.0 inf
69.5 0.0 inf
70.5 0.0 inf
71.5 0.0 inf
72.5 0.0 inf
73.5 0.0 inf
74.5 0.0 inf
75.5 0.0 inf
76.5 0.0 inf
77.5 0.0 inf
78.5 0.0 inf
79.5 0.0 inf
80.5 0.0 inf
81.5 0.0 inf
82.5 0.0 inf
83.5 0.0 inf
84.5 0.0 inf
85.5 0.0 inf
86.5 0.0 inf
87.5 0.0 inf
88.5 0.0 inf
89.5 0.0 inf
90.5 0.0 inf
91.5 0.0 inf
92.5 0.0 inf
93.5 0.0 inf
94.5 0.0 inf
95.5 0.0 inf
96.5 0.0 inf
97.5 0.0 inf
