0.5 38.7138 0.0016071895462673423
1.5 20.415799999999997 0.002213180314811467
2.5 20.7581 0.002194856847846543
3.5 19.0043 0.002293897780746692
4.5 16.721899999999998 0.0024454409986583965
5.5 15.0388 0.002578655989613511
6.5 13.2523 0.0027469728728057707
7.5 11.7691 0.0029149316347603085
8.5 10.4876 0.0030878908639091675
9.5 9.1736 0.0033016429100740556
10.5 8.2077 0.003490513024962226
11.5 7.2305 0.0037189114256866752
12.5 6.4140999999999995 0.0039484999487341575
13.5 5.6307 0.004214235541530115
14.5 4.9735 0.004484034432673889
15.5 4.2657 0.004841777696458867
16.5 3.8041 0.005127126556249417
17.5 3.2908999999999997 0.005512424536716601
18.5 2.7742 0.00600386773663487
19.5 2.4080000000000004 0.0064442407778308375
20.5 2.105 0.0068924551679557765
21.5 1.7747000000000002 0.007506500629379758
22.5 1.4990999999999999 0.008167416401841853
23.5 1.2717 0.008867632049640245
24.5 1.0433000000000001 0.009790286393073066
25.5 0.8671 0.010739038686430972
26.5 0.7110000000000001 0.011859467782747
27.5 0.585 0.013074409009212268
28.5 0.5005999999999999 0.014133657971481207
29.5 0.4122 0.015575643783866592
30.5 0.33140000000000003 0.01737095710878003
31.5 0.26439999999999997 0.01944774603961035
32.5 0.2009 0.02231053741265801
33.5 0.1558 0.025334729596906996
34.5 0.1288 0.02786391062876764
35.5 0.1056 0.03077287274483318
36.5 0.07880000000000001 0.03562352499395482
37.5 0.0657 0.03901371573204352
38.5 0.0498 0.04481107149482209
39.5 0.0351 0.05337605126836238
40.5 0.0275 0.060302268915552716
41.5 0.0214 0.06835859270246633
42.5 0.020900000000000002 0.06917144638660747
43.5 0.0118 0.09205746178983235
44.5 0.011 0.09534625892455924
45.5 0.0075 0.11547005383792514
46.5 0.0058 0.13130643285972257
47.5 0.0049 0.14285714285714285
48.5 0.0036 0.16666666666666666
49.5 0.002 0.22360679774997896
50.5 0.0014 0.2672612419124244
51.5 0.0017 0.24253562503633297
52.5 0.0011 0.30151134457776363
53.5 0.0004 0.5
54.5 0.0008 0.35355339059327373
55.5 0.00030000000000000003 0.5773502691896257
56.5 0.0001 1.0
57.5 0.0001 1.0
58.5 0.0003 0.5773502691896258
59.5 0.0 inf
60.5 0.0 inf
61.5 0.0001 1.0
62.5 0.0 inf
63.5 0.0 inf
64.5 0.0 inf
65.5 0.0 inf
66.5 0.0 inf
67.5 0.0 inf
68.5 0.0 inf
69.5 0.0 inf
70.5 0.0 inf
71.5 0.0 inf
72.5 0.0 inf
73.5 0.0 inf
74.5 0.0 inf
75.5 0.0 inf
76.5 0.0 inf
77.5 0.0 inf
78.5 0.0 inf
79.5 0.0 inf
80.5 0.0 inf
81.5 0.0 inf
82.5 0.0 inf
83.5 0.0 inf
84.5 0.0 inf
85.5 0.0 inf
86.5 0.0 inf
87.5 0.0 inf
88.5 0.0 inf
89.5 0.0 inf
90.5 0.0 inf
91.5 0.0 inf
92.5 0.0 inf
93.5 0.0 inf
94.5 0.0 inf
95.5 0.0 inf
96.5 0.0 inf
97.5 0.0 inf
