0.5 38.795 0.0016055066985993318
1.5 20.4579 0.002210901907046331
2.5 20.7694 0.0021942596891229766
3.5 19.117 0.0022871262051276757
4.5 16.804000000000002 0.0024394597877761995
5.5 15.0896 0.0025743117339210625
6.5 13.2333 0.002748944178674103
7.5 11.696 0.002924026607359652
8.5 10.5475 0.003079110204134625
9.5 9.23 0.003291540093383166
10.5 8.2345 0.0034848282847430747
11.5 7.2204999999999995 0.0037214857797438854
12.5 6.4423 0.003939848549616891
13.5 5.6623 0.004202459747155347
14.5 4.992 0.004475717962746456
15.5 4.3065999999999995 0.004818731543352377
16.5 3.7929 0.005134690885444973
17.5 3.3040000000000003 0.005501485601695769
18.5 2.8277 0.005946800018148207
19.5 2.4158999999999997 0.006433695807243163
20.5 2.0938 0.006910864887353819
21.5 1.7849 0.007485021553057031
22.5 1.4952999999999999 0.008177787728435172
23.5 1.2501 0.00894391416058758
24.5 1.0557 0.009732619374563063
25.5 0.8524 0.010831242503598114
26.5 0.7274 0.01172501350575771
27.5 0.5837 0.013088960387126302
28.5 0.503 0.014099899186081228
29.5 0.4073 0.01566905463845701
30.5 0.321 0.017650112740455196
31.5 0.2693 0.01927000482039231
32.5 0.2043 0.022124110386665733
33.5 0.16620000000000001 0.024529262467676904
34.5 0.12890000000000001 0.027853100187767633
35.5 0.1027 0.031204323970714827
36.5 0.08030000000000001 0.03528923366202927
37.5 0.0635 0.03968378950662725
38.5 0.0506 0.044455422447438706
39.5 0.039999999999999994 0.05
40.5 0.0279 0.05986843400892496
41.5 0.0215 0.06819943394704735
42.5 0.0155 0.08032193289024989
43.5 0.012 0.09128709291752768
44.5 0.009399999999999999 0.10314212462587935
45.5 0.0073 0.11704114719613057
46.5 0.0068000000000000005 0.12126781251816648
47.5 0.0034999999999999996 0.16903085094570333
48.5 0.0028 0.1889822365046136
49.5 0.0018 0.23570226039551587
50.5 0.0018 0.23570226039551587
51.5 0.0014 0.2672612419124244
52.5 0.0015 0.2581988897471611
53.5 0.0007 0.3779644730092272
54.5 0.00039999999999999996 0.5000000000000001
55.5 0.00030000000000000003 0.5773502691896257
56.5 0.00030000000000000003 0.5773502691896257
57.5 0.0002 0.7071067811865475
58.5 0.0001 1.0
59.5 0.0001 1.0
60.5 0.0001 1.0
61.5 0.0001 1.0
62.5 0.0 inf
63.5 0.0 inf
64.5 0.0 inf
65.5 0.0 inf
66.5 0.0 inf
67.5 0.0 inf
68.5 0.0 inf
69.5 0.0 inf
70.5 0.0 inf
71.5 0.0 inf
72.5 0.0 inf
73.5 0.0 inf
74.5 0.0 inf
75.5 0.0 inf
76.5 0.0 inf
77.5 0.0 inf
78.5 0.0 inf
79.5 0.0 inf
80.5 0.0 inf
81.5 0.0 inf
82.5 0.0 inf
83.5 0.0 inf
84.5 0.0 inf
85.5 0.0 inf
86.5 0.0 inf
87.5 0.0 inf
88.5 0.0 inf
89.5 0.0 inf
90.5 0.0 inf
91.5 0.0 inf
92.5 0.0 inf
93.5 0.0 inf
94.5 0.0 inf
95.5 0.0 inf
96.5 0.0 inf
97.5 0.0 inf
