0.5 38.4464 0.0016127689738313726
1.5 20.2785 0.002220660084943419
2.5 20.6253 0.0022019115164090158
3.5 18.857599999999998 0.0023028030197644817
4.5 16.6707 0.002449193408307924
5.5 14.9155 0.0025892923712361538
6.5 13.1086 0.002761988361856255
7.5 11.643799999999999 0.0029305735896056587
8.5 10.4309 0.003096272026035912
9.5 9.1147 0.0033122934862328235
10.5 8.1418 0.003504610719911114
11.5 7.1537 0.003738820697979342
12.5 6.3863 0.003957084661372732
13.5 5.617 0.004219371723255322
14.5 4.9454 0.004496755637006275
15.5 4.2608 0.00484456096411591
16.5 3.8082000000000003 0.005124365818904177
17.5 3.251 0.00554614877421952
18.5 2.7889999999999997 0.005987916600399351
19.5 2.3862 0.006473610705873583
20.5 2.0709 0.0069489699870847205
21.5 1.741 0.007578802931669495
22.5 1.4825 0.008213015623531817
23.5 1.2431 0.008969060773705156
24.5 1.0551 0.009735386288442576
25.5 0.8523000000000001 0.010831877897521379
26.5 0.7282 0.011718571190158296
27.5 0.5813999999999999 0.013114824589410563
28.5 0.49770000000000003 0.014174775185418742
29.5 0.39759999999999995 0.01585903699238878
30.5 0.3248 0.01754656015858991
31.5 0.253 0.019881069312188606
32.5 0.19640000000000002 0.02256468412032621
33.5 0.15510000000000002 0.02539183580595128
34.5 0.1254 0.02823912473624525
35.5 0.10450000000000001 0.030934411244487297
36.5 0.0811 0.03511474936103118
37.5 0.0632 0.0397778642087865
38.5 0.0458 0.046726931351599776
39.5 0.0392 0.050507627227610534
40.5 0.0268 0.06108472217815261
41.5 0.0234 0.06537204504606134
42.5 0.0186 0.07332355751067665
43.5 0.0124 0.08980265101338746
44.5 0.009399999999999999 0.10314212462587935
45.5 0.0062 0.1270001270001905
46.5 0.0056 0.1336306209562122
47.5 0.0045000000000000005 0.14907119849998599
48.5 0.0039 0.16012815380508713
49.5 0.0028 0.1889822365046136
50.5 0.0017 0.24253562503633297
51.5 0.0013 0.2773500981126146
52.5 0.0006000000000000001 0.40824829046386296
53.5 0.0005 0.4472135954999579
54.5 0.0002 0.7071067811865475
55.5 0.00030000000000000003 0.5773502691896257
56.5 0.00030000000000000003 0.5773502691896257
57.5 0.0003 0.5773502691896258
58.5 0.0001 1.0
59.5 0.0002 0.7071067811865475
60.5 0.0001 1.0
61.5 0.0 inf
62.5 0.0 inf
63.5 0.0 inf
64.5 0.0001 1.0
65.5 0.0 inf
66.5 0.0 inf
67.5 0.0 inf
68.5 0.0 inf
69.5 0.0 inf
70.5 0.0 inf
71.5 0.0 inf
72.5 0.0 inf
73.5 0.0 inf
74.5 0.0 inf
75.5 0.0 inf
76.5 0.0 inf
77.5 0.0 inf
78.5 0.0 inf
79.5 0.0 inf
80.5 0.0 inf
81.5 0.0 inf
82.5 0.0 inf
83.5 0.0 inf
84.5 0.0 inf
85.5 0.0 inf
86.5 0.0 inf
87.5 0.0 inf
88.5 0.0 inf
89.5 0.0 inf
90.5 0.0 inf
91.5 0.0 inf
92.5 0.0 inf
93.5 0.0 inf
94.5 0.0 inf
95.5 0.0 inf
96.5 0.0 inf
97.5 0.0 inf
