0.5 38.4667 0.001612343365049387
1.5 20.3314 0.0022177692503016493
2.5 20.5141 0.0022078713596676526
3.5 18.8861 0.00230106484554118
4.5 16.6963 0.002447315045930801
5.5 14.855699999999999 0.0025944985942371527
6.5 13.096900000000002 0.002763221785411321
7.5 11.6624 0.0029282357166266282
8.5 10.4316 0.003096168138483692
9.5 9.084700000000002 0.0033177579982400954
10.5 8.1484 0.0035031911089189747
11.5 7.1419 0.003741908103016119
12.5 6.4072 0.003950625473031873
13.5 5.5443999999999996 0.00424690672409698
14.5 4.9716000000000005 0.004484891184181039
15.5 4.2618 0.004843992560485683
16.5 3.7777000000000003 0.00514501051789144
17.5 3.2928 0.005510833927217569
18.5 2.7687999999999997 0.006009719566585234
19.5 2.3861999999999997 0.006473610705873584
20.5 2.0614999999999997 0.0069647948780582995
21.5 1.7487 0.007562098761548873
22.5 1.4799 0.008220227080333412
23.5 1.248 0.008951435925492912
24.5 1.0582 0.00972111590817096
25.5 0.8445 0.010881785804056977
26.5 0.7208 0.011778571185788638
27.5 0.5844 0.013081118996315122
28.5 0.4961 0.014197614717146007
29.5 0.389 0.016033384194871644
30.5 0.3166 0.017772337203582057
31.5 0.2659 0.019392813966684824
32.5 0.2011 0.02229944040256456
33.5 0.16770000000000002 0.024419314525275217
34.5 0.1316 0.027565892320998563
35.5 0.10469999999999999 0.030904851360770657
36.5 0.08549999999999999 0.03419927840283847
37.5 0.0629 0.039872611141445
38.5 0.0524 0.0436852028330519
39.5 0.038900000000000004 0.05070201265633938
40.5 0.025500000000000002 0.06262242910851494
41.5 0.0201 0.07053456158585983
42.5 0.016 0.07905694150420949
43.5 0.013499999999999998 0.08606629658238704
44.5 0.0097 0.10153461651336192
45.5 0.0078 0.11322770341445956
46.5 0.0056 0.1336306209562122
47.5 0.004 0.15811388300841897
48.5 0.0043 0.15249857033260467
49.5 0.0019 0.22941573387056174
50.5 0.0011 0.30151134457776363
51.5 0.0015 0.2581988897471611
52.5 0.0011 0.30151134457776363
53.5 0.0006 0.4082482904638631
54.5 0.0006000000000000001 0.40824829046386296
55.5 0.00030000000000000003 0.5773502691896257
56.5 0.0005 0.4472135954999579
57.5 0.0 inf
58.5 0.0003 0.5773502691896258
59.5 0.0001 1.0
60.5 0.0 inf
61.5 0.0 inf
62.5 0.0 inf
63.5 0.0001 1.0
64.5 0.0 inf
65.5 0.0 inf
66.5 0.0 inf
67.5 0.0 inf
68.5 0.0 inf
69.5 0.0 inf
70.5 0.0 inf
71.5 0.0 inf
72.5 0.0 inf
73.5 0.0 inf
74.5 0.0 inf
75.5 0.0 inf
76.5 0.0 inf
77.5 0.0 inf
78.5 0.0 inf
79.5 0.0 inf
80.5 0.0 inf
81.5 0.0 inf
82.5 0.0 inf
83.5 0.0 inf
84.5 0.0 inf
85.5 0.0 inf
86.5 0.0 inf
87.5 0.0 inf
88.5 0.0 inf
89.5 0.0 inf
90.5 0.0 inf
91.5 0.0 inf
92.5 0.0 inf
93.5 0.0 inf
94.5 0.0 inf
95.5 0.0 inf
96.5 0.0 inf
97.5 0.0 inf
