0.5 39.6155 0.0015887934077259752
1.5 20.9545 0.002184546777997553
2.5 21.3079 0.0021663552453958313
3.5 19.5639 0.0022608527776999243
4.5 17.185499999999998 0.0024122311086969763
5.5 15.433599999999998 0.002545460604078731
6.5 13.6447 0.002707185431628768
7.5 12.0483 0.002880959237937503
8.5 10.7865 0.0030448066964970126
9.5 9.4387 0.003254946904640598
10.5 8.4643 0.0034371974123943443
11.5 7.4636 0.0036603770353245053
12.5 6.5991 0.0038927601453209396
13.5 5.7707 0.0041628019692245945
14.5 5.1167 0.004420842297559564
15.5 4.476 0.004726666502808897
16.5 3.9211 0.005050054218935664
17.5 3.4273 0.005401618891711989
18.5 2.8806000000000003 0.005891942797808964
19.5 2.4943999999999997 0.006331650744836317
20.5 2.1424000000000003 0.0068320292993024586
21.5 1.8251 0.0074021293066908345
22.5 1.5484 0.0080363421494716
23.5 1.3119 0.008730711428743116
24.5 1.0815000000000001 0.00961582914438859
25.5 0.8775999999999999 0.010674602031568248
26.5 0.7306 0.01169930777243805
27.5 0.601 0.012899199629493716
28.5 0.5065999999999999 0.01404971152725957
29.5 0.4062 0.015690256395005604
30.5 0.33089999999999997 0.017384076178023157
31.5 0.2577 0.0196989369755484
32.5 0.2064 0.022011272658140596
33.5 0.1751 0.023897745234617563
34.5 0.1295 0.02778850071883642
35.5 0.1049 0.03087537605472192
36.5 0.07830000000000001 0.03573708449459316
37.5 0.0654 0.039103094350288754
38.5 0.0502 0.04463218426774518
39.5 0.0383 0.0510976130307596
40.5 0.0285 0.05923488777590923
41.5 0.0242 0.0642824346533225
42.5 0.0187 0.07312724241271307
43.5 0.0135 0.08606629658238704
44.5 0.0086 0.10783277320343841
45.5 0.0060999999999999995 0.12803687993289598
46.5 0.0066 0.12309149097933272
47.5 0.0046 0.14744195615489714
48.5 0.0026 0.19611613513818404
49.5 0.0019 0.22941573387056174
50.5 0.0018 0.23570226039551587
51.5 0.0011 0.30151134457776363
52.5 0.0007999999999999999 0.3535533905932738
53.5 0.0007 0.3779644730092272
54.5 0.00039999999999999996 0.5000000000000001
55.5 0.0001 1.0
56.5 0.0001 1.0
57.5 0.0 inf
58.5 0.0001 1.0
59.5 0.0 inf
60.5 0.0 inf
61.5 0.0001 1.0
62.5 0.0 inf
63.5 0.0 inf
64.5 0.0 inf
65.5 0.0 inf
66.5 0.0 inf
67.5 0.0 inf
68.5 0.0 inf
69.5 0.0 inf
70.5 0.0 inf
71.5 0.0 inf
72.5 0.0 inf
73.5 0.0 inf
74.5 0.0 inf
75.5 0.0 inf
76.5 0.0 inf
77.5 0.0 inf
78.5 0.0 inf
79.5 0.0 inf
80.5 0.0 inf
81.5 0.0 inf
82.5 0.0 inf
83.5 0.0 inf
84.5 0.0 inf
85.5 0.0 inf
86.5 0.0 inf
87.5 0.0 inf
88.5 0.0 inf
89.5 0.0 inf
90.5 0.0 inf
91.5 0.0 inf
92.5 0.0 inf
93.5 0.0 inf
94.5 0.0 inf
95.5 0.0 inf
96.5 0.0 inf
97.5 0.0 inf
