0.5 3420819.0 0.0005406733357933655
1.5 414429.0 0.001553370062995596
2.5 230543.0 0.0020826871135857248
3.5 123195.0 0.002849072226043173
4.5 70202.0 0.0037742030172891665
5.5 44212.0 0.004755869392227365
6.5 28899.0 0.005882454714629789
7.5 19602.0 0.007142492739258056
8.5 13990.0 0.008454562573305187
9.5 10006.0 0.009997001349325355
10.5 7221.0 0.011767963901214167
11.5 5528.0 0.013449804844747544
12.5 4184.0 0.015459810352577659
13.5 3078.0 0.018024602347862503
14.5 2416.0 0.020344711469278985
15.5 1907.0 0.02289942900985637
16.5 1412.0 0.026612314770617474
17.5 1109.0 0.03002854067691021
18.5 787.0 0.035646150289975954
19.5 724.0 0.03716470731235832
20.5 532.0 0.043355498476206
21.5 363.0 0.0524863881081478
22.5 312.0 0.05661385170722978
23.5 252.0 0.0629940788348712
24.5 171.0 0.07647191129018725
25.5 132.0 0.08703882797784893
26.5 113.0 0.09407208683835973
27.5 72.0 0.11785113019775793
28.5 62.0 0.1270001270001905
29.5 59.0 0.13018891098082389
30.5 34.0 0.17149858514250882
31.5 31.0 0.1796053020267749
32.5 15.0 0.2581988897471611
33.5 13.0 0.2773500981126146
34.5 12.0 0.2886751345948129
35.5 8.0 0.35355339059327373
36.5 7.0 0.3779644730092272
37.5 3.0 0.5773502691896258
38.5 2.0 0.7071067811865475
39.5 2.0 0.7071067811865475
40.5 0.0 inf
41.5 1.0 1.0
42.5 0.0 inf
43.5 1.0 1.0
44.5 0.0 inf
45.5 0.0 inf
46.5 0.0 inf
47.5 0.0 inf
48.5 0.0 inf
49.5 0.0 inf
50.5 0.0 inf
51.5 0.0 inf
52.5 0.0 inf
53.5 0.0 inf
54.5 0.0 inf
55.5 0.0 inf
56.5 0.0 inf
57.5 0.0 inf
58.5 0.0 inf
59.5 0.0 inf
60.5 0.0 inf
61.5 0.0 inf
62.5 0.0 inf
63.5 0.0 inf
64.5 0.0 inf
65.5 0.0 inf
66.5 0.0 inf
67.5 0.0 inf
68.5 0.0 inf
69.5 0.0 inf
70.5 0.0 inf
71.5 0.0 inf
72.5 0.0 inf
73.5 0.0 inf
74.5 0.0 inf
75.5 0.0 inf
76.5 0.0 inf
77.5 0.0 inf
78.5 0.0 inf
79.5 0.0 inf
80.5 0.0 inf
81.5 0.0 inf
82.5 0.0 inf
83.5 0.0 inf
84.5 0.0 inf
85.5 0.0 inf
86.5 0.0 inf
87.5 0.0 inf
88.5 0.0 inf
89.5 0.0 inf
90.5 0.0 inf
91.5 0.0 inf
92.5 0.0 inf
93.5 0.0 inf
94.5 0.0 inf
95.5 0.0 inf
96.5 0.0 inf
97.5 0.0 inf
