0.5 38.482 0.0016120228086075983
1.5 20.3276 0.002217976533240412
2.5 20.6221 0.002202082348757112
3.5 18.9281 0.0022985104846998884
4.5 16.730600000000003 0.002444805094888375
5.5 14.9241 0.002588546224959864
6.5 13.117899999999999 0.0027610091256209932
7.5 11.6541 0.0029292782694888696
8.5 10.462 0.0030916665142303353
9.5 9.159500000000001 0.00330418318317813
10.5 8.137 0.0035056442489360376
11.5 7.1705000000000005 0.003734438226598447
12.5 6.4158 0.003947976795376613
13.5 5.5796 0.004233489307360438
14.5 4.9482 0.004495483184652996
15.5 4.2835 0.0048317072677069774
16.5 3.7709 0.005149647383530867
17.5 3.2807000000000004 0.005520987205438912
18.5 2.7903000000000002 0.005986521553546571
19.5 2.4147 0.006435294241008756
20.5 2.0572 0.006972070054150107
21.5 1.7619 0.00753371821571601
22.5 1.4989 0.008167961277682337
23.5 1.2378 0.008988242081642535
24.5 1.0554999999999999 0.009733541417042947
25.5 0.8578 0.010797096403374526
26.5 0.7095 0.011871997599007448
27.5 0.5764 0.013171584244345806
28.5 0.4929 0.014243626957572003
29.5 0.40359999999999996 0.015740713750513967
30.5 0.3181 0.017730384976049764
31.5 0.2566 0.019741114796436383
32.5 0.1999 0.02236627204212922
33.5 0.1669 0.024477768982403232
34.5 0.1256 0.028216632399155017
35.5 0.1009 0.031481427501027934
36.5 0.0833 0.03464794643376185
37.5 0.0629 0.039872611141445
38.5 0.0494 0.04499212706658475
39.5 0.0357 0.05292561240249631
40.5 0.027 0.06085806194501846
41.5 0.020900000000000002 0.06917144638660747
42.5 0.0174 0.07580980435789034
43.5 0.012 0.09128709291752768
44.5 0.01 0.1
45.5 0.007300000000000001 0.11704114719613055
46.5 0.0062 0.1270001270001905
47.5 0.0053 0.13736056394868904
48.5 0.0034000000000000002 0.17149858514250882
49.5 0.0023 0.20851441405707477
50.5 0.0015 0.2581988897471611
51.5 0.0017000000000000001 0.24253562503633297
52.5 0.0007 0.3779644730092272
53.5 0.0003 0.5773502691896258
54.5 0.0002 0.7071067811865475
55.5 0.0002 0.7071067811865475
56.5 0.00039999999999999996 0.5000000000000001
57.5 0.00030000000000000003 0.5773502691896257
58.5 0.0001 1.0
59.5 0.0 inf
60.5 0.0001 1.0
61.5 0.0001 1.0
62.5 0.0001 1.0
63.5 0.0 inf
64.5 0.0 inf
65.5 0.0 inf
66.5 0.0 inf
67.5 0.0 inf
68.5 0.0 inf
69.5 0.0 inf
70.5 0.0 inf
71.5 0.0 inf
72.5 0.0 inf
73.5 0.0 inf
74.5 0.0 inf
75.5 0.0 inf
76.5 0.0 inf
77.5 0.0 inf
78.5 0.0 inf
79.5 0.0 inf
80.5 0.0 inf
81.5 0.0 inf
82.5 0.0 inf
83.5 0.0 inf
84.5 0.0 inf
85.5 0.0 inf
86.5 0.0 inf
87.5 0.0 inf
88.5 0.0 inf
89.5 0.0 inf
90.5 0.0 inf
91.5 0.0 inf
92.5 0.0 inf
93.5 0.0 inf
94.5 0.0 inf
95.5 0.0 inf
96.5 0.0 inf
97.5 0.0 inf
