0.5 293750.0 0.00184506241605777
1.5 93946.0 0.0032625776232526192
2.5 69525.0 0.0037925341599238283
3.5 46624.0 0.004631218111278579
4.5 31161.0 0.005664926857131773
5.5 21928.0 0.006753058139515786
6.5 15566.0 0.008015146909571407
7.5 11414.0 0.009360112441834116
8.5 8496.0 0.010849075915068654
9.5 6215.0 0.01268467760161046
10.5 4922.0 0.014253751903120991
11.5 3687.0 0.016468855962311107
12.5 2909.0 0.01854078591978247
13.5 2337.0 0.020685720094603028
14.5 1796.0 0.023596458909150436
15.5 1344.0 0.02727723627949905
16.5 1068.0 0.03059950306810523
17.5 830.0 0.03471050672503116
18.5 719.0 0.03729370703141007
19.5 531.0 0.04339630366027462
20.5 423.0 0.048621663832631515
21.5 329.0 0.055131784641997125
22.5 253.0 0.06286946134619315
23.5 201.0 0.07053456158585983
24.5 160.0 0.07905694150420949
25.5 105.0 0.09759000729485333
26.5 90.0 0.10540925533894598
27.5 57.0 0.13245323570650439
28.5 44.0 0.15075567228888181
29.5 27.0 0.19245008972987526
30.5 24.0 0.20412414523193154
31.5 21.0 0.2182178902359924
32.5 10.0 0.31622776601683794
33.5 11.0 0.30151134457776363
34.5 11.0 0.30151134457776363
35.5 4.0 0.5
36.5 3.0 0.5773502691896258
37.5 4.0 0.5
38.5 4.0 0.5
39.5 1.0 1.0
40.5 1.0 1.0
41.5 1.0 1.0
42.5 1.0 1.0
43.5 1.0 1.0
44.5 0.0 inf
45.5 0.0 inf
46.5 0.0 inf
47.5 0.0 inf
48.5 0.0 inf
49.5 0.0 inf
50.5 0.0 inf
51.5 0.0 inf
52.5 0.0 inf
53.5 0.0 inf
54.5 0.0 inf
55.5 0.0 inf
56.5 0.0 inf
57.5 0.0 inf
58.5 0.0 inf
59.5 0.0 inf
60.5 0.0 inf
61.5 0.0 inf
62.5 0.0 inf
63.5 0.0 inf
64.5 0.0 inf
65.5 0.0 inf
66.5 0.0 inf
67.5 0.0 inf
68.5 0.0 inf
69.5 0.0 inf
70.5 0.0 inf
71.5 0.0 inf
72.5 0.0 inf
73.5 0.0 inf
74.5 0.0 inf
75.5 0.0 inf
76.5 0.0 inf
77.5 0.0 inf
78.5 0.0 inf
79.5 0.0 inf
80.5 0.0 inf
81.5 0.0 inf
82.5 0.0 inf
83.5 0.0 inf
84.5 0.0 inf
85.5 0.0 inf
86.5 0.0 inf
87.5 0.0 inf
88.5 0.0 inf
89.5 0.0 inf
90.5 0.0 inf
91.5 0.0 inf
92.5 0.0 inf
93.5 0.0 inf
94.5 0.0 inf
95.5 0.0 inf
96.5 0.0 inf
97.5 0.0 inf
