0.5 3780536.0 0.0005143080369984906
1.5 432960.0 0.0015197638592001615
2.5 236649.0 0.0020556428556126145
3.5 126603.0 0.0028104638374594148
4.5 72138.0 0.0037232135908767377
5.5 44973.0 0.0047154600581871585
6.5 29021.0 0.005870077206991706
7.5 19648.0 0.00713412681919187
8.5 14145.0 0.008408112697716678
9.5 9995.0 0.010002500937890796
10.5 7463.0 0.011575593817872416
11.5 5515.0 0.013465647505336954
12.5 4181.0 0.015465355809927969
13.5 3135.0 0.017859990659227328
14.5 2391.0 0.020450795781510083
15.5 1832.0 0.023363465675799888
16.5 1489.0 0.02591508580466721
17.5 1101.0 0.03013743873394561
18.5 895.0 0.03342631352324378
19.5 691.0 0.03804179284542668
20.5 547.0 0.04275691248090128
21.5 382.0 0.05116445100966508
22.5 308.0 0.05698028822981897
23.5 254.0 0.06274558051381586
24.5 194.0 0.07179581586177382
25.5 142.0 0.08391813582966891
26.5 106.0 0.09712858623572641
27.5 83.0 0.10976425998969035
28.5 70.0 0.11952286093343936
29.5 46.0 0.14744195615489714
30.5 37.0 0.1643989873053573
31.5 21.0 0.2182178902359924
32.5 18.0 0.23570226039551587
33.5 14.0 0.2672612419124244
34.5 10.0 0.31622776601683794
35.5 12.0 0.2886751345948129
36.5 4.0 0.5
37.5 2.0 0.7071067811865475
38.5 2.0 0.7071067811865475
39.5 4.0 0.5
40.5 2.0 0.7071067811865475
41.5 0.0 inf
42.5 1.0 1.0
43.5 0.0 inf
44.5 1.0 1.0
45.5 0.0 inf
46.5 0.0 inf
47.5 0.0 inf
48.5 0.0 inf
49.5 0.0 inf
50.5 0.0 inf
51.5 0.0 inf
52.5 0.0 inf
53.5 0.0 inf
54.5 0.0 inf
55.5 0.0 inf
56.5 0.0 inf
57.5 0.0 inf
58.5 0.0 inf
59.5 0.0 inf
60.5 0.0 inf
61.5 0.0 inf
62.5 0.0 inf
63.5 0.0 inf
64.5 0.0 inf
65.5 0.0 inf
66.5 0.0 inf
67.5 0.0 inf
68.5 0.0 inf
69.5 0.0 inf
70.5 0.0 inf
71.5 0.0 inf
72.5 0.0 inf
73.5 0.0 inf
74.5 0.0 inf
75.5 0.0 inf
76.5 0.0 inf
77.5 0.0 inf
78.5 0.0 inf
79.5 0.0 inf
80.5 0.0 inf
81.5 0.0 inf
82.5 0.0 inf
83.5 0.0 inf
84.5 0.0 inf
85.5 0.0 inf
86.5 0.0 inf
87.5 0.0 inf
88.5 0.0 inf
89.5 0.0 inf
90.5 0.0 inf
91.5 0.0 inf
92.5 0.0 inf
93.5 0.0 inf
94.5 0.0 inf
95.5 0.0 inf
96.5 0.0 inf
97.5 0.0 inf
