0.5 28530.0 0.005920373611044898
1.5 12986.0 0.008775306631024613
2.5 11851.0 0.009185916660248932
3.5 9362.0 0.010335123761522654
4.5 7294.0 0.011708927596817206
5.5 5877.0 0.013044341336580539
6.5 4581.0 0.014774740239264542
7.5 3655.0 0.016540792339471234
8.5 3012.0 0.01822101292697509
9.5 2381.0 0.02049369659597791
10.5 1914.0 0.022857516044124723
11.5 1530.0 0.025565499628245683
12.5 1269.0 0.028071730702217298
13.5 1021.0 0.03129587719622029
14.5 787.0 0.035646150289975954
15.5 671.0 0.038604571824109146
16.5 560.0 0.042257712736425826
17.5 457.0 0.0467780269724988
18.5 349.0 0.05352877275721892
19.5 285.0 0.05923488777590923
20.5 203.0 0.07018624063435965
21.5 184.0 0.07372097807744857
22.5 126.0 0.0890870806374748
23.5 114.0 0.0936585811581694
24.5 95.0 0.10259783520851541
25.5 66.0 0.12309149097933272
26.5 46.0 0.14744195615489714
27.5 38.0 0.16222142113076254
28.5 29.0 0.18569533817705186
29.5 22.0 0.21320071635561041
30.5 23.0 0.20851441405707477
31.5 11.0 0.30151134457776363
32.5 11.0 0.30151134457776363
33.5 10.0 0.31622776601683794
34.5 1.0 1.0
35.5 4.0 0.5
36.5 2.0 0.7071067811865475
37.5 2.0 0.7071067811865475
38.5 1.0 1.0
39.5 0.0 inf
40.5 0.0 inf
41.5 1.0 1.0
42.5 0.0 inf
43.5 0.0 inf
44.5 0.0 inf
45.5 0.0 inf
46.5 0.0 inf
47.5 0.0 inf
48.5 0.0 inf
49.5 0.0 inf
50.5 0.0 inf
51.5 0.0 inf
52.5 0.0 inf
53.5 0.0 inf
54.5 0.0 inf
55.5 0.0 inf
56.5 0.0 inf
57.5 0.0 inf
58.5 0.0 inf
59.5 0.0 inf
60.5 0.0 inf
61.5 0.0 inf
62.5 0.0 inf
63.5 0.0 inf
64.5 0.0 inf
65.5 0.0 inf
66.5 0.0 inf
67.5 0.0 inf
68.5 0.0 inf
69.5 0.0 inf
70.5 0.0 inf
71.5 0.0 inf
72.5 0.0 inf
73.5 0.0 inf
74.5 0.0 inf
75.5 0.0 inf
76.5 0.0 inf
77.5 0.0 inf
78.5 0.0 inf
79.5 0.0 inf
80.5 0.0 inf
81.5 0.0 inf
82.5 0.0 inf
83.5 0.0 inf
84.5 0.0 inf
85.5 0.0 inf
86.5 0.0 inf
87.5 0.0 inf
88.5 0.0 inf
89.5 0.0 inf
90.5 0.0 inf
91.5 0.0 inf
92.5 0.0 inf
93.5 0.0 inf
94.5 0.0 inf
95.5 0.0 inf
96.5 0.0 inf
97.5 0.0 inf
