0.5 192255.0 0.0022806633224792734
1.5 67323.0 0.003854058210076728
2.5 52280.0 0.004373531013627483
3.5 36463.0 0.00523689421515852
4.5 25213.0 0.006297783664606597
5.5 18060.0 0.007441168295606795
6.5 12962.0 0.008783426904166522
7.5 9765.0 0.010119612345315271
8.5 7435.0 0.01159737001468719
9.5 5520.0 0.013459547551454138
10.5 4323.0 0.01520923541825377
11.5 3310.0 0.017381449986274954
12.5 2592.0 0.019641855032959652
13.5 2093.0 0.02185824984939871
14.5 1647.0 0.024640709031819093
15.5 1177.0 0.02914820186645445
16.5 993.0 0.03173404079876884
17.5 803.0 0.035289233662029275
18.5 587.0 0.0412744171706498
19.5 499.0 0.04476614810358452
20.5 371.0 0.0519174131651165
21.5 294.0 0.05832118435198043
22.5 238.0 0.06482037235521644
23.5 187.0 0.07312724241271307
24.5 144.0 0.08333333333333333
25.5 106.0 0.09712858623572641
26.5 89.0 0.105999788000636
27.5 58.0 0.13130643285972254
28.5 57.0 0.13245323570650439
29.5 42.0 0.1543033499620919
30.5 23.0 0.20851441405707477
31.5 16.0 0.25
32.5 16.0 0.25
33.5 7.0 0.3779644730092272
34.5 5.0 0.4472135954999579
35.5 7.0 0.3779644730092272
36.5 4.0 0.5
37.5 1.0 1.0
38.5 3.0 0.5773502691896258
39.5 1.0 1.0
40.5 2.0 0.7071067811865475
41.5 0.0 inf
42.5 0.0 inf
43.5 0.0 inf
44.5 0.0 inf
45.5 0.0 inf
46.5 0.0 inf
47.5 0.0 inf
48.5 0.0 inf
49.5 0.0 inf
50.5 0.0 inf
51.5 0.0 inf
52.5 0.0 inf
53.5 0.0 inf
54.5 0.0 inf
55.5 0.0 inf
56.5 0.0 inf
57.5 0.0 inf
58.5 0.0 inf
59.5 0.0 inf
60.5 0.0 inf
61.5 0.0 inf
62.5 0.0 inf
63.5 0.0 inf
64.5 0.0 inf
65.5 0.0 inf
66.5 0.0 inf
67.5 0.0 inf
68.5 0.0 inf
69.5 0.0 inf
70.5 0.0 inf
71.5 0.0 inf
72.5 0.0 inf
73.5 0.0 inf
74.5 0.0 inf
75.5 0.0 inf
76.5 0.0 inf
77.5 0.0 inf
78.5 0.0 inf
79.5 0.0 inf
80.5 0.0 inf
81.5 0.0 inf
82.5 0.0 inf
83.5 0.0 inf
84.5 0.0 inf
85.5 0.0 inf
86.5 0.0 inf
87.5 0.0 inf
88.5 0.0 inf
89.5 0.0 inf
90.5 0.0 inf
91.5 0.0 inf
92.5 0.0 inf
93.5 0.0 inf
94.5 0.0 inf
95.5 0.0 inf
96.5 0.0 inf
97.5 0.0 inf
