0.5 238490.0 0.0020476933184775986
1.5 79879.0 0.0035382106903093886
2.5 60452.0 0.004067191892549757
3.5 41353.0 0.004917524012681829
4.5 28319.0 0.00594238852274688
5.5 19991.0 0.007072659339283796
6.5 14303.0 0.00836154306113056
7.5 10556.0 0.009733080363047611
8.5 7927.0 0.011231701965980268
9.5 5827.0 0.013100186875498679
10.5 4729.0 0.014541705431976481
11.5 3471.0 0.01697355035627247
12.5 2634.0 0.019484627821346
13.5 2208.0 0.021281413268968714
14.5 1692.0 0.024310831916315757
15.5 1347.0 0.027246843806239894
16.5 1031.0 0.03114373299321498
17.5 832.0 0.03466876226407682
18.5 636.0 0.03965257928590721
19.5 526.0 0.04360207201969474
20.5 394.0 0.05037927218598784
21.5 352.0 0.053300179088902604
22.5 245.0 0.06388765649999399
23.5 218.0 0.06772854614785964
24.5 149.0 0.08192319205190406
25.5 95.0 0.10259783520851541
26.5 81.0 0.1111111111111111
27.5 64.0 0.125
28.5 50.0 0.1414213562373095
29.5 35.0 0.1690308509457033
30.5 23.0 0.20851441405707477
31.5 19.0 0.22941573387056174
32.5 24.0 0.20412414523193154
33.5 7.0 0.3779644730092272
34.5 9.0 0.3333333333333333
35.5 7.0 0.3779644730092272
36.5 6.0 0.4082482904638631
37.5 2.0 0.7071067811865475
38.5 2.0 0.7071067811865475
39.5 3.0 0.5773502691896258
40.5 0.0 inf
41.5 0.0 inf
42.5 0.0 inf
43.5 0.0 inf
44.5 0.0 inf
45.5 0.0 inf
46.5 0.0 inf
47.5 0.0 inf
48.5 0.0 inf
49.5 0.0 inf
50.5 0.0 inf
51.5 0.0 inf
52.5 0.0 inf
53.5 0.0 inf
54.5 0.0 inf
55.5 0.0 inf
56.5 0.0 inf
57.5 0.0 inf
58.5 0.0 inf
59.5 0.0 inf
60.5 0.0 inf
61.5 0.0 inf
62.5 0.0 inf
63.5 0.0 inf
64.5 0.0 inf
65.5 0.0 inf
66.5 0.0 inf
67.5 0.0 inf
68.5 0.0 inf
69.5 0.0 inf
70.5 0.0 inf
71.5 0.0 inf
72.5 0.0 inf
73.5 0.0 inf
74.5 0.0 inf
75.5 0.0 inf
76.5 0.0 inf
77.5 0.0 inf
78.5 0.0 inf
79.5 0.0 inf
80.5 0.0 inf
81.5 0.0 inf
82.5 0.0 inf
83.5 0.0 inf
84.5 0.0 inf
85.5 0.0 inf
86.5 0.0 inf
87.5 0.0 inf
88.5 0.0 inf
89.5 0.0 inf
90.5 0.0 inf
91.5 0.0 inf
92.5 0.0 inf
93.5 0.0 inf
94.5 0.0 inf
95.5 0.0 inf
96.5 0.0 inf
97.5 0.0 inf
