0.5 38.5787 0.00161000122142789
1.5 20.3448 0.0022170387687292887
2.5 20.6685 0.0021996091641742046
3.5 18.948900000000002 0.002297248613426454
4.5 16.619100000000003 0.0024529926644357514
5.5 14.9908 0.0025827810718189997
6.5 13.1598 0.0027566101790653013
7.5 11.724699999999999 0.00292044566364005
8.5 10.4143 0.0030987387136806287
9.5 9.1918 0.003298372621592238
10.5 8.1902 0.0034942401246189398
11.5 7.1672 0.00373529785294678
12.5 6.4345 0.0039422357989163355
13.5 5.5846 0.004231593720696697
14.5 4.924799999999999 0.004506150586965627
15.5 4.2635000000000005 0.004843026733302877
16.5 3.7838000000000003 0.005140861616864505
17.5 3.3026999999999997 0.005502568235244022
18.5 2.8041 0.0059717724554874925
19.5 2.3893 0.00646940974601307
20.5 2.0923 0.006913341692797533
21.5 1.7538 0.007551095573545372
22.5 1.4861 0.00820306179000483
23.5 1.244 0.008965815751510408
24.5 1.0587 0.009718820105784795
25.5 0.8335999999999999 0.010952698858458088
26.5 0.7192000000000001 0.011791665765914453
27.5 0.5852999999999999 0.01307105788548448
28.5 0.503 0.014099899186081228
29.5 0.40700000000000003 0.01567482841055192
30.5 0.3242 0.017562789445387736
31.5 0.2646 0.019440394783993478
32.5 0.2049 0.022091694090300196
33.5 0.1641 0.024685714930565622
34.5 0.12990000000000002 0.027745683280893146
35.5 0.1057 0.03075831259604325
36.5 0.08130000000000001 0.035071531191594715
37.5 0.0616 0.040291148201269014
38.5 0.05 0.044721359549995794
39.5 0.035 0.05345224838248487
40.5 0.027 0.06085806194501846
41.5 0.0208 0.06933752452815364
42.5 0.0195 0.0716114874039433
43.5 0.0118 0.09205746178983235
44.5 0.012 0.09128709291752768
45.5 0.0074 0.11624763874381928
46.5 0.0063999999999999994 0.12500000000000003
47.5 0.0060999999999999995 0.12803687993289598
48.5 0.0028 0.1889822365046136
49.5 0.0015 0.2581988897471611
50.5 0.0012 0.2886751345948129
51.5 0.002 0.22360679774997896
52.5 0.0007 0.3779644730092272
53.5 0.0007999999999999999 0.3535533905932738
54.5 0.0009 0.3333333333333333
55.5 0.0005 0.4472135954999579
56.5 0.0001 1.0
57.5 0.00030000000000000003 0.5773502691896257
58.5 0.0002 0.7071067811865475
59.5 0.0003 0.5773502691896258
60.5 0.0 inf
61.5 0.0001 1.0
62.5 0.0002 0.7071067811865475
63.5 0.0001 1.0
64.5 0.0 inf
65.5 0.0 inf
66.5 0.0 inf
67.5 0.0 inf
68.5 0.0 inf
69.5 0.0 inf
70.5 0.0 inf
71.5 0.0 inf
72.5 0.0 inf
73.5 0.0 inf
74.5 0.0 inf
75.5 0.0 inf
76.5 0.0 inf
77.5 0.0 inf
78.5 0.0 inf
79.5 0.0 inf
80.5 0.0 inf
81.5 0.0 inf
82.5 0.0 inf
83.5 0.0 inf
84.5 0.0 inf
85.5 0.0 inf
86.5 0.0 inf
87.5 0.0 inf
88.5 0.0 inf
89.5 0.0 inf
90.5 0.0 inf
91.5 0.0 inf
92.5 0.0 inf
93.5 0.0 inf
94.5 0.0 inf
95.5 0.0 inf
96.5 0.0 inf
97.5 0.0 inf
