0.5 38.4437 0.0016128256072950545
1.5 20.328400000000002 0.002217932889897008
2.5 20.556199999999997 0.002205609292136477
3.5 18.8315 0.00230439828163573
4.5 16.6629 0.002449766582049252
5.5 14.921 0.002588815110307586
6.5 13.1248 0.002760283268179197
7.5 11.6019 0.002935860670552926
8.5 10.4634 0.003091459675252945
9.5 9.0648 0.003321397746967005
10.5 8.1524 0.0035023315777558245
11.5 7.1773 0.0037326687452054956
12.5 6.3949 0.003954422979628698
13.5 5.597899999999999 0.0042265638286694595
14.5 4.9285 0.004504458805738612
15.5 4.263400000000001 0.004843083530675101
16.5 3.7691 0.005150876889098168
17.5 3.2593 0.005539082474912689
18.5 2.7758000000000003 0.0060021371413011915
19.5 2.3645 0.006503248370935471
20.5 2.0569 0.006972578475744688
21.5 1.7656999999999998 0.007525607112862833
22.5 1.4741 0.008236382874126003
23.5 1.2276 0.00902550601789804
24.5 1.0481 0.00976784230266285
25.5 0.8488 0.010854187376325186
26.5 0.7133 0.01184033221596584
27.5 0.5854 0.01306994141673288
28.5 0.5008 0.014130835473605538
29.5 0.40900000000000003 0.01563645668001905
30.5 0.33140000000000003 0.01737095710878003
31.5 0.26139999999999997 0.019559025296349224
32.5 0.20500000000000002 0.022086305214969307
33.5 0.1614 0.024891337579430815
34.5 0.1258 0.028194193721730047
35.5 0.1 0.03162277660168379
36.5 0.0817 0.03498557142706598
37.5 0.0675 0.03849001794597505
38.5 0.0489 0.045221563164613454
39.5 0.0397 0.05018856132284956
40.5 0.028 0.05976143046671968
41.5 0.0246 0.06375767130633382
42.5 0.0168 0.07715167498104596
43.5 0.0109 0.09578262852211514
44.5 0.0091 0.10482848367219183
45.5 0.007299999999999999 0.11704114719613057
46.5 0.0047 0.14586499149789456
47.5 0.0048000000000000004 0.14433756729740643
48.5 0.0037999999999999996 0.16222142113076254
49.5 0.0024000000000000002 0.20412414523193148
50.5 0.0013 0.2773500981126146
51.5 0.0007999999999999999 0.3535533905932738
52.5 0.0006 0.4082482904638631
53.5 0.0005 0.4472135954999579
54.5 0.0006 0.4082482904638631
55.5 0.0001 1.0
56.5 0.0 inf
57.5 0.0001 1.0
58.5 0.0002 0.7071067811865475
59.5 0.0 inf
60.5 0.0001 1.0
61.5 0.0 inf
62.5 0.0001 1.0
63.5 0.0001 1.0
64.5 0.0 inf
65.5 0.0 inf
66.5 0.0 inf
67.5 0.0 inf
68.5 0.0 inf
69.5 0.0 inf
70.5 0.0 inf
71.5 0.0 inf
72.5 0.0 inf
73.5 0.0 inf
74.5 0.0 inf
75.5 0.0 inf
76.5 0.0 inf
77.5 0.0 inf
78.5 0.0 inf
79.5 0.0 inf
80.5 0.0 inf
81.5 0.0 inf
82.5 0.0 inf
83.5 0.0 inf
84.5 0.0 inf
85.5 0.0 inf
86.5 0.0 inf
87.5 0.0 inf
88.5 0.0 inf
89.5 0.0 inf
90.5 0.0 inf
91.5 0.0 inf
92.5 0.0 inf
93.5 0.0 inf
94.5 0.0 inf
95.5 0.0 inf
96.5 0.0 inf
97.5 0.0 inf
