0.5 38.475300000000004 0.0016121631594646774
1.5 20.3416 0.0022172131464839023
2.5 20.5702 0.0022048585997311732
3.5 18.901899999999998 0.002300102920407812
4.5 16.7136 0.002446048128211992
5.5 14.914200000000001 0.002589405216938052
6.5 13.1373 0.0027589697657016544
7.5 11.653 0.0029294165227309083
8.5 10.459900000000001 0.0030919768505549223
9.5 9.0963 0.0033156418482469655
10.5 8.1504 0.003502761264243321
11.5 7.148 0.0037403111170567463
12.5 6.4035 0.003951766661706508
13.5 5.5903 0.004229435854777668
14.5 4.9478 0.004495664897427566
15.5 4.257 0.004846722724185877
16.5 3.8025 0.005128205128205128
17.5 3.2781000000000002 0.005523176235907565
18.5 2.7946 0.005981914104804618
19.5 2.38 0.006482037235521643
20.5 2.0439 0.00699471748565616
21.5 1.7829000000000002 0.007489218604835229
22.5 1.4662 0.00825854220196252
23.5 1.2458 0.008959336259616292
24.5 1.0503 0.009757606885197785
25.5 0.8587 0.01079143672345914
26.5 0.7215 0.011772856008638626
27.5 0.5731999999999999 0.01320829953297118
28.5 0.4907 0.014275521124027076
29.5 0.4049 0.01571542432198867
30.5 0.31620000000000004 0.01778357485073947
31.5 0.2616 0.019551547175144377
32.5 0.2046 0.022107884414269093
33.5 0.1633 0.02474610820719749
34.5 0.12279999999999999 0.02853650727676748
35.5 0.0996 0.031686212526223896
36.5 0.083 0.03471050672503116
37.5 0.0675 0.03849001794597505
38.5 0.0481 0.04559607525875532
39.5 0.0393 0.050443327230531826
40.5 0.025599999999999998 0.06250000000000001
41.5 0.0235 0.06523280730534423
42.5 0.0185 0.07352146220938077
43.5 0.0125 0.08944271909999159
44.5 0.0092 0.10425720702853739
45.5 0.006200000000000001 0.1270001270001905
46.5 0.0057 0.13245323570650439
47.5 0.004200000000000001 0.1543033499620919
48.5 0.0038 0.16222142113076254
49.5 0.0018 0.23570226039551587
50.5 0.0012000000000000001 0.28867513459481287
51.5 0.002 0.22360679774997896
52.5 0.0007999999999999999 0.3535533905932738
53.5 0.00030000000000000003 0.5773502691896257
54.5 0.0002 0.7071067811865475
55.5 0.0001 1.0
56.5 0.0002 0.7071067811865475
57.5 0.0002 0.7071067811865475
58.5 0.00030000000000000003 0.5773502691896257
59.5 0.00030000000000000003 0.5773502691896257
60.5 0.0001 1.0
61.5 0.0 inf
62.5 0.0 inf
63.5 0.0 inf
64.5 0.0 inf
65.5 0.0 inf
66.5 0.0 inf
67.5 0.0 inf
68.5 0.0 inf
69.5 0.0 inf
70.5 0.0 inf
71.5 0.0 inf
72.5 0.0 inf
73.5 0.0 inf
74.5 0.0 inf
75.5 0.0 inf
76.5 0.0 inf
77.5 0.0 inf
78.5 0.0 inf
79.5 0.0 inf
80.5 0.0 inf
81.5 0.0 inf
82.5 0.0 inf
83.5 0.0 inf
84.5 0.0 inf
85.5 0.0 inf
86.5 0.0 inf
87.5 0.0 inf
88.5 0.0 inf
89.5 0.0 inf
90.5 0.0 inf
91.5 0.0 inf
92.5 0.0 inf
93.5 0.0 inf
94.5 0.0 inf
95.5 0.0 inf
96.5 0.0 inf
97.5 0.0 inf
