0.5 84.5486 0.0010875438820914564
1.5 31.5386 0.0017806509447650435
2.5 28.444499999999998 0.0018749981689479946
3.5 24.1044 0.0020368161843749705
4.5 20.232 0.0022232105354675342
5.5 17.4525 0.002393708029830031
6.5 14.9786 0.00258383268931046
7.5 13.0927 0.00276366495606806
8.5 11.5521 0.002942181972750738
9.5 9.9844 0.0031647471263946945
10.5 8.8743 0.003356857818922484
11.5 7.7136 0.003600571528073004
12.5 6.8370999999999995 0.0038244063798827978
13.5 5.968299999999999 0.004093310386481551
14.5 5.2139 0.004379440711938603
15.5 4.5372 0.004694680466743998
16.5 3.9555 0.005028046733095858
17.5 3.4637000000000002 0.00537316114036753
18.5 2.9241 0.005847953216374269
19.5 2.5141 0.006306795164582506
20.5 2.1441 0.006829320294843896
21.5 1.8474 0.007357318045980247
22.5 1.5389 0.00806110912208244
23.5 1.2856 0.008819563026171977
24.5 1.0866 0.009593236466436941
25.5 0.8714 0.010712509552549886
26.5 0.7188 0.011794946240526792
27.5 0.5987 0.01292395302854673
28.5 0.5077 0.014034482983906684
29.5 0.42010000000000003 0.015428498379527544
30.5 0.3226 0.017606288680921175
31.5 0.26 0.019611613513818404
32.5 0.21150000000000002 0.021744269101781406
33.5 0.17049999999999998 0.02421797398482414
34.5 0.132 0.027524094128159017
35.5 0.1022 0.031280562354492725
36.5 0.0869 0.033922676577637915
37.5 0.0635 0.03968378950662725
38.5 0.053099999999999994 0.04339630366027462
39.5 0.0398 0.05012547071170855
40.5 0.027999999999999997 0.059761430466719695
41.5 0.0223 0.06696495301824251
42.5 0.018000000000000002 0.07453559924999299
43.5 0.0126 0.0890870806374748
44.5 0.0118 0.09205746178983235
45.5 0.007600000000000001 0.11470786693528087
46.5 0.0044 0.15075567228888181
47.5 0.0039 0.16012815380508713
48.5 0.0034000000000000002 0.17149858514250882
49.5 0.002 0.22360679774997896
50.5 0.0014 0.2672612419124244
51.5 0.0019 0.22941573387056174
52.5 0.001 0.31622776601683794
53.5 0.0009 0.3333333333333333
54.5 0.0005 0.4472135954999579
55.5 0.0004 0.5
56.5 0.0002 0.7071067811865475
57.5 0.0 inf
58.5 0.00030000000000000003 0.5773502691896257
59.5 0.0001 1.0
60.5 0.0001 1.0
61.5 0.0 inf
62.5 0.0 inf
63.5 0.0 inf
64.5 0.0 inf
65.5 0.0 inf
66.5 0.0 inf
67.5 0.0 inf
68.5 0.0 inf
69.5 0.0 inf
70.5 0.0 inf
71.5 0.0 inf
72.5 0.0 inf
73.5 0.0 inf
74.5 0.0 inf
75.5 0.0 inf
76.5 0.0 inf
77.5 0.0 inf
78.5 0.0 inf
79.5 0.0 inf
80.5 0.0 inf
81.5 0.0 inf
82.5 0.0 inf
83.5 0.0 inf
84.5 0.0 inf
85.5 0.0 inf
86.5 0.0 inf
87.5 0.0 inf
88.5 0.0 inf
89.5 0.0 inf
90.5 0.0 inf
91.5 0.0 inf
92.5 0.0 inf
93.5 0.0 inf
94.5 0.0 inf
95.5 0.0 inf
96.5 0.0 inf
97.5 0.0 inf
