0.5 38.9474 0.001602362470153902
1.5 20.5752 0.002204590681002894
2.5 20.8963 0.0021875868429397298
3.5 19.1893 0.0022828135080580083
4.5 16.8434 0.002436604931000107
5.5 15.1707 0.002567421595326859
6.5 13.2544 0.0027467552518065557
7.5 11.8623 0.0029034580017376632
8.5 10.5364 0.0030807316842616176
9.5 9.2619 0.0032858668138272384
10.5 8.2578 0.003479908460124001
11.5 7.253 0.0037131386074232948
12.5 6.4508 0.003937251991695351
13.5 5.6751000000000005 0.004197717817476109
14.5 4.984299999999999 0.004479173786886733
15.5 4.3427 0.0047986611683553185
16.5 3.8085 0.005124163988784604
17.5 3.3055000000000003 0.005500237202844169
18.5 2.8279 0.005946589724107857
19.5 2.4191000000000003 0.006429439133373715
20.5 2.0823 0.0069299220641092394
21.5 1.7681 0.00752049778919865
22.5 1.4933 0.00818326221541089
23.5 1.2696999999999998 0.008874613338746807
24.5 1.0522 0.009748793052273198
25.5 0.8628 0.010765765896831822
26.5 0.7262 0.011734696932189313
27.5 0.5782 0.013151065969976047
28.5 0.5029 0.014101300975535015
29.5 0.3995 0.01582127969267633
30.5 0.3237 0.017576348305930706
31.5 0.2507 0.019972058663135294
32.5 0.1951 0.022639736366332933
33.5 0.1733 0.024021532944603168
34.5 0.1333 0.027389551783238836
35.5 0.1045 0.030934411244487297
36.5 0.08030000000000001 0.03528923366202927
37.5 0.0648 0.039283710065919304
38.5 0.0514 0.04410810913912309
39.5 0.0398 0.05012547071170855
40.5 0.028999999999999998 0.058722021951470346
41.5 0.024300000000000002 0.06415002990995841
42.5 0.0183 0.07392212709545729
43.5 0.013000000000000001 0.08770580193070293
44.5 0.009600000000000001 0.10206207261596574
45.5 0.0079 0.11250879009260237
46.5 0.0048000000000000004 0.14433756729740643
47.5 0.0048000000000000004 0.14433756729740643
48.5 0.0037 0.1643989873053573
49.5 0.0026 0.19611613513818404
50.5 0.0015 0.2581988897471611
51.5 0.0007999999999999999 0.3535533905932738
52.5 0.0007 0.3779644730092272
53.5 0.0013 0.2773500981126146
54.5 0.0001 1.0
55.5 0.0004 0.5
56.5 0.00030000000000000003 0.5773502691896257
57.5 0.0002 0.7071067811865475
58.5 0.0 inf
59.5 0.0 inf
60.5 0.0002 0.7071067811865475
61.5 0.0001 1.0
62.5 0.0 inf
63.5 0.0 inf
64.5 0.0 inf
65.5 0.0 inf
66.5 0.0 inf
67.5 0.0 inf
68.5 0.0 inf
69.5 0.0 inf
70.5 0.0 inf
71.5 0.0 inf
72.5 0.0 inf
73.5 0.0 inf
74.5 0.0 inf
75.5 0.0 inf
76.5 0.0 inf
77.5 0.0 inf
78.5 0.0 inf
79.5 0.0 inf
80.5 0.0 inf
81.5 0.0 inf
82.5 0.0 inf
83.5 0.0 inf
84.5 0.0 inf
85.5 0.0 inf
86.5 0.0 inf
87.5 0.0 inf
88.5 0.0 inf
89.5 0.0 inf
90.5 0.0 inf
91.5 0.0 inf
92.5 0.0 inf
93.5 0.0 inf
94.5 0.0 inf
95.5 0.0 inf
96.5 0.0 inf
97.5 0.0 inf
