0.5 49.9902 0.0014143521756786964
1.5 24.9934 0.0020002640522835025
2.5 24.458 0.0020220390088249002
3.5 21.8696 0.002138353885555205
4.5 18.851399999999998 0.0023031816708195966
5.5 16.661299999999997 0.002449884205897165
6.5 14.5046 0.0026257121979416853
7.5 12.6917 0.00280698505939442
8.5 11.289100000000001 0.002976256383958205
9.5 9.7545 0.0032018242788118705
10.5 8.7366 0.0033832085826361862
11.5 7.617800000000001 0.003623140843348793
12.5 6.7578 0.0038467798523918757
13.5 5.8914 0.004119938610076135
14.5 5.2128 0.0043799027602303055
15.5 4.4664 0.004731743482256149
16.5 3.9651 0.005021956281338967
17.5 3.3823999999999996 0.005437352853629447
18.5 2.9495 0.00582271856903271
19.5 2.4947999999999997 0.006331143136646553
20.5 2.1294 0.00685285235672883
21.5 1.8427 0.007366694877069453
22.5 1.5287000000000002 0.008087957625165787
23.5 1.275 0.008856148855400953
24.5 1.0814 0.009616273735051353
25.5 0.8816999999999999 0.010649754086705135
26.5 0.7375 0.01164445019479164
27.5 0.591 0.013007872144692095
28.5 0.4969 0.0141861811620665
29.5 0.4078 0.015659445847071705
30.5 0.32130000000000003 0.017641870800832102
31.5 0.27490000000000003 0.019072719867469376
32.5 0.2087 0.021889647878295008
33.5 0.1749 0.023911404992940522
34.5 0.133 0.027420424855354085
35.5 0.1081 0.030414953233623677
36.5 0.08310000000000001 0.03468961565679801
37.5 0.0632 0.0397778642087865
38.5 0.050199999999999995 0.04463218426774518
39.5 0.039999999999999994 0.05
40.5 0.0299 0.05783149319662402
41.5 0.0207 0.06950480468569159
42.5 0.0146 0.0827605888602368
43.5 0.014 0.08451542547285165
44.5 0.0103 0.09853292781642932
45.5 0.0067 0.12216944435630522
46.5 0.0043 0.15249857033260467
47.5 0.0044 0.15075567228888181
48.5 0.0029 0.18569533817705186
49.5 0.002 0.22360679774997896
50.5 0.0015 0.2581988897471611
51.5 0.0012 0.2886751345948129
52.5 0.0012000000000000001 0.28867513459481287
53.5 0.0011 0.30151134457776363
54.5 0.0006 0.4082482904638631
55.5 0.0005 0.4472135954999579
56.5 0.0001 1.0
57.5 0.0004 0.5
58.5 0.0001 1.0
59.5 0.0 inf
60.5 0.0 inf
61.5 0.0 inf
62.5 0.0 inf
63.5 0.0 inf
64.5 0.0 inf
65.5 0.0 inf
66.5 0.0 inf
67.5 0.0 inf
68.5 0.0 inf
69.5 0.0 inf
70.5 0.0 inf
71.5 0.0 inf
72.5 0.0 inf
73.5 0.0 inf
74.5 0.0 inf
75.5 0.0 inf
76.5 0.0 inf
77.5 0.0 inf
78.5 0.0 inf
79.5 0.0 inf
80.5 0.0 inf
81.5 0.0 inf
82.5 0.0 inf
83.5 0.0 inf
84.5 0.0 inf
85.5 0.0 inf
86.5 0.0 inf
87.5 0.0 inf
88.5 0.0 inf
89.5 0.0 inf
90.5 0.0 inf
91.5 0.0 inf
92.5 0.0 inf
93.5 0.0 inf
94.5 0.0 inf
95.5 0.0 inf
96.5 0.0 inf
97.5 0.0 inf
