0.5 38.5687 0.0016102099265275747
1.5 20.354 0.0022165376617718146
2.5 20.659399999999998 0.002200093549966659
3.5 18.8873 0.0023009917455831305
4.5 16.6801 0.0024485031947450854
5.5 15.0038 0.002581661907671349
6.5 13.1431 0.0027583609370980962
7.5 11.6775 0.002926341875374314
8.5 10.4692 0.003090603212953952
9.5 9.1306 0.003309408220517086
10.5 8.1864 0.0034950510165835135
11.5 7.1637 0.0037362102268615116
12.5 6.394299999999999 0.003954608504090465
13.5 5.618 0.0042189961839618675
14.5 4.9573 0.004491355162533237
15.5 4.284800000000001 0.004830974246801945
16.5 3.7727 0.005148418757986129
17.5 3.3034 0.005501985199305586
18.5 2.8089 0.0059666678301670065
19.5 2.3774 0.006485580747657878
20.5 2.0555 0.006974952581381996
21.5 1.7744 0.007507135169227553
22.5 1.4675 0.00825488343412996
23.5 1.2353 0.008997332686229195
24.5 1.0453999999999999 0.009780448083888471
25.5 0.8584 0.010793322294408639
26.5 0.726 0.011736313170325505
27.5 0.5764 0.013171584244345806
28.5 0.4958 0.0142019094330649
29.5 0.3996 0.015819299929208316
30.5 0.3226 0.017606288680921175
31.5 0.2629 0.01950314757443023
32.5 0.2057 0.022048693185121176
33.5 0.1637 0.024715856229864275
34.5 0.1279 0.0279617744210284
35.5 0.1001 0.0316069770620507
36.5 0.0785 0.03569153051241249
37.5 0.0636 0.03965257928590721
38.5 0.045899999999999996 0.04667600280093366
39.5 0.0379 0.051366549693751415
40.5 0.0266 0.06131393394849658
41.5 0.0214 0.06835859270246633
42.5 0.0157 0.07980868844676221
43.5 0.0115 0.09325048082403138
44.5 0.0097 0.10153461651336192
45.5 0.0073 0.11704114719613057
46.5 0.0063999999999999994 0.12500000000000003
47.5 0.0042 0.1543033499620919
48.5 0.0042 0.1543033499620919
49.5 0.0021000000000000003 0.21821789023599233
50.5 0.002 0.22360679774997896
51.5 0.0019000000000000002 0.22941573387056174
52.5 0.00039999999999999996 0.5000000000000001
53.5 0.0005 0.4472135954999579
54.5 0.0007 0.3779644730092272
55.5 0.0002 0.7071067811865475
56.5 0.00030000000000000003 0.5773502691896257
57.5 0.0002 0.7071067811865475
58.5 0.0 inf
59.5 0.0 inf
60.5 0.0002 0.7071067811865475
61.5 0.0 inf
62.5 0.0002 0.7071067811865475
63.5 0.0 inf
64.5 0.0 inf
65.5 0.0 inf
66.5 0.0 inf
67.5 0.0 inf
68.5 0.0001 1.0
69.5 0.0 inf
70.5 0.0 inf
71.5 0.0 inf
72.5 0.0 inf
73.5 0.0 inf
74.5 0.0 inf
75.5 0.0 inf
76.5 0.0 inf
77.5 0.0 inf
78.5 0.0 inf
79.5 0.0 inf
80.5 0.0 inf
81.5 0.0 inf
82.5 0.0 inf
83.5 0.0 inf
84.5 0.0 inf
85.5 0.0 inf
86.5 0.0 inf
87.5 0.0 inf
88.5 0.0 inf
89.5 0.0 inf
90.5 0.0 inf
91.5 0.0 inf
92.5 0.0 inf
93.5 0.0 inf
94.5 0.0 inf
95.5 0.0 inf
96.5 0.0 inf
97.5 0.0 inf
