0.5 42.2153 0.001539093698480077
1.5 22.2067 0.002122061603039553
2.5 22.3393 0.0021157542395779157
3.5 20.3482 0.0022168535374380684
4.5 17.9069 0.0023631418742275723
5.5 15.9165 0.0025065490821941194
6.5 13.883099999999999 0.00268384094374493
7.5 12.3631 0.0028440439863016884
8.5 10.918500000000002 0.003026345523883691
9.5 9.5809 0.0032307015970259915
10.5 8.5749 0.0034149587961667944
11.5 7.4741 0.003657804988732851
12.5 6.67 0.003872015463311831
13.5 5.7932 0.00415471022675312
14.5 5.1274999999999995 0.004416184056255194
15.5 4.4033 0.00476552620885011
16.5 3.9069 0.005059223346396109
17.5 3.3800999999999997 0.0054392024712243145
18.5 2.8890000000000002 0.005883370913485065
19.5 2.4994 0.006325314403612922
20.5 2.1157 0.006875004028323853
21.5 1.8083 0.007436434531120489
22.5 1.5439 0.00804804537719683
23.5 1.2936999999999999 0.008791909538890428
24.5 1.06 0.009712858623572641
25.5 0.8762 0.010683126613865841
26.5 0.7436 0.011596590176067833
27.5 0.5922000000000001 0.012994686259757506
28.5 0.5085999999999999 0.014022060031203645
29.5 0.41390000000000005 0.01554362416667488
30.5 0.3316 0.017365717791179697
31.5 0.2643 0.019451424796105867
32.5 0.2012 0.02229389810338549
33.5 0.1592 0.025062735355854276
34.5 0.1272 0.028038607704602217
35.5 0.1013 0.03141921118033474
36.5 0.08349999999999999 0.03460642701029914
37.5 0.0646 0.039344473768231684
38.5 0.0472 0.04602873089491617
39.5 0.0398 0.05012547071170855
40.5 0.0304 0.057353933467640436
41.5 0.022 0.06741998624632421
42.5 0.0173 0.07602859212697055
43.5 0.012 0.09128709291752768
44.5 0.0112 0.0944911182523068
45.5 0.0064 0.125
46.5 0.0073 0.11704114719613057
47.5 0.004 0.15811388300841897
48.5 0.0041 0.15617376188860607
49.5 0.0022 0.21320071635561041
50.5 0.0012 0.2886751345948129
51.5 0.0007999999999999999 0.3535533905932738
52.5 0.0007999999999999999 0.3535533905932738
53.5 0.0007999999999999999 0.3535533905932738
54.5 0.0002 0.7071067811865475
55.5 0.0 inf
56.5 0.0001 1.0
57.5 0.0001 1.0
58.5 0.00030000000000000003 0.5773502691896257
59.5 0.0003 0.5773502691896258
60.5 0.0002 0.7071067811865475
61.5 0.0 inf
62.5 0.0 inf
63.5 0.0001 1.0
64.5 0.0 inf
65.5 0.0 inf
66.5 0.0 inf
67.5 0.0 inf
68.5 0.0 inf
69.5 0.0 inf
70.5 0.0 inf
71.5 0.0 inf
72.5 0.0 inf
73.5 0.0 inf
74.5 0.0 inf
75.5 0.0 inf
76.5 0.0 inf
77.5 0.0 inf
78.5 0.0 inf
79.5 0.0 inf
80.5 0.0 inf
81.5 0.0 inf
82.5 0.0 inf
83.5 0.0 inf
84.5 0.0 inf
85.5 0.0 inf
86.5 0.0 inf
87.5 0.0 inf
88.5 0.0 inf
89.5 0.0 inf
90.5 0.0 inf
91.5 0.0 inf
92.5 0.0 inf
93.5 0.0 inf
94.5 0.0 inf
95.5 0.0 inf
96.5 0.0 inf
97.5 0.0 inf
