0.5 994386.0 0.0010028188744391204
1.5 473723.0 0.0014529068272684969
2.5 435070.0 0.0015160741090904785
3.5 359804.0 0.0016671205557168105
4.5 285047.0 0.0018730171877620854
5.5 232446.0 0.00207414427181543
6.5 185214.0 0.0023236092379574076
7.5 150276.0 0.0025796167407607113
8.5 123011.0 0.002851202252627672
9.5 99158.0 0.003175675516195993
10.5 82004.0 0.0034920663075375885
11.5 66775.0 0.003869840377213793
12.5 54867.0 0.004269179277302783
13.5 44933.0 0.0047175584763130465
14.5 37137.0 0.005189154377623119
15.5 29895.0 0.005783632921228633
16.5 24564.0 0.0063804374526836224
17.5 20338.0 0.007012064116251356
18.5 16091.0 0.007883307779413602
19.5 13396.0 0.008639973900406262
20.5 10799.0 0.00962295000375152
21.5 8753.0 0.010688617499098876
22.5 6870.0 0.012064841796274876
23.5 5678.0 0.013270958953000707
24.5 4449.0 0.014992318404722224
25.5 3427.0 0.017082166388387977
26.5 2761.0 0.019031227316797756
27.5 2128.0 0.021677749238103
28.5 1789.0 0.02364257795702247
29.5 1423.0 0.0265092566603795
30.5 1057.0 0.03075831259604325
31.5 749.0 0.03653920476209348
32.5 654.0 0.039103094350288754
33.5 471.0 0.04607756775840914
34.5 410.0 0.04938647983247948
35.5 259.0 0.062136976600120006
36.5 234.0 0.06537204504606134
37.5 158.0 0.079555728417573
38.5 116.0 0.09284766908852593
39.5 91.0 0.10482848367219183
40.5 76.0 0.11470786693528087
41.5 63.0 0.1259881576697424
42.5 43.0 0.15249857033260467
43.5 33.0 0.17407765595569785
44.5 20.0 0.22360679774997896
45.5 10.0 0.31622776601683794
46.5 20.0 0.22360679774997896
47.5 10.0 0.31622776601683794
48.5 5.0 0.4472135954999579
49.5 4.0 0.5
50.5 4.0 0.5
51.5 5.0 0.4472135954999579
52.5 1.0 1.0
53.5 2.0 0.7071067811865475
54.5 2.0 0.7071067811865475
55.5 0.0 inf
56.5 1.0 1.0
57.5 0.0 inf
58.5 0.0 inf
59.5 0.0 inf
60.5 0.0 inf
61.5 0.0 inf
62.5 0.0 inf
63.5 0.0 inf
64.5 0.0 inf
65.5 0.0 inf
66.5 0.0 inf
67.5 0.0 inf
68.5 0.0 inf
69.5 0.0 inf
70.5 0.0 inf
71.5 0.0 inf
72.5 0.0 inf
73.5 0.0 inf
74.5 0.0 inf
75.5 0.0 inf
76.5 0.0 inf
77.5 0.0 inf
78.5 0.0 inf
79.5 0.0 inf
80.5 0.0 inf
81.5 0.0 inf
82.5 0.0 inf
83.5 0.0 inf
84.5 0.0 inf
85.5 0.0 inf
86.5 0.0 inf
87.5 0.0 inf
88.5 0.0 inf
89.5 0.0 inf
90.5 0.0 inf
91.5 0.0 inf
92.5 0.0 inf
93.5 0.0 inf
94.5 0.0 inf
95.5 0.0 inf
96.5 0.0 inf
97.5 0.0 inf
