0.5 39.157 0.0015980681444529184
1.5 20.6527 0.0022004503902700264
2.5 20.9446 0.0021850630079104185
3.5 19.2255 0.0022806633224792734
4.5 16.8637 0.002435137934593726
5.5 15.1781 0.0025667956528151125
6.5 13.312999999999999 0.0027407033711854814
7.5 11.7912 0.002912198655813748
8.5 10.528099999999998 0.0030819458176436394
9.5 9.2043 0.003296132165208824
10.5 8.2752 0.0034762479884696837
11.5 7.2712 0.0037084886553018287
12.5 6.4596 0.003934569191996559
13.5 5.6608 0.004203016494619291
14.5 4.9428 0.004497938167916704
15.5 4.3228 0.004809693798667336
16.5 3.8217999999999996 0.0051152400816265545
17.5 3.3009 0.00550406832202783
18.5 2.8345000000000002 0.005939662512024334
19.5 2.4034 0.006450404823984011
20.5 2.0763 0.0069399277321328294
21.5 1.7553 0.007547868471567334
22.5 1.4811999999999999 0.008216618978461463
23.5 1.2787 0.00884332665745943
24.5 1.0421 0.009795921631294715
25.5 0.8527 0.010829336992513977
26.5 0.7119 0.011851968908912965
27.5 0.5826 0.013101311113808021
28.5 0.506 0.014058038927888332
29.5 0.3967 0.015877016633223832
30.5 0.3113 0.017922989058224634
31.5 0.25939999999999996 0.019634281539316647
32.5 0.20800000000000002 0.021926450482675733
33.5 0.1575 0.02519763153394848
34.5 0.12819999999999998 0.027929038673897285
35.5 0.1043 0.030964056111131625
36.5 0.0794 0.0354886720493838
37.5 0.0664 0.03880752628531664
38.5 0.0526 0.04360207201969474
39.5 0.038099999999999995 0.051231551957856
40.5 0.0257 0.06237828615518053
41.5 0.0216 0.06804138174397717
42.5 0.0167 0.07738232325341368
43.5 0.0129 0.08804509063256238
44.5 0.0094 0.10314212462587934
45.5 0.0073 0.11704114719613057
46.5 0.0053 0.13736056394868904
47.5 0.0046 0.14744195615489714
48.5 0.0033 0.17407765595569785
49.5 0.0024000000000000002 0.20412414523193148
50.5 0.0017000000000000001 0.24253562503633297
51.5 0.0015 0.2581988897471611
52.5 0.0005 0.4472135954999579
53.5 0.0006 0.4082482904638631
54.5 0.0004 0.5
55.5 0.0005 0.4472135954999579
56.5 0.0007 0.3779644730092272
57.5 0.0001 1.0
58.5 0.0001 1.0
59.5 0.0001 1.0
60.5 0.0 inf
61.5 0.0001 1.0
62.5 0.0001 1.0
63.5 0.0 inf
64.5 0.0 inf
65.5 0.0001 1.0
66.5 0.0 inf
67.5 0.0 inf
68.5 0.0 inf
69.5 0.0 inf
70.5 0.0 inf
71.5 0.0 inf
72.5 0.0 inf
73.5 0.0 inf
74.5 0.0 inf
75.5 0.0 inf
76.5 0.0 inf
77.5 0.0 inf
78.5 0.0 inf
79.5 0.0 inf
80.5 0.0 inf
81.5 0.0 inf
82.5 0.0 inf
83.5 0.0 inf
84.5 0.0 inf
85.5 0.0 inf
86.5 0.0 inf
87.5 0.0 inf
88.5 0.0 inf
89.5 0.0 inf
90.5 0.0 inf
91.5 0.0 inf
92.5 0.0 inf
93.5 0.0 inf
94.5 0.0 inf
95.5 0.0 inf
96.5 0.0 inf
97.5 0.0 inf
