0.5 38.4838 0.0016119851086535157
1.5 20.3289 0.0022179056141156343
2.5 20.596899999999998 0.002203429044425155
3.5 18.88 0.0023014365447458084
4.5 16.6535 0.002450457864881699
5.5 14.984200000000001 0.0025833498201809756
6.5 13.123899999999999 0.0027603779127723443
7.5 11.6494 0.002929869124790287
8.5 10.3915 0.00310213632380136
9.5 9.136700000000001 0.00330830329419067
10.5 8.1177 0.0035098091458040065
11.5 7.152699999999999 0.003739082046143564
12.5 6.4045000000000005 0.003951458134816729
13.5 5.613300000000001 0.004220762091097702
14.5 4.9235 0.004506745449271717
15.5 4.2836 0.0048316508696368155
16.5 3.7747 0.005147054649341023
17.5 3.2631 0.005535856302727124
18.5 2.7767 0.006001164338833558
19.5 2.4206 0.006427446723797823
20.5 2.0559000000000003 0.006974274018039463
21.5 1.7593999999999999 0.007539068792529832
22.5 1.5005000000000002 0.008163605321754815
23.5 1.237 0.008991148076571887
24.5 1.069 0.009671885519598003
25.5 0.8561000000000001 0.01080781125022816
26.5 0.7088 0.011877858453639497
27.5 0.5736 0.013203693325496157
28.5 0.4899 0.01428717223482108
29.5 0.39149999999999996 0.015982110049512804
30.5 0.3153 0.01780893769916455
31.5 0.2519 0.01992443047452101
32.5 0.1976 0.022496063533292376
33.5 0.1632 0.024753688574416854
34.5 0.1306 0.027671226645624276
35.5 0.10339999999999999 0.031098520678556146
36.5 0.0796 0.03544406025041679
37.5 0.0632 0.0397778642087865
38.5 0.052000000000000005 0.043852900965351466
39.5 0.0377 0.051502620262460476
40.5 0.0288 0.05892556509887897
41.5 0.0227 0.0663723311599972
42.5 0.0204 0.07001400420140048
43.5 0.0114 0.0936585811581694
44.5 0.0091 0.10482848367219183
45.5 0.007599999999999999 0.1147078669352809
46.5 0.0068000000000000005 0.12126781251816648
47.5 0.0033 0.17407765595569785
48.5 0.0026 0.19611613513818404
49.5 0.0024999999999999996 0.2
50.5 0.0018 0.23570226039551587
51.5 0.0013 0.2773500981126146
52.5 0.0017000000000000001 0.24253562503633297
53.5 0.0006000000000000001 0.40824829046386296
54.5 0.0006 0.4082482904638631
55.5 0.0002 0.7071067811865475
56.5 0.0002 0.7071067811865475
57.5 0.0003 0.5773502691896258
58.5 0.0002 0.7071067811865475
59.5 0.0 inf
60.5 0.0 inf
61.5 0.0 inf
62.5 0.0 inf
63.5 0.0 inf
64.5 0.0 inf
65.5 0.0 inf
66.5 0.0 inf
67.5 0.0 inf
68.5 0.0 inf
69.5 0.0 inf
70.5 0.0 inf
71.5 0.0 inf
72.5 0.0 inf
73.5 0.0 inf
74.5 0.0 inf
75.5 0.0 inf
76.5 0.0 inf
77.5 0.0 inf
78.5 0.0 inf
79.5 0.0 inf
80.5 0.0 inf
81.5 0.0 inf
82.5 0.0 inf
83.5 0.0 inf
84.5 0.0 inf
85.5 0.0 inf
86.5 0.0 inf
87.5 0.0 inf
88.5 0.0 inf
89.5 0.0 inf
90.5 0.0 inf
91.5 0.0 inf
92.5 0.0 inf
93.5 0.0 inf
94.5 0.0 inf
95.5 0.0 inf
96.5 0.0 inf
97.5 0.0 inf
