0.5 39.2835 0.0015954930349631532
1.5 20.682499999999997 0.002198864579591276
2.5 21.0087 0.0021817270199887538
3.5 19.2731 0.002277845231819986
4.5 16.8834 0.0024337168280838917
5.5 15.1569 0.0025685901178164423
6.5 13.3723 0.0027346197397232794
7.5 11.827200000000001 0.0029077631574952216
8.5 10.5577 0.003077622450482821
9.5 9.2037 0.003296239602819153
10.5 8.264299999999999 0.003478539689969914
11.5 7.2315000000000005 0.0037186542840147558
12.5 6.4491 0.003937770892576808
13.5 5.6421 0.004209975906166335
14.5 4.9718 0.004484800976684994
15.5 4.3179 0.0048124220713508924
16.5 3.7938 0.005134081800108166
17.5 3.3386 0.005472903687610197
18.5 2.8124000000000002 0.005962953949011954
19.5 2.4149000000000003 0.006435027752645347
20.5 2.0991999999999997 0.00690197037967791
21.5 1.7572 0.007543786742456421
22.5 1.4928 0.008184632555895641
23.5 1.246 0.008958617182905826
24.5 1.0582 0.00972111590817096
25.5 0.8786 0.010668525522832224
26.5 0.7137 0.011837013737140583
27.5 0.5752999999999999 0.013184170567565757
28.5 0.4949 0.014214817002999845
29.5 0.4071 0.015672903110733747
30.5 0.3227 0.017603560504150954
31.5 0.26180000000000003 0.019544077624852607
32.5 0.1989 0.02242242646654375
33.5 0.15660000000000002 0.025269934785963448
34.5 0.1285 0.027896417632583534
35.5 0.1125 0.0298142396999972
36.5 0.0809 0.035158127696731496
37.5 0.0629 0.039872611141445
38.5 0.0476 0.04583492485141056
39.5 0.036699999999999997 0.052199575097188054
40.5 0.0247 0.06362847629757777
41.5 0.022600000000000002 0.06651901052377392
42.5 0.0184 0.07372097807744857
43.5 0.011699999999999999 0.09245003270420486
44.5 0.0104 0.09805806756909202
45.5 0.007599999999999999 0.1147078669352809
46.5 0.0052 0.1386750490563073
47.5 0.005 0.1414213562373095
48.5 0.0028 0.1889822365046136
49.5 0.0021999999999999997 0.21320071635561047
50.5 0.002 0.22360679774997896
51.5 0.0007999999999999999 0.3535533905932738
52.5 0.0007999999999999999 0.3535533905932738
53.5 0.0010999999999999998 0.3015113445777637
54.5 0.00030000000000000003 0.5773502691896257
55.5 0.00030000000000000003 0.5773502691896257
56.5 0.0 inf
57.5 0.0001 1.0
58.5 0.0 inf
59.5 0.0 inf
60.5 0.0003 0.5773502691896258
61.5 0.0001 1.0
62.5 0.0 inf
63.5 0.0 inf
64.5 0.0002 0.7071067811865475
65.5 0.0 inf
66.5 0.0 inf
67.5 0.0 inf
68.5 0.0 inf
69.5 0.0 inf
70.5 0.0 inf
71.5 0.0 inf
72.5 0.0 inf
73.5 0.0 inf
74.5 0.0 inf
75.5 0.0 inf
76.5 0.0 inf
77.5 0.0 inf
78.5 0.0 inf
79.5 0.0 inf
80.5 0.0 inf
81.5 0.0 inf
82.5 0.0 inf
83.5 0.0 inf
84.5 0.0 inf
85.5 0.0 inf
86.5 0.0 inf
87.5 0.0 inf
88.5 0.0 inf
89.5 0.0 inf
90.5 0.0 inf
91.5 0.0 inf
92.5 0.0 inf
93.5 0.0 inf
94.5 0.0 inf
95.5 0.0 inf
96.5 0.0 inf
97.5 0.0 inf
