0.5 39.509299999999996 0.0015909272929964511
1.5 20.8373 0.00219068168705023
2.5 21.1142 0.002176269544855109
3.5 19.3429 0.0022737316477396637
4.5 16.9459 0.00242922465558721
5.5 15.235199999999999 0.002561981091255607
6.5 13.328 0.0027391606744548947
7.5 11.8984 0.0028990500789366994
8.5 10.5922 0.0030726062794293116
9.5 9.196200000000001 0.003297583459987539
10.5 8.291699999999999 0.0034727875005690235
11.5 7.230499999999999 0.0037189114256866752
12.5 6.4431 0.003939603948673005
13.5 5.6525 0.004206101168675361
14.5 4.9847 0.004478994066396074
15.5 4.3563 0.004791164805960482
16.5 3.8182 0.005117650972322828
17.5 3.3067 0.005499239095431613
18.5 2.811 0.005964438669103368
19.5 2.4128 0.0064378275328075595
20.5 2.0906000000000002 0.006916151960815171
21.5 1.7722 0.007511793383572935
22.5 1.4998 0.008165510194770366
23.5 1.2503 0.008943198790527601
24.5 1.0621 0.009703251667822634
25.5 0.8715999999999999 0.010711280419443603
26.5 0.7117 0.011853634095982498
27.5 0.5723 0.013218681150730162
28.5 0.5079 0.014031719474382226
29.5 0.3984 0.015843106263111948
30.5 0.3226 0.017606288680921175
31.5 0.2552 0.019795189561622396
32.5 0.20129999999999998 0.02228835993459966
33.5 0.1658 0.024558833620630074
34.5 0.1328 0.027441064997422587
35.5 0.10220000000000001 0.031280562354492725
36.5 0.0826 0.03479445003196105
37.5 0.0611 0.04045566970313674
38.5 0.0498 0.04481107149482209
39.5 0.0364 0.052414241836095915
40.5 0.030199999999999998 0.0575435337648436
41.5 0.020700000000000003 0.06950480468569159
42.5 0.0169 0.07692307692307693
43.5 0.013399999999999999 0.08638684255813601
44.5 0.009000000000000001 0.10540925533894598
45.5 0.008 0.11180339887498948
46.5 0.006500000000000001 0.12403473458920847
47.5 0.0043 0.15249857033260467
48.5 0.0037999999999999996 0.16222142113076254
49.5 0.0024000000000000002 0.20412414523193148
50.5 0.0019 0.22941573387056174
51.5 0.0015999999999999999 0.25000000000000006
52.5 0.0006 0.4082482904638631
53.5 0.0002 0.7071067811865475
54.5 0.0007 0.3779644730092272
55.5 0.0004 0.5
56.5 0.0003 0.5773502691896258
57.5 0.0 inf
58.5 0.0002 0.7071067811865475
59.5 0.0 inf
60.5 0.0 inf
61.5 0.0 inf
62.5 0.0001 1.0
63.5 0.0 inf
64.5 0.0 inf
65.5 0.0 inf
66.5 0.0 inf
67.5 0.0 inf
68.5 0.0 inf
69.5 0.0 inf
70.5 0.0 inf
71.5 0.0 inf
72.5 0.0 inf
73.5 0.0 inf
74.5 0.0 inf
75.5 0.0 inf
76.5 0.0 inf
77.5 0.0 inf
78.5 0.0 inf
79.5 0.0 inf
80.5 0.0 inf
81.5 0.0 inf
82.5 0.0 inf
83.5 0.0 inf
84.5 0.0 inf
85.5 0.0 inf
86.5 0.0 inf
87.5 0.0 inf
88.5 0.0 inf
89.5 0.0 inf
90.5 0.0 inf
91.5 0.0 inf
92.5 0.0 inf
93.5 0.0 inf
94.5 0.0 inf
95.5 0.0 inf
96.5 0.0 inf
97.5 0.0 inf
