0.5 38.4415 0.0016128717574917372
1.5 20.3107 0.0022188991013776986
2.5 20.5109 0.0022080435830416707
3.5 18.9359 0.0022980370393287206
4.5 16.6441 0.002451149733249695
5.5 14.8732 0.0025929717846428766
6.5 13.1487 0.002757773484867489
7.5 11.6466 0.0029302212936869
8.5 10.4246 0.0030972074848311607
9.5 9.0922 0.003316389335070976
10.5 8.1414 0.00350469681241791
11.5 7.133100000000001 0.003744215559916036
12.5 6.406499999999999 0.00395084129776414
13.5 5.5760000000000005 0.004234855708219638
14.5 4.9163 0.004510044342297451
15.5 4.2889 0.0048286645951045445
16.5 3.7634 0.005154776141051782
17.5 3.2559 0.005541973836192684
18.5 2.7717 0.006006574791201754
19.5 2.391 0.006467109463253507
20.5 2.0925000000000002 0.006913011298202835
21.5 1.7687 0.007519222083477583
22.5 1.4785 0.00822411804917979
23.5 1.2623 0.008900588214808906
24.5 1.0343 0.009832789403930689
25.5 0.8654 0.010749581446320992
26.5 0.7173 0.011807272449596909
27.5 0.5792 0.013139708280690917
28.5 0.4978 0.014173351371926586
29.5 0.3764 0.01629953416597021
30.5 0.30920000000000003 0.01798375003164016
31.5 0.2596 0.01962671679947149
32.5 0.2098 0.021832187779978623
33.5 0.16360000000000002 0.024723408821707437
34.5 0.1273 0.028027592733560525
35.5 0.1058 0.030743773095067282
36.5 0.0746 0.03661260129691062
37.5 0.0578 0.04159451654038515
38.5 0.0479 0.04569116623849538
39.5 0.0369 0.052057920629535355
40.5 0.0296 0.05812381937190964
41.5 0.020999999999999998 0.06900655593423542
42.5 0.0179 0.07474350927519359
43.5 0.0139 0.08481889296799709
44.5 0.0106 0.09712858623572641
45.5 0.0069 0.1203858530857692
46.5 0.0060999999999999995 0.12803687993289598
47.5 0.0048000000000000004 0.14433756729740643
48.5 0.004399999999999999 0.15075567228888184
49.5 0.0026 0.19611613513818404
50.5 0.0014 0.2672612419124244
51.5 0.0016 0.25
52.5 0.0009 0.3333333333333333
53.5 0.0002 0.7071067811865475
54.5 0.0008 0.35355339059327373
55.5 0.00030000000000000003 0.5773502691896257
56.5 0.0 inf
57.5 0.0 inf
58.5 0.0 inf
59.5 0.0 inf
60.5 0.0 inf
61.5 0.0001 1.0
62.5 0.0 inf
63.5 0.0 inf
64.5 0.0 inf
65.5 0.0 inf
66.5 0.0 inf
67.5 0.0 inf
68.5 0.0 inf
69.5 0.0 inf
70.5 0.0 inf
71.5 0.0 inf
72.5 0.0 inf
73.5 0.0 inf
74.5 0.0 inf
75.5 0.0 inf
76.5 0.0 inf
77.5 0.0 inf
78.5 0.0 inf
79.5 0.0 inf
80.5 0.0 inf
81.5 0.0 inf
82.5 0.0 inf
83.5 0.0 inf
84.5 0.0 inf
85.5 0.0 inf
86.5 0.0 inf
87.5 0.0 inf
88.5 0.0 inf
89.5 0.0 inf
90.5 0.0 inf
91.5 0.0 inf
92.5 0.0 inf
93.5 0.0 inf
94.5 0.0 inf
95.5 0.0 inf
96.5 0.0 inf
97.5 0.0 inf
