0.5 38.433099999999996 0.0016130480037816405
1.5 20.2785 0.002220660084943419
2.5 20.5458 0.002206167445983137
3.5 18.921999999999997 0.0022988809472338965
4.5 16.6467 0.002450958306775662
5.5 14.9083 0.002589917548308896
6.5 13.098099999999999 0.00276309520437694
7.5 11.677299999999999 0.0029263669353568906
8.5 10.3863 0.003102912783673534
9.5 9.1166 0.003311948308997928
10.5 8.1669 0.0034992210726034183
11.5 7.1556 0.003738324287409473
12.5 6.3651 0.003963669040127593
13.5 5.545 0.004246676948355859
14.5 4.9318 0.00450295152629843
15.5 4.2837 0.004831594473541525
16.5 3.8011 0.005129149437250406
17.5 3.2959 0.005508241675615639
18.5 2.7906 0.005986199758101743
19.5 2.378 0.006484762498301509
20.5 2.0594 0.006968345024348509
21.5 1.7561 0.007546149041401722
22.5 1.4696 0.008248983375444604
23.5 1.2386 0.008985338902599864
24.5 1.0514000000000001 0.009752501227779029
25.5 0.8524 0.010831242503598114
26.5 0.7115 0.011855299985119524
27.5 0.5767 0.013168157862086834
28.5 0.495 0.01421338109037403
29.5 0.3998 0.015815342630852665
30.5 0.3136 0.017857142857142856
31.5 0.26539999999999997 0.019411072904885092
32.5 0.20679999999999998 0.021989974856677124
33.5 0.1565 0.025278006958277935
34.5 0.1252 0.028261670947211076
35.5 0.10250000000000001 0.031234752377721213
36.5 0.0813 0.03507153119159472
37.5 0.0646 0.039344473768231684
38.5 0.0514 0.04410810913912309
39.5 0.0372 0.05184758473652126
40.5 0.024 0.06454972243679027
41.5 0.023 0.0659380473395787
42.5 0.015 0.08164965809277261
43.5 0.0157 0.07980868844676221
44.5 0.0093 0.10369516947304253
45.5 0.0078 0.11322770341445956
46.5 0.0058 0.13130643285972257
47.5 0.0039 0.16012815380508713
48.5 0.0028 0.1889822365046136
49.5 0.002 0.22360679774997896
50.5 0.0026 0.19611613513818404
51.5 0.0012000000000000001 0.28867513459481287
52.5 0.0006000000000000001 0.40824829046386296
53.5 0.0006000000000000001 0.40824829046386296
54.5 0.00039999999999999996 0.5000000000000001
55.5 0.0005 0.4472135954999579
56.5 0.0005 0.4472135954999579
57.5 0.0001 1.0
58.5 0.0001 1.0
59.5 0.0002 0.7071067811865475
60.5 0.0001 1.0
61.5 0.0 inf
62.5 0.0001 1.0
63.5 0.0 inf
64.5 0.0 inf
65.5 0.0 inf
66.5 0.0 inf
67.5 0.0 inf
68.5 0.0 inf
69.5 0.0 inf
70.5 0.0 inf
71.5 0.0 inf
72.5 0.0 inf
73.5 0.0 inf
74.5 0.0 inf
75.5 0.0 inf
76.5 0.0 inf
77.5 0.0 inf
78.5 0.0 inf
79.5 0.0 inf
80.5 0.0 inf
81.5 0.0 inf
82.5 0.0 inf
83.5 0.0 inf
84.5 0.0 inf
85.5 0.0 inf
86.5 0.0 inf
87.5 0.0 inf
88.5 0.0 inf
89.5 0.0 inf
90.5 0.0 inf
91.5 0.0 inf
92.5 0.0 inf
93.5 0.0 inf
94.5 0.0 inf
95.5 0.0 inf
96.5 0.0 inf
97.5 0.0 inf
