0.5 38.518699999999995 0.0016112546708490186
1.5 20.372600000000002 0.0022155255912723716
2.5 20.599200000000003 0.002203306029252877
3.5 18.971600000000002 0.002295873843986126
4.5 16.6837 0.0024482390121280564
5.5 14.9525 0.0025860867816064614
6.5 13.1669 0.0027558668540825465
7.5 11.620000000000001 0.0029335732442442876
8.5 10.453800000000001 0.0030928788339552272
9.5 9.146799999999999 0.003306476256737196
10.5 8.1908 0.0034941121406325973
11.5 7.1768 0.0037327987684656777
12.5 6.3931000000000004 0.0039549796313635395
13.5 5.6077 0.00422286904846896
14.5 4.9549 0.004492442767472
15.5 4.2946 0.004825459113005
16.5 3.7805 0.005143104857546412
17.5 3.297 0.005507322723339465
18.5 2.783 0.005994367939961699
19.5 2.4123 0.006438494685936682
20.5 2.0652999999999997 0.006958384573084782
21.5 1.7527 0.00755346474747406
22.5 1.4727999999999999 0.008240017086517146
23.5 1.2376999999999998 0.008988605176921589
24.5 1.0563 0.009729854818513947
25.5 0.8628 0.010765765896831822
26.5 0.7191000000000001 0.011792485627953748
27.5 0.5769 0.013165875092222739
28.5 0.5059 0.014059428268103007
29.5 0.3914 0.015984151578556007
30.5 0.3195 0.01769149641447584
31.5 0.248 0.02008048322256247
32.5 0.202 0.022249707974499235
33.5 0.1604 0.02496880847194612
34.5 0.12990000000000002 0.027745683280893146
35.5 0.0975 0.03202563076101743
36.5 0.0811 0.03511474936103118
37.5 0.0604 0.04068942293855797
38.5 0.0492 0.045083481733371615
39.5 0.0338 0.05439282932204212
40.5 0.028900000000000002 0.058823529411764705
41.5 0.0233 0.06551217820804184
42.5 0.0207 0.06950480468569159
43.5 0.0129 0.08804509063256238
44.5 0.010100000000000001 0.0995037190209989
45.5 0.008400000000000001 0.10910894511799617
46.5 0.0063 0.1259881576697424
47.5 0.005 0.1414213562373095
48.5 0.0027 0.19245008972987526
49.5 0.0022 0.21320071635561041
50.5 0.0021000000000000003 0.21821789023599233
51.5 0.001 0.31622776601683794
52.5 0.0006000000000000001 0.40824829046386296
53.5 0.0005 0.4472135954999579
54.5 0.0001 1.0
55.5 0.0001 1.0
56.5 0.0005 0.4472135954999579
57.5 0.00030000000000000003 0.5773502691896257
58.5 0.0001 1.0
59.5 0.0001 1.0
60.5 0.0001 1.0
61.5 0.0 inf
62.5 0.0001 1.0
63.5 0.0 inf
64.5 0.0 inf
65.5 0.0 inf
66.5 0.0 inf
67.5 0.0 inf
68.5 0.0 inf
69.5 0.0 inf
70.5 0.0 inf
71.5 0.0 inf
72.5 0.0 inf
73.5 0.0 inf
74.5 0.0 inf
75.5 0.0 inf
76.5 0.0 inf
77.5 0.0 inf
78.5 0.0 inf
79.5 0.0 inf
80.5 0.0 inf
81.5 0.0 inf
82.5 0.0 inf
83.5 0.0 inf
84.5 0.0 inf
85.5 0.0 inf
86.5 0.0 inf
87.5 0.0 inf
88.5 0.0 inf
89.5 0.0 inf
90.5 0.0 inf
91.5 0.0 inf
92.5 0.0 inf
93.5 0.0 inf
94.5 0.0 inf
95.5 0.0 inf
96.5 0.0 inf
97.5 0.0 inf
