0.5 55.4883 0.0013424536197543938
1.5 23.495 0.0020630619788716176
2.5 22.6684 0.0021003398204664566
3.5 20.3035 0.00221929249801935
4.5 17.5622 0.002386220325704082
5.5 15.5939 0.002532343571752602
6.5 13.6121 0.002710425250158228
7.5 12.0896 0.0028760341201827327
8.5 10.775400000000001 0.0030463745573162558
9.5 9.3412 0.00327188977613043
10.5 8.3686 0.003456794759916825
11.5 7.266500000000001 0.0037096877937563854
12.5 6.4986 0.003922745174993794
13.5 5.6594999999999995 0.004203499188117855
14.5 5.053 0.004448620418683416
15.5 4.3484 0.004795515029764697
16.5 3.8071 0.005125106066769201
17.5 3.3307 0.005479390361874473
18.5 2.8453999999999997 0.005928274931500463
19.5 2.4257999999999997 0.006420554017553639
20.5 2.1024000000000003 0.0068967157383530665
21.5 1.7894999999999999 0.007475395050026026
22.5 1.4737 0.008237500581129945
23.5 1.2752 0.008855454337197682
24.5 1.0686 0.009673695547782577
25.5 0.8711 0.010714354045843187
26.5 0.7139 0.01183535554371126
27.5 0.5844 0.013081118996315122
28.5 0.49460000000000004 0.014219127353430849
29.5 0.3956 0.015899075018722335
30.5 0.3212 0.017644616831014637
31.5 0.2558 0.019771960307117736
32.5 0.2049 0.022091694090300196
33.5 0.1643 0.02467068557457242
34.5 0.1254 0.02823912473624525
35.5 0.1002 0.031591201180328175
36.5 0.0802 0.03531122757732244
37.5 0.0659 0.03895446935658099
38.5 0.0487 0.04531432544294438
39.5 0.0368 0.05212860351426869
40.5 0.0279 0.05986843400892496
41.5 0.0224 0.0668153104781061
42.5 0.0184 0.07372097807744857
43.5 0.0149 0.08192319205190406
44.5 0.0089 0.105999788000636
45.5 0.0091 0.10482848367219183
46.5 0.0052 0.1386750490563073
47.5 0.0052 0.1386750490563073
48.5 0.0033 0.17407765595569785
49.5 0.0027 0.19245008972987526
50.5 0.0012000000000000001 0.28867513459481287
51.5 0.0013 0.2773500981126146
52.5 0.0014 0.2672612419124244
53.5 0.0004 0.5
54.5 0.0003 0.5773502691896258
55.5 0.0001 1.0
56.5 0.0005 0.4472135954999579
57.5 0.0002 0.7071067811865475
58.5 0.0 inf
59.5 0.0 inf
60.5 0.0 inf
61.5 0.0 inf
62.5 0.0 inf
63.5 0.0001 1.0
64.5 0.0 inf
65.5 0.0 inf
66.5 0.0 inf
67.5 0.0 inf
68.5 0.0 inf
69.5 0.0 inf
70.5 0.0 inf
71.5 0.0 inf
72.5 0.0 inf
73.5 0.0 inf
74.5 0.0 inf
75.5 0.0 inf
76.5 0.0 inf
77.5 0.0 inf
78.5 0.0 inf
79.5 0.0 inf
80.5 0.0 inf
81.5 0.0 inf
82.5 0.0 inf
83.5 0.0 inf
84.5 0.0 inf
85.5 0.0 inf
86.5 0.0 inf
87.5 0.0 inf
88.5 0.0 inf
89.5 0.0 inf
90.5 0.0 inf
91.5 0.0 inf
92.5 0.0 inf
93.5 0.0 inf
94.5 0.0 inf
95.5 0.0 inf
96.5 0.0 inf
97.5 0.0 inf
