0.5 41.9318 0.0015442878236614093
1.5 21.783099999999997 0.002142595346817652
2.5 21.634900000000002 0.0021499212578885156
3.5 19.756 0.00224983408085458
4.5 17.2989 0.0024043116230395684
5.5 15.4468 0.002544372765133273
6.5 13.516 0.002720043869221287
7.5 11.956 0.002892058322067557
8.5 10.6351 0.003066402858341152
9.5 9.262799999999999 0.00328570717786563
10.5 8.3692 0.0034566708463987664
11.5 7.272 0.0037082846624165396
12.5 6.4985 0.003922775356805629
13.5 5.6822 0.004195094439875394
14.5 5.0222 0.004462240752040446
15.5 4.356999999999999 0.004790779913823481
16.5 3.8106999999999998 0.0051226846295716775
17.5 3.2996999999999996 0.005505069061731014
18.5 2.8239 0.0059507998486921084
19.5 2.4406 0.00640105702981235
20.5 2.0942 0.00691020485536842
21.5 1.7685 0.007519647246582359
22.5 1.4925 0.00818545509070058
23.5 1.278 0.00884574820723792
24.5 1.0491 0.009763185848995624
25.5 0.8687 0.010729144372515053
26.5 0.7209 0.011777754222292887
27.5 0.579 0.013141977464419205
28.5 0.4928 0.014245072057454743
29.5 0.39649999999999996 0.015881020420107105
30.5 0.3206 0.017661119983645744
31.5 0.2603 0.019600308903302496
32.5 0.2059 0.022037982136063
33.5 0.1713 0.024161356785259637
34.5 0.1306 0.027671226645624276
35.5 0.1018 0.031341957040361135
36.5 0.0817 0.03498557142706598
37.5 0.0627 0.03993615319154358
38.5 0.0481 0.04559607525875532
39.5 0.038 0.051298917604257706
40.5 0.0305 0.057259833431386825
41.5 0.019999999999999997 0.07071067811865477
42.5 0.0155 0.08032193289024989
43.5 0.0141 0.0842151921066519
44.5 0.0112 0.0944911182523068
45.5 0.006999999999999999 0.11952286093343939
46.5 0.0051 0.14002800840280097
47.5 0.0038 0.16222142113076254
48.5 0.0037 0.1643989873053573
49.5 0.0021999999999999997 0.21320071635561047
50.5 0.0018 0.23570226039551587
51.5 0.001 0.31622776601683794
52.5 0.0006 0.4082482904638631
53.5 0.0006000000000000001 0.40824829046386296
54.5 0.00039999999999999996 0.5000000000000001
55.5 0.00030000000000000003 0.5773502691896257
56.5 0.0 inf
57.5 0.00030000000000000003 0.5773502691896257
58.5 0.00030000000000000003 0.5773502691896257
59.5 0.0 inf
60.5 0.0 inf
61.5 0.0001 1.0
62.5 0.0 inf
63.5 0.0 inf
64.5 0.0001 1.0
65.5 0.0 inf
66.5 0.0 inf
67.5 0.0 inf
68.5 0.0 inf
69.5 0.0 inf
70.5 0.0 inf
71.5 0.0 inf
72.5 0.0 inf
73.5 0.0 inf
74.5 0.0 inf
75.5 0.0 inf
76.5 0.0 inf
77.5 0.0 inf
78.5 0.0 inf
79.5 0.0 inf
80.5 0.0 inf
81.5 0.0 inf
82.5 0.0 inf
83.5 0.0 inf
84.5 0.0 inf
85.5 0.0 inf
86.5 0.0 inf
87.5 0.0 inf
88.5 0.0 inf
89.5 0.0 inf
90.5 0.0 inf
91.5 0.0 inf
92.5 0.0 inf
93.5 0.0 inf
94.5 0.0 inf
95.5 0.0 inf
96.5 0.0 inf
97.5 0.0 inf
