0.5 38.4357 0.0016129934451845915
1.5 20.3063 0.002219139485574462
2.5 20.5741 0.0022046496147432757
3.5 18.8569 0.0023028457613379753
4.5 16.6143 0.0024533469831396937
5.5 14.912600000000001 0.00258954412421191
6.5 13.0942 0.0027635066563566502
7.5 11.7005 0.002923464264505662
8.5 10.436 0.0030955153703708816
9.5 9.082699999999999 0.0033181232613641374
10.5 8.1893 0.003494432126970391
11.5 7.1531 0.0037389775003013473
12.5 6.3536 0.003967254533917943
13.5 5.6109 0.004221664686583262
14.5 4.9099 0.004512982781354041
15.5 4.2715 0.004838489407811339
16.5 3.7668 0.0051524492063111955
17.5 3.2917 0.005511754638547733
18.5 2.7922000000000002 0.005984484391705581
19.5 2.3778 0.006485035213674689
20.5 2.0731 0.00694528184082806
21.5 1.7424 0.007575757575757576
22.5 1.451 0.00830168582847859
23.5 1.2309999999999999 0.009013033256396531
24.5 1.0438 0.00978794124574906
25.5 0.8645 0.010755175492958086
26.5 0.7203999999999999 0.011781840740656826
27.5 0.5802 0.013128379967281655
28.5 0.4885 0.014307630505634845
29.5 0.4063 0.01568832540534904
30.5 0.3127 0.017882822232191637
31.5 0.2561 0.019760376304381096
32.5 0.2064 0.022011272658140596
33.5 0.1673 0.024448489343954046
34.5 0.1259 0.028182994438777077
35.5 0.1033 0.031113569564352756
36.5 0.0804 0.035267280792929914
37.5 0.0601 0.04079085082240021
38.5 0.0462 0.046524210519923545
39.5 0.038400000000000004 0.05103103630798287
40.5 0.0253 0.06286946134619315
41.5 0.024 0.06454972243679027
42.5 0.019200000000000002 0.07216878364870322
43.5 0.012799999999999999 0.08838834764831845
44.5 0.0103 0.09853292781642932
45.5 0.0054 0.13608276348795434
46.5 0.0068000000000000005 0.12126781251816648
47.5 0.0037999999999999996 0.16222142113076254
48.5 0.003 0.18257418583505536
49.5 0.0029 0.18569533817705186
50.5 0.0021 0.2182178902359924
51.5 0.0013 0.2773500981126146
52.5 0.00039999999999999996 0.5000000000000001
53.5 0.0003 0.5773502691896258
54.5 0.0002 0.7071067811865475
55.5 0.0 inf
56.5 0.0005 0.4472135954999579
57.5 0.0002 0.7071067811865475
58.5 0.0002 0.7071067811865475
59.5 0.0 inf
60.5 0.0 inf
61.5 0.0 inf
62.5 0.0 inf
63.5 0.0 inf
64.5 0.0 inf
65.5 0.0 inf
66.5 0.0 inf
67.5 0.0 inf
68.5 0.0 inf
69.5 0.0 inf
70.5 0.0 inf
71.5 0.0 inf
72.5 0.0 inf
73.5 0.0 inf
74.5 0.0 inf
75.5 0.0 inf
76.5 0.0 inf
77.5 0.0 inf
78.5 0.0 inf
79.5 0.0 inf
80.5 0.0 inf
81.5 0.0 inf
82.5 0.0 inf
83.5 0.0 inf
84.5 0.0 inf
85.5 0.0 inf
86.5 0.0 inf
87.5 0.0 inf
88.5 0.0 inf
89.5 0.0 inf
90.5 0.0 inf
91.5 0.0 inf
92.5 0.0 inf
93.5 0.0 inf
94.5 0.0 inf
95.5 0.0 inf
96.5 0.0 inf
97.5 0.0 inf
