0.5 38.4777 0.0016121128803170332
1.5 20.3092 0.002218981041759346
2.5 20.578000000000003 0.0022044406891693212
3.5 18.887999999999998 0.0023009491071580594
4.5 16.6733 0.002449002439779487
5.5 14.9287 0.002588147388154578
6.5 13.1184 0.0027609565080107153
7.5 11.6094 0.002934912192922949
8.5 10.402899999999999 0.003100436122516376
9.5 9.098700000000001 0.0033152045294402694
10.5 8.218 0.0034883249283214424
11.5 7.151400000000001 0.003739421880705857
12.5 6.4048 0.003951365590840164
13.5 5.611800000000001 0.004221326145422888
14.5 4.9321 0.004502814575912108
15.5 4.2474 0.00485219692920527
16.5 3.7796000000000003 0.005143717160283733
17.5 3.2748 0.005525958374084916
18.5 2.8021000000000003 0.005973903252834786
19.5 2.3781 0.006484626153516357
20.5 2.0871 0.006921948614537592
21.5 1.7548 0.007548943712462225
22.5 1.4844 0.008207757699012682
23.5 1.2484000000000002 0.00895000174525051
24.5 1.0578 0.00972295372195204
25.5 0.8369 0.010931083607756636
26.5 0.7147 0.011828729731830894
27.5 0.5695 0.013251136747832066
28.5 0.499 0.01415629900797544
29.5 0.3964 0.015883023449744897
30.5 0.3296 0.017418325357290442
31.5 0.2535 0.019861453057473933
32.5 0.1989 0.02242242646654375
33.5 0.1592 0.025062735355854276
34.5 0.12240000000000001 0.028583097523751475
35.5 0.0979 0.03196013860502966
36.5 0.0842 0.03446227583977888
37.5 0.0605 0.040655781409087086
38.5 0.048600000000000004 0.04536092116265144
39.5 0.0404 0.04975185951049946
40.5 0.0318 0.056077215409204434
41.5 0.0203 0.07018624063435965
42.5 0.0178 0.07495316889958614
43.5 0.013600000000000001 0.08574929257125441
44.5 0.0092 0.10425720702853739
45.5 0.0089 0.105999788000636
46.5 0.0054 0.13608276348795434
47.5 0.0045000000000000005 0.14907119849998599
48.5 0.0028 0.1889822365046136
49.5 0.0024000000000000002 0.20412414523193148
50.5 0.0015999999999999999 0.25000000000000006
51.5 0.0011 0.30151134457776363
52.5 0.0007 0.3779644730092272
53.5 0.0006000000000000001 0.40824829046386296
54.5 0.00039999999999999996 0.5000000000000001
55.5 0.0004 0.5
56.5 0.0001 1.0
57.5 0.0002 0.7071067811865475
58.5 0.0 inf
59.5 0.0002 0.7071067811865475
60.5 0.0 inf
61.5 0.0 inf
62.5 0.0 inf
63.5 0.0 inf
64.5 0.0 inf
65.5 0.0001 1.0
66.5 0.0 inf
67.5 0.0 inf
68.5 0.0 inf
69.5 0.0 inf
70.5 0.0 inf
71.5 0.0 inf
72.5 0.0 inf
73.5 0.0 inf
74.5 0.0 inf
75.5 0.0 inf
76.5 0.0 inf
77.5 0.0 inf
78.5 0.0 inf
79.5 0.0 inf
80.5 0.0 inf
81.5 0.0 inf
82.5 0.0 inf
83.5 0.0 inf
84.5 0.0 inf
85.5 0.0 inf
86.5 0.0 inf
87.5 0.0 inf
88.5 0.0 inf
89.5 0.0 inf
90.5 0.0 inf
91.5 0.0 inf
92.5 0.0 inf
93.5 0.0 inf
94.5 0.0 inf
95.5 0.0 inf
96.5 0.0 inf
97.5 0.0 inf
