0.5 38.4402 0.0016128990299247347
1.5 20.3081 0.00221904113714232
2.5 20.573 0.0022047085532102104
3.5 18.8678 0.0023021804838523996
4.5 16.6511 0.0024506344564274073
5.5 14.8769 0.0025926493185308985
6.5 13.0944 0.0027634855517836366
7.5 11.6469 0.0029301835552307913
8.5 10.427399999999999 0.0030967916207036506
9.5 9.0591 0.0033224424970022363
10.5 8.2045 0.003491193660757751
11.5 7.1577 0.0037377758530728945
12.5 6.379 0.003959348218231788
13.5 5.5941 0.004227999110124665
14.5 4.9613 0.004489544241683647
15.5 4.2255 0.004864754707312999
16.5 3.7987 0.005130769467118587
17.5 3.2807000000000004 0.005520987205438912
18.5 2.8001 0.005976036332690251
19.5 2.3913 0.006466703785652927
20.5 2.075 0.006942101345006233
21.5 1.7511999999999999 0.007556699035940278
22.5 1.4592 0.008278327231656524
23.5 1.244 0.008965815751510408
24.5 1.0252000000000001 0.00987633246886238
25.5 0.8615999999999999 0.010773260339714291
26.5 0.7001999999999999 0.011950578989701244
27.5 0.5792999999999999 0.01313857412952738
28.5 0.5023 0.014109720501198422
29.5 0.40049999999999997 0.015801515437999243
30.5 0.3191 0.01770258131306625
31.5 0.2576 0.019702760155977515
32.5 0.1923 0.02280396458583536
33.5 0.16249999999999998 0.02480694691784169
34.5 0.129 0.027842302319485226
35.5 0.09759999999999999 0.032009219983223994
36.5 0.0861 0.03407990882954985
37.5 0.0637 0.03962144258751636
38.5 0.0493 0.0450377349111045
39.5 0.041800000000000004 0.04891159880445184
40.5 0.0283 0.0594438298277764
41.5 0.0246 0.06375767130633382
42.5 0.0165 0.0778498944161523
43.5 0.011099999999999999 0.0949157995752499
44.5 0.0102 0.09901475429766741
45.5 0.0074 0.11624763874381928
46.5 0.0051 0.14002800840280097
47.5 0.0046 0.14744195615489714
48.5 0.003 0.18257418583505536
49.5 0.0024000000000000002 0.20412414523193148
50.5 0.0008 0.35355339059327373
51.5 0.0015 0.2581988897471611
52.5 0.001 0.31622776601683794
53.5 0.0005 0.4472135954999579
54.5 0.0003 0.5773502691896258
55.5 0.00030000000000000003 0.5773502691896257
56.5 0.0001 1.0
57.5 0.0 inf
58.5 0.0001 1.0
59.5 0.0 inf
60.5 0.0001 1.0
61.5 0.0 inf
62.5 0.0001 1.0
63.5 0.0 inf
64.5 0.0 inf
65.5 0.0 inf
66.5 0.0 inf
67.5 0.0 inf
68.5 0.0 inf
69.5 0.0 inf
70.5 0.0 inf
71.5 0.0 inf
72.5 0.0 inf
73.5 0.0 inf
74.5 0.0 inf
75.5 0.0 inf
76.5 0.0 inf
77.5 0.0 inf
78.5 0.0 inf
79.5 0.0 inf
80.5 0.0 inf
81.5 0.0 inf
82.5 0.0 inf
83.5 0.0 inf
84.5 0.0 inf
85.5 0.0 inf
86.5 0.0 inf
87.5 0.0 inf
88.5 0.0 inf
89.5 0.0 inf
90.5 0.0 inf
91.5 0.0 inf
92.5 0.0 inf
93.5 0.0 inf
94.5 0.0 inf
95.5 0.0 inf
96.5 0.0 inf
97.5 0.0 inf
