0.5 38.6048 0.0016094568832018899
1.5 20.336399999999998 0.00221749659811336
2.5 20.6481 0.002200695485656702
3.5 18.9463 0.002297406233687286
4.5 16.6932 0.0024475422739175068
5.5 14.9695 0.0025846179294712144
6.5 13.0851 0.0027644674262334444
7.5 11.7039 0.002923039598348046
8.5 10.4883 0.00308778781767329
9.5 9.133199999999999 0.00330893713295573
10.5 8.1784 0.003496760004518306
11.5 7.1432 0.003741567590229322
12.5 6.4196 0.003946808145259289
13.5 5.5969 0.004226941392593698
14.5 4.9087 0.004513534378355249
15.5 4.291600000000001 0.004827145412791936
16.5 3.8023 0.005128339997565631
17.5 3.245 0.005551273816533689
18.5 2.8318000000000003 0.005942493444281989
19.5 2.4004 0.006454434396555344
20.5 2.0708 0.006949137769731445
21.5 1.7881 0.00747832092256112
22.5 1.4791 0.008222449814661964
23.5 1.2309 0.00901339936453716
24.5 1.0344 0.009832314102932033
25.5 0.8654 0.010749581446320992
26.5 0.7116 0.011854466952761744
27.5 0.5845 0.01307999994768
28.5 0.493 0.014242182297397127
29.5 0.40049999999999997 0.015801515437999243
30.5 0.317 0.0177611208331347
31.5 0.2591 0.01964564506773356
32.5 0.2044 0.02211869776019044
33.5 0.16010000000000002 0.024992191160203066
34.5 0.1259 0.028182994438777077
35.5 0.1035 0.03108349360801046
36.5 0.0852 0.03425943549137658
37.5 0.065 0.03922322702763681
38.5 0.0523 0.04372694694466261
39.5 0.0395 0.05031546054266276
40.5 0.0271 0.0607456739230787
41.5 0.022600000000000002 0.06651901052377392
42.5 0.0174 0.07580980435789034
43.5 0.012799999999999999 0.08838834764831845
44.5 0.0102 0.09901475429766741
45.5 0.0074 0.11624763874381928
46.5 0.0054 0.13608276348795434
47.5 0.0031 0.1796053020267749
48.5 0.0034000000000000002 0.17149858514250882
49.5 0.0025 0.2
50.5 0.0021 0.2182178902359924
51.5 0.0015 0.2581988897471611
52.5 0.0007 0.3779644730092272
53.5 0.0007999999999999999 0.3535533905932738
54.5 0.00039999999999999996 0.5000000000000001
55.5 0.00039999999999999996 0.5000000000000001
56.5 0.0002 0.7071067811865475
57.5 0.0002 0.7071067811865475
58.5 0.0002 0.7071067811865475
59.5 0.0 inf
60.5 0.0001 1.0
61.5 0.0 inf
62.5 0.0 inf
63.5 0.0001 1.0
64.5 0.0 inf
65.5 0.0 inf
66.5 0.0 inf
67.5 0.0 inf
68.5 0.0 inf
69.5 0.0 inf
70.5 0.0 inf
71.5 0.0 inf
72.5 0.0 inf
73.5 0.0 inf
74.5 0.0 inf
75.5 0.0 inf
76.5 0.0 inf
77.5 0.0 inf
78.5 0.0 inf
79.5 0.0 inf
80.5 0.0 inf
81.5 0.0 inf
82.5 0.0 inf
83.5 0.0 inf
84.5 0.0 inf
85.5 0.0 inf
86.5 0.0 inf
87.5 0.0 inf
88.5 0.0 inf
89.5 0.0 inf
90.5 0.0 inf
91.5 0.0 inf
92.5 0.0 inf
93.5 0.0 inf
94.5 0.0 inf
95.5 0.0 inf
96.5 0.0 inf
97.5 0.0 inf
