0.5 48.3103 0.0014387327605970093
1.5 22.2549 0.002119762360826843
2.5 21.889400000000002 0.0021373865455237987
3.5 19.7935 0.0022477018461212806
4.5 17.3051 0.0024038808810189294
5.5 15.3625 0.0025513441949247856
6.5 13.4574 0.0027259596266234294
7.5 11.8783 0.0029015018723952536
8.5 10.664200000000001 0.0030622162677068935
9.5 9.2411 0.003289562673324113
10.5 8.2857 0.003474044663765636
11.5 7.232 0.0037185257331795603
12.5 6.527699999999999 0.003913991755787804
13.5 5.6347000000000005 0.004212739460562249
14.5 4.9948999999999995 0.004474418490624881
15.5 4.3178 0.004812477798737615
16.5 3.7995 0.0051302292866136166
17.5 3.3117 0.005495086155589758
18.5 2.8354999999999997 0.005938615044859498
19.5 2.4469000000000003 0.006392811361848377
20.5 2.0775 0.006937923131359602
21.5 1.765 0.007527099294949815
22.5 1.4912 0.00818902227600523
23.5 1.2668 0.008884765559451537
24.5 1.0271 0.009867193281861381
25.5 0.8643000000000001 0.01075641980088068
26.5 0.7108 0.011861136133009563
27.5 0.5811999999999999 0.013117080903335115
28.5 0.4845 0.014366570530687187
29.5 0.40249999999999997 0.015762208124782014
30.5 0.3204 0.017666631333439334
31.5 0.26580000000000004 0.01939646163228027
32.5 0.2011 0.02229944040256456
33.5 0.1671 0.024463116021507716
34.5 0.12040000000000001 0.02881952088521175
35.5 0.1003 0.03157544889753363
36.5 0.0806 0.03522349768381734
37.5 0.0634 0.03971507353947688
38.5 0.053599999999999995 0.04319342127906801
39.5 0.039400000000000004 0.05037927218598784
40.5 0.028 0.05976143046671968
41.5 0.022699999999999998 0.0663723311599972
42.5 0.0185 0.07352146220938077
43.5 0.012199999999999999 0.09053574604251854
44.5 0.011800000000000001 0.09205746178983235
45.5 0.0071 0.11867816581938533
46.5 0.006500000000000001 0.12403473458920847
47.5 0.0053 0.13736056394868904
48.5 0.0033 0.17407765595569785
49.5 0.0021 0.2182178902359924
50.5 0.0019 0.22941573387056174
51.5 0.0013 0.2773500981126146
52.5 0.0005 0.4472135954999579
53.5 0.00039999999999999996 0.5000000000000001
54.5 0.0002 0.7071067811865475
55.5 0.0001 1.0
56.5 0.0002 0.7071067811865475
57.5 0.0001 1.0
58.5 0.0 inf
59.5 0.0001 1.0
60.5 0.0001 1.0
61.5 0.0001 1.0
62.5 0.0002 0.7071067811865475
63.5 0.0001 1.0
64.5 0.0 inf
65.5 0.0 inf
66.5 0.0 inf
67.5 0.0 inf
68.5 0.0 inf
69.5 0.0 inf
70.5 0.0 inf
71.5 0.0 inf
72.5 0.0 inf
73.5 0.0 inf
74.5 0.0 inf
75.5 0.0 inf
76.5 0.0 inf
77.5 0.0 inf
78.5 0.0 inf
79.5 0.0 inf
80.5 0.0 inf
81.5 0.0 inf
82.5 0.0 inf
83.5 0.0 inf
84.5 0.0 inf
85.5 0.0 inf
86.5 0.0 inf
87.5 0.0 inf
88.5 0.0 inf
89.5 0.0 inf
90.5 0.0 inf
91.5 0.0 inf
92.5 0.0 inf
93.5 0.0 inf
94.5 0.0 inf
95.5 0.0 inf
96.5 0.0 inf
97.5 0.0 inf
