0.5 38.4358 0.0016129913468875684
1.5 20.329900000000002 0.002217851065571649
2.5 20.5351 0.00220674214290314
3.5 18.8664 0.0023022659000655394
4.5 16.587899999999998 0.0024552984842574157
5.5 14.9179 0.0025890840794641503
6.5 13.1309 0.002759642044657015
7.5 11.670200000000001 0.002927256982059418
8.5 10.424199999999999 0.0030972669076698186
9.5 9.1172 0.0033118393280783358
10.5 8.1684 0.003498899769006774
11.5 7.1428 0.003741672353493289
12.5 6.368 0.003962766405926508
13.5 5.592 0.004228792919558641
14.5 4.9273 0.004505007282744347
15.5 4.2693 0.004839735900881795
16.5 3.7589 0.005157860760796422
17.5 3.2636000000000003 0.005535432225913999
18.5 2.7861000000000002 0.005991032145745058
19.5 2.3833 0.00647754805401018
20.5 2.0816 0.006931087162517846
21.5 1.7524 0.007554111272939015
22.5 1.4823 0.008213569677273031
23.5 1.2587 0.008913307385148717
24.5 1.0579 0.00972249417078922
25.5 0.8521 0.010833149020907498
26.5 0.7158 0.011819637383815295
27.5 0.5828 0.013099062926556151
28.5 0.4854 0.014353245528100828
29.5 0.39749999999999996 0.015861031714362882
30.5 0.3188 0.017710908674395363
31.5 0.2531 0.019877141411466247
32.5 0.20379999999999998 0.02215123324886303
33.5 0.1621 0.024837535026770382
34.5 0.1264 0.028127197523150592
35.5 0.1047 0.03090485136077065
36.5 0.07619999999999999 0.03622617780011092
37.5 0.06 0.040824829046386304
38.5 0.048600000000000004 0.04536092116265144
39.5 0.038400000000000004 0.05103103630798287
40.5 0.0291 0.05862103817605492
41.5 0.019299999999999998 0.07198157507486945
42.5 0.017 0.07669649888473704
43.5 0.0135 0.08606629658238704
44.5 0.0109 0.09578262852211514
45.5 0.0085 0.10846522890932808
46.5 0.005900000000000001 0.13018891098082386
47.5 0.0043 0.15249857033260467
48.5 0.0029 0.18569533817705186
49.5 0.0023 0.20851441405707477
50.5 0.0010999999999999998 0.3015113445777637
51.5 0.0016 0.25
52.5 0.0006 0.4082482904638631
53.5 0.00030000000000000003 0.5773502691896257
54.5 0.00030000000000000003 0.5773502691896257
55.5 0.00030000000000000003 0.5773502691896257
56.5 0.0001 1.0
57.5 0.0001 1.0
58.5 0.0001 1.0
59.5 0.0 inf
60.5 0.0 inf
61.5 0.0002 0.7071067811865475
62.5 0.0001 1.0
63.5 0.0 inf
64.5 0.0 inf
65.5 0.0 inf
66.5 0.0001 1.0
67.5 0.0 inf
68.5 0.0 inf
69.5 0.0 inf
70.5 0.0 inf
71.5 0.0 inf
72.5 0.0 inf
73.5 0.0 inf
74.5 0.0 inf
75.5 0.0 inf
76.5 0.0 inf
77.5 0.0 inf
78.5 0.0 inf
79.5 0.0 inf
80.5 0.0 inf
81.5 0.0 inf
82.5 0.0 inf
83.5 0.0 inf
84.5 0.0 inf
85.5 0.0 inf
86.5 0.0 inf
87.5 0.0 inf
88.5 0.0 inf
89.5 0.0 inf
90.5 0.0 inf
91.5 0.0 inf
92.5 0.0 inf
93.5 0.0 inf
94.5 0.0 inf
95.5 0.0 inf
96.5 0.0 inf
97.5 0.0 inf
