0.5 38.448899999999995 0.0016127165407581639
1.5 20.2807 0.0022205396358296187
2.5 20.5626 0.0022052660233374114
3.5 18.875300000000003 0.0023017230588275477
4.5 16.6357 0.0024517684946871233
5.5 14.9297 0.002588060708893491
6.5 13.1661 0.0027559505789514836
7.5 11.6292 0.0029324126221135656
8.5 10.4206 0.003097801867174245
9.5 9.0211 0.0033294327830551253
10.5 8.2259 0.0034866494650527794
11.5 7.1113 0.0037499501963046806
12.5 6.4039 0.003951643242278585
13.5 5.6113 0.0042215142137899935
14.5 4.9368 0.004500670649893975
15.5 4.2695 0.00483962254351957
16.5 3.7568 0.005159302146331225
17.5 3.2675 0.005532127768179103
18.5 2.7797 0.00599792507682305
19.5 2.4049 0.006448392865806961
20.5 2.0874 0.006921451187307274
21.5 1.7361 0.007589490670813116
22.5 1.4739 0.008236941670753
23.5 1.2435 0.008967618106690242
24.5 1.0323 0.009842309922624876
25.5 0.8493999999999999 0.010850353103361392
26.5 0.7065 0.011897176837470828
27.5 0.5845 0.01307999994768
28.5 0.5091 0.014015172629623431
29.5 0.395 0.0159111456835146
30.5 0.3187 0.017713687074079002
31.5 0.2511 0.019956144669641657
32.5 0.1926 0.022786197567488776
33.5 0.1656 0.024573659359149524
34.5 0.1283 0.027918152281484514
35.5 0.1023 0.03126526997403612
36.5 0.07880000000000001 0.03562352499395482
37.5 0.0664 0.03880752628531664
38.5 0.0458 0.046726931351599776
39.5 0.0365 0.052342392259021375
40.5 0.0281 0.05965499862718936
41.5 0.0199 0.07088812050083358
42.5 0.0191 0.07235746052924216
43.5 0.0115 0.09325048082403138
44.5 0.009600000000000001 0.10206207261596574
45.5 0.008199999999999999 0.11043152607484656
46.5 0.005 0.1414213562373095
47.5 0.0037999999999999996 0.16222142113076254
48.5 0.0029 0.18569533817705186
49.5 0.0021 0.2182178902359924
50.5 0.0012 0.2886751345948129
51.5 0.0013 0.2773500981126146
52.5 0.0007999999999999999 0.3535533905932738
53.5 0.0001 1.0
54.5 0.00030000000000000003 0.5773502691896257
55.5 0.0001 1.0
56.5 0.00030000000000000003 0.5773502691896257
57.5 0.0002 0.7071067811865475
58.5 0.0002 0.7071067811865475
59.5 0.0 inf
60.5 0.0 inf
61.5 0.0001 1.0
62.5 0.0 inf
63.5 0.0 inf
64.5 0.0 inf
65.5 0.0 inf
66.5 0.0 inf
67.5 0.0 inf
68.5 0.0 inf
69.5 0.0 inf
70.5 0.0 inf
71.5 0.0 inf
72.5 0.0 inf
73.5 0.0 inf
74.5 0.0 inf
75.5 0.0 inf
76.5 0.0 inf
77.5 0.0 inf
78.5 0.0 inf
79.5 0.0 inf
80.5 0.0 inf
81.5 0.0 inf
82.5 0.0 inf
83.5 0.0 inf
84.5 0.0 inf
85.5 0.0 inf
86.5 0.0 inf
87.5 0.0 inf
88.5 0.0 inf
89.5 0.0 inf
90.5 0.0 inf
91.5 0.0 inf
92.5 0.0 inf
93.5 0.0 inf
94.5 0.0 inf
95.5 0.0 inf
96.5 0.0 inf
97.5 0.0 inf
