0.5 38.5132 0.0016113697169153579
1.5 20.2771 0.0022207367445855296
2.5 20.5856 0.0022040337227497648
3.5 18.909999999999997 0.0022996102490913696
4.5 16.6685 0.0024493550319608657
5.5 14.9479 0.002586484666397327
6.5 13.1364 0.0027590642752423414
7.5 11.678 0.0029262792282344083
8.5 10.4435 0.0030944036484872412
9.5 9.1149 0.0033122571467046214
10.5 8.1589 0.003500936187986631
11.5 7.1564 0.003738115331578706
12.5 6.364599999999999 0.003963824729063158
13.5 5.6261 0.004215958006704089
14.5 4.9257 0.004505738897175633
15.5 4.2935 0.0048260772177084466
16.5 3.7542 0.005161088394248236
17.5 3.2759 0.005525030527604575
18.5 2.7855 0.0059916773487134626
19.5 2.3777 0.006485171584264526
20.5 2.0544000000000002 0.006976819652324343
21.5 1.7711999999999999 0.0075139136222286025
22.5 1.5027 0.008157627245625118
23.5 1.2452 0.008961494529112317
24.5 1.0435 0.009789348131880335
25.5 0.845 0.010878565864408423
26.5 0.7243999999999999 0.011749267162315414
27.5 0.5787 0.013145383445418317
28.5 0.4744 0.014518697603476025
29.5 0.4031 0.015750473013495386
30.5 0.3207 0.017658366242304668
31.5 0.2679 0.01932029010019788
32.5 0.1936 0.022727272727272728
33.5 0.1595 0.02503915429180672
34.5 0.1319 0.02753452584887775
35.5 0.09920000000000001 0.031750031750047626
36.5 0.0763 0.03620243071279982
37.5 0.0615 0.04032389192727559
38.5 0.049600000000000005 0.04490132550669372
39.5 0.0385 0.050964719143762556
40.5 0.0323 0.055641488407465724
41.5 0.0249 0.06337242505244779
42.5 0.0169 0.07692307692307693
43.5 0.0127 0.08873565094161139
44.5 0.0097 0.10153461651336192
45.5 0.006999999999999999 0.11952286093343939
46.5 0.0055 0.13483997249264842
47.5 0.004200000000000001 0.1543033499620919
48.5 0.0036 0.16666666666666666
49.5 0.0025 0.2
50.5 0.0009 0.3333333333333333
51.5 0.0016 0.25
52.5 0.0008 0.35355339059327373
53.5 0.001 0.31622776601683794
54.5 0.0009 0.3333333333333333
55.5 0.00039999999999999996 0.5000000000000001
56.5 0.00030000000000000003 0.5773502691896257
57.5 0.0002 0.7071067811865475
58.5 0.0001 1.0
59.5 0.0001 1.0
60.5 0.0001 1.0
61.5 0.0001 1.0
62.5 0.0 inf
63.5 0.0 inf
64.5 0.0 inf
65.5 0.0 inf
66.5 0.0 inf
67.5 0.0 inf
68.5 0.0 inf
69.5 0.0 inf
70.5 0.0 inf
71.5 0.0 inf
72.5 0.0 inf
73.5 0.0 inf
74.5 0.0 inf
75.5 0.0 inf
76.5 0.0 inf
77.5 0.0 inf
78.5 0.0 inf
79.5 0.0 inf
80.5 0.0 inf
81.5 0.0 inf
82.5 0.0 inf
83.5 0.0 inf
84.5 0.0 inf
85.5 0.0 inf
86.5 0.0 inf
87.5 0.0 inf
88.5 0.0 inf
89.5 0.0 inf
90.5 0.0 inf
91.5 0.0 inf
92.5 0.0 inf
93.5 0.0 inf
94.5 0.0 inf
95.5 0.0 inf
96.5 0.0 inf
97.5 0.0 inf
