0.5 38.4613 0.0016124565482827575
1.5 20.305 0.002219210523130669
2.5 20.53 0.002207016221959901
3.5 18.884700000000002 0.0023011501376316123
4.5 16.6527 0.0024505167244884994
5.5 14.890799999999999 0.0025914389658486144
6.5 13.1101 0.002761830350054094
7.5 11.631699999999999 0.0029320974736179867
8.5 10.4526 0.0030930563662478834
9.5 9.035499999999999 0.0033267786438542957
10.5 8.1709 0.0034983644596399714
11.5 7.178000000000001 0.0037324867354655527
12.5 6.4035 0.003951766661706508
13.5 5.5821000000000005 0.004232541195669431
14.5 4.9349 0.004501536974571835
15.5 4.281599999999999 0.004832779206419119
16.5 3.7625 0.005155392622264671
17.5 3.2683999999999997 0.005531366041066118
18.5 2.7892 0.005987701914326449
19.5 2.3844000000000003 0.006476053731574438
20.5 2.0427 0.006996771734594916
21.5 1.7578 0.00754249915047894
22.5 1.4825 0.008213015623531817
23.5 1.2691 0.008876710942874287
24.5 1.0292 0.00985712153359689
25.5 0.8392999999999999 0.010915443561199601
26.5 0.7215 0.011772856008638626
27.5 0.5802 0.013128379967281655
28.5 0.4936 0.014233523557739299
29.5 0.3992 0.01582722344582296
30.5 0.32989999999999997 0.017410403735403916
31.5 0.2518 0.019928386481802028
32.5 0.2011 0.02229944040256456
33.5 0.1632 0.024753688574416854
34.5 0.1276 0.027994625547792716
35.5 0.1069 0.0305851875103308
36.5 0.0779 0.03582871819500093
37.5 0.0637 0.03962144258751636
38.5 0.0501 0.04467670516087703
39.5 0.032299999999999995 0.055641488407465724
40.5 0.0294 0.05832118435198043
41.5 0.0225 0.06666666666666667
42.5 0.0161 0.07881104062391006
43.5 0.0132 0.08703882797784893
44.5 0.0104 0.09805806756909202
45.5 0.0082 0.11043152607484653
46.5 0.006500000000000001 0.12403473458920847
47.5 0.0042 0.1543033499620919
48.5 0.003 0.18257418583505536
49.5 0.0025 0.2
50.5 0.0014 0.2672612419124244
51.5 0.0014 0.2672612419124244
52.5 0.0006 0.4082482904638631
53.5 0.0007999999999999999 0.3535533905932738
54.5 0.0004 0.5
55.5 0.00039999999999999996 0.5000000000000001
56.5 0.00039999999999999996 0.5000000000000001
57.5 0.0005 0.4472135954999579
58.5 0.0002 0.7071067811865475
59.5 0.0 inf
60.5 0.0001 1.0
61.5 0.0 inf
62.5 0.0 inf
63.5 0.0 inf
64.5 0.0 inf
65.5 0.0 inf
66.5 0.0 inf
67.5 0.0 inf
68.5 0.0 inf
69.5 0.0 inf
70.5 0.0 inf
71.5 0.0 inf
72.5 0.0 inf
73.5 0.0 inf
74.5 0.0 inf
75.5 0.0 inf
76.5 0.0 inf
77.5 0.0 inf
78.5 0.0 inf
79.5 0.0 inf
80.5 0.0 inf
81.5 0.0 inf
82.5 0.0 inf
83.5 0.0 inf
84.5 0.0 inf
85.5 0.0 inf
86.5 0.0 inf
87.5 0.0 inf
88.5 0.0 inf
89.5 0.0 inf
90.5 0.0 inf
91.5 0.0 inf
92.5 0.0 inf
93.5 0.0 inf
94.5 0.0 inf
95.5 0.0 inf
96.5 0.0 inf
97.5 0.0 inf
