0.5 38.4493 0.0016127081519410193
1.5 20.3395 0.00221732760424909
2.5 20.5199 0.00220755930749144
3.5 18.8805 0.0023014060708205705
4.5 16.6372 0.00245165796720535
5.5 14.9518 0.0025861473174469563
6.5 13.084700000000002 0.0027645096808712895
7.5 11.6445 0.002930485503713467
8.5 10.3871 0.0031027932903585002
9.5 9.0911 0.0033165899663435785
10.5 8.16 0.003500700210070025
11.5 7.1292 0.0037452395488754013
12.5 6.4201999999999995 0.00394662371640839
13.5 5.587 0.004230684743086175
14.5 4.9313 0.004503179804713349
15.5 4.3025 0.004821026964018952
16.5 3.7542 0.005161088394248236
17.5 3.2683999999999997 0.005531366041066118
18.5 2.8305 0.005943857930179101
19.5 2.3625 0.006506000486323554
20.5 2.0562 0.006973765225478652
21.5 1.7479 0.00756382911996327
22.5 1.4757 0.0082319165914826
23.5 1.2311999999999999 0.009012301173931253
24.5 1.0429 0.009792163725092829
25.5 0.8564 0.01080591807684192
26.5 0.7219 0.011769593926002261
27.5 0.5784 0.013148792075955425
28.5 0.49369999999999997 0.01423208196928594
29.5 0.4001 0.015809412247806517
30.5 0.315 0.017817416127494958
31.5 0.25980000000000003 0.019619160796573762
32.5 0.19790000000000002 0.022479005982349896
33.5 0.1607 0.024945491291633412
34.5 0.1184 0.02906190968595482
35.5 0.1065 0.03064257065179478
36.5 0.0764 0.03617873026462108
37.5 0.0647 0.039314056698537575
38.5 0.0479 0.04569116623849538
39.5 0.0406 0.04962916669854651
40.5 0.0332 0.05488212999484517
41.5 0.021699999999999997 0.06788442333021306
42.5 0.018000000000000002 0.07453559924999299
43.5 0.0121 0.09090909090909091
44.5 0.0086 0.10783277320343841
45.5 0.0063999999999999994 0.12500000000000003
46.5 0.005 0.1414213562373095
47.5 0.0048000000000000004 0.14433756729740643
48.5 0.0040999999999999995 0.15617376188860607
49.5 0.0026 0.19611613513818404
50.5 0.0018 0.23570226039551587
51.5 0.0015999999999999999 0.25000000000000006
52.5 0.0009 0.3333333333333333
53.5 0.0009 0.3333333333333333
54.5 0.0005 0.4472135954999579
55.5 0.0001 1.0
56.5 0.0002 0.7071067811865475
57.5 0.00030000000000000003 0.5773502691896257
58.5 0.0 inf
59.5 0.0001 1.0
60.5 0.0001 1.0
61.5 0.0 inf
62.5 0.0 inf
63.5 0.0 inf
64.5 0.0 inf
65.5 0.0 inf
66.5 0.0 inf
67.5 0.0 inf
68.5 0.0 inf
69.5 0.0 inf
70.5 0.0 inf
71.5 0.0 inf
72.5 0.0 inf
73.5 0.0 inf
74.5 0.0 inf
75.5 0.0 inf
76.5 0.0 inf
77.5 0.0 inf
78.5 0.0 inf
79.5 0.0 inf
80.5 0.0 inf
81.5 0.0 inf
82.5 0.0 inf
83.5 0.0 inf
84.5 0.0 inf
85.5 0.0 inf
86.5 0.0 inf
87.5 0.0 inf
88.5 0.0 inf
89.5 0.0 inf
90.5 0.0 inf
91.5 0.0 inf
92.5 0.0 inf
93.5 0.0 inf
94.5 0.0 inf
95.5 0.0 inf
96.5 0.0 inf
97.5 0.0 inf
