0.5 38.47 0.0016122742092498786
1.5 20.348300000000002 0.0022168480901617327
2.5 20.545099999999998 0.0022062050292525823
3.5 18.951700000000002 0.0022970789048061603
4.5 16.718899999999998 0.00244566039090078
5.5 14.918700000000001 0.0025890146600431652
6.5 13.1375 0.0027589487649003898
7.5 11.6525 0.002929479371585202
8.5 10.4331 0.003095945557508265
9.5 9.0483 0.0033244247300239908
10.5 8.2299 0.003485802049355287
11.5 7.1502 0.0037397356564043915
12.5 6.4117999999999995 0.0039492080755947285
13.5 5.6113 0.0042215142137899935
14.5 4.9167000000000005 0.004509860880378883
15.5 4.2833 0.0048318200697723785
16.5 3.7988 0.005130701935223867
17.5 3.2641999999999998 0.005534923462362191
18.5 2.7823 0.00599512195528521
19.5 2.3994 0.006455779266529425
20.5 2.056 0.0069741044081458835
21.5 1.7436 0.007573150190522626
22.5 1.4805000000000001 0.008218561212025632
23.5 1.256 0.008922882628103122
24.5 1.0411000000000001 0.009800625103804316
25.5 0.8423 0.010895987583113961
26.5 0.7136 0.01183784309525946
27.5 0.5742 0.013196793041081598
28.5 0.502 0.014113935923440919
29.5 0.3983 0.015845094979151052
30.5 0.3203 0.01766938894390387
31.5 0.2666 0.019367337799588276
32.5 0.1987 0.0224337081912659
33.5 0.1577 0.025181648258293953
34.5 0.1278 0.02797271194322297
35.5 0.1023 0.03126526997403612
36.5 0.0824 0.034836650714580884
37.5 0.0664 0.03880752628531664
38.5 0.0495 0.044946657497549475
39.5 0.0355 0.05307448924342753
40.5 0.0285 0.05923488777590923
41.5 0.023899999999999998 0.0646846227353151
42.5 0.0158 0.079555728417573
43.5 0.0133 0.086710996952412
44.5 0.0086 0.10783277320343841
45.5 0.0071 0.11867816581938533
46.5 0.0057 0.13245323570650439
47.5 0.0034 0.17149858514250882
48.5 0.0036 0.16666666666666666
49.5 0.0024999999999999996 0.2
50.5 0.0013 0.2773500981126146
51.5 0.0012000000000000001 0.28867513459481287
52.5 0.0005 0.4472135954999579
53.5 0.0006000000000000001 0.40824829046386296
54.5 0.00030000000000000003 0.5773502691896257
55.5 0.00030000000000000003 0.5773502691896257
56.5 0.0001 1.0
57.5 0.0 inf
58.5 0.0001 1.0
59.5 0.0001 1.0
60.5 0.0 inf
61.5 0.0001 1.0
62.5 0.0005 0.4472135954999579
63.5 0.0001 1.0
64.5 0.0 inf
65.5 0.0 inf
66.5 0.0 inf
67.5 0.0 inf
68.5 0.0 inf
69.5 0.0 inf
70.5 0.0 inf
71.5 0.0 inf
72.5 0.0 inf
73.5 0.0 inf
74.5 0.0 inf
75.5 0.0 inf
76.5 0.0 inf
77.5 0.0 inf
78.5 0.0 inf
79.5 0.0 inf
80.5 0.0 inf
81.5 0.0 inf
82.5 0.0 inf
83.5 0.0 inf
84.5 0.0 inf
85.5 0.0 inf
86.5 0.0 inf
87.5 0.0 inf
88.5 0.0 inf
89.5 0.0 inf
90.5 0.0 inf
91.5 0.0 inf
92.5 0.0 inf
93.5 0.0 inf
94.5 0.0 inf
95.5 0.0 inf
96.5 0.0 inf
97.5 0.0 inf
