0.5 39.0815 0.001599611021893463
1.5 20.594299999999997 0.0022035681298689463
2.5 20.9177 0.0021864675435423965
3.5 19.103299999999997 0.002287946168517972
4.5 16.885 0.0024336015174775665
5.5 15.1342 0.0025705157282941943
6.5 13.212499999999999 0.00275110711351763
7.5 11.7545 0.00291674135848246
8.5 10.535599999999999 0.003080848646682521
9.5 9.205300000000001 0.0032959531258680472
10.5 8.2508 0.0034813843288140434
11.5 7.2043 0.003725667602813834
12.5 6.4292 0.00394386038249397
13.5 5.6219 0.004217532538244071
14.5 4.941 0.004498757389882866
15.5 4.3171 0.0048128679446589025
16.5 3.7635 0.005154707656790012
17.5 3.2880000000000003 0.00551485496673632
18.5 2.8131 0.005962212004633689
19.5 2.4191000000000003 0.006429439133373715
20.5 2.0883 0.0069199595488026915
21.5 1.7812999999999999 0.007492581334355227
22.5 1.4987 0.008168506262588877
23.5 1.2565 0.008921107106718893
24.5 1.0612 0.009707365442650518
25.5 0.8573 0.010800244520303941
26.5 0.7052 0.011908137705738522
27.5 0.5781000000000001 0.013152203359467467
28.5 0.4928 0.014245072057454743
29.5 0.4075 0.015665208999759147
30.5 0.32 0.017677669529663688
31.5 0.2611 0.019570258584513545
32.5 0.199 0.022416791983111015
33.5 0.1635 0.024730968341474896
34.5 0.1281 0.02793993781135563
35.5 0.111 0.030015011259383207
36.5 0.0807 0.03520166719043815
37.5 0.062 0.04016096644512494
38.5 0.0497 0.04485613040162566
39.5 0.0361 0.05263157894736842
40.5 0.0312 0.05661385170722978
41.5 0.0246 0.06375767130633382
42.5 0.017099999999999997 0.07647191129018727
43.5 0.0126 0.0890870806374748
44.5 0.0103 0.09853292781642932
45.5 0.0081 0.1111111111111111
46.5 0.0045000000000000005 0.14907119849998599
47.5 0.0045000000000000005 0.14907119849998599
48.5 0.0033 0.17407765595569785
49.5 0.0026 0.19611613513818404
50.5 0.0018 0.23570226039551587
51.5 0.0015 0.2581988897471611
52.5 0.0007999999999999999 0.3535533905932738
53.5 0.001 0.31622776601683794
54.5 0.0007999999999999999 0.3535533905932738
55.5 0.0004 0.5
56.5 0.0003 0.5773502691896258
57.5 0.0003 0.5773502691896258
58.5 0.0002 0.7071067811865475
59.5 0.0003 0.5773502691896258
60.5 0.0 inf
61.5 0.0001 1.0
62.5 0.0 inf
63.5 0.0 inf
64.5 0.0 inf
65.5 0.0 inf
66.5 0.0 inf
67.5 0.0 inf
68.5 0.0 inf
69.5 0.0 inf
70.5 0.0 inf
71.5 0.0 inf
72.5 0.0 inf
73.5 0.0 inf
74.5 0.0 inf
75.5 0.0 inf
76.5 0.0 inf
77.5 0.0 inf
78.5 0.0 inf
79.5 0.0 inf
80.5 0.0 inf
81.5 0.0 inf
82.5 0.0 inf
83.5 0.0 inf
84.5 0.0 inf
85.5 0.0 inf
86.5 0.0 inf
87.5 0.0 inf
88.5 0.0 inf
89.5 0.0 inf
90.5 0.0 inf
91.5 0.0 inf
92.5 0.0 inf
93.5 0.0 inf
94.5 0.0 inf
95.5 0.0 inf
96.5 0.0 inf
97.5 0.0 inf
