0.5 38.45 0.0016126934718260074
1.5 20.2645 0.0022214270388144506
2.5 20.5882 0.0022038945491306395
3.5 18.893 0.0023006446158963666
4.5 16.599600000000002 0.0024544330400296335
5.5 14.8599 0.00259413191397084
6.5 13.118 0.002760998601858272
7.5 11.659400000000002 0.0029286124144901303
8.5 10.462499999999999 0.003091592638401122
9.5 9.0752 0.003319494073300904
10.5 8.1664 0.0034993281934740895
11.5 7.1098 0.0037503457509366063
12.5 6.4321 0.003942971210640783
13.5 5.591200000000001 0.0042290954407823034
14.5 4.9513 0.00449407565734892
15.5 4.2574000000000005 0.004846495034207399
16.5 3.7737 0.005147736568109413
17.5 3.26 0.005538487756217113
18.5 2.7838000000000003 0.005993506556433764
19.5 2.383 0.006477955776053785
20.5 2.0998 0.006900984219544328
21.5 1.7496 0.007560153527108575
22.5 1.4752 0.008233311524234803
23.5 1.2284000000000002 0.009022566592313519
24.5 1.0472 0.009772038812426304
25.5 0.8594 0.010787040898139902
26.5 0.72 0.011785113019775792
27.5 0.5778000000000001 0.01315561729939764
28.5 0.49 0.014285714285714285
29.5 0.40280000000000005 0.015756337291581362
30.5 0.3206 0.017661119983645744
31.5 0.2631 0.0194957333382473
32.5 0.2076 0.021947564065307356
33.5 0.15839999999999999 0.025125945381480302
34.5 0.1286 0.027885569326658022
35.5 0.10250000000000001 0.031234752377721213
36.5 0.0778 0.03585173696910374
37.5 0.0638 0.03959037912324479
38.5 0.0509 0.04432422071779363
39.5 0.038900000000000004 0.05070201265633938
40.5 0.0276 0.0601929265428846
41.5 0.0219 0.06757373783994859
42.5 0.0175 0.07559289460184544
43.5 0.011300000000000001 0.09407208683835973
44.5 0.009000000000000001 0.10540925533894598
45.5 0.008 0.11180339887498948
46.5 0.0049 0.14285714285714285
47.5 0.0052 0.1386750490563073
48.5 0.0033 0.17407765595569785
49.5 0.0024000000000000002 0.20412414523193148
50.5 0.0014 0.2672612419124244
51.5 0.0008 0.35355339059327373
52.5 0.0012000000000000001 0.28867513459481287
53.5 0.001 0.31622776601683794
54.5 0.0005 0.4472135954999579
55.5 0.0001 1.0
56.5 0.0005 0.4472135954999579
57.5 0.0 inf
58.5 0.0001 1.0
59.5 0.0001 1.0
60.5 0.0001 1.0
61.5 0.0 inf
62.5 0.0 inf
63.5 0.0 inf
64.5 0.0 inf
65.5 0.0 inf
66.5 0.0 inf
67.5 0.0 inf
68.5 0.0 inf
69.5 0.0 inf
70.5 0.0 inf
71.5 0.0 inf
72.5 0.0 inf
73.5 0.0 inf
74.5 0.0 inf
75.5 0.0 inf
76.5 0.0 inf
77.5 0.0 inf
78.5 0.0 inf
79.5 0.0 inf
80.5 0.0 inf
81.5 0.0 inf
82.5 0.0 inf
83.5 0.0 inf
84.5 0.0 inf
85.5 0.0 inf
86.5 0.0 inf
87.5 0.0 inf
88.5 0.0 inf
89.5 0.0 inf
90.5 0.0 inf
91.5 0.0 inf
92.5 0.0 inf
93.5 0.0 inf
94.5 0.0 inf
95.5 0.0 inf
96.5 0.0 inf
97.5 0.0 inf
