0.5 2170360.0 0.0006787879306475279
1.5 248174.0 0.0020073442564142547
2.5 136868.0 0.002703018632766344
3.5 72237.0 0.0037206614048639
4.5 41242.0 0.004924137154414387
5.5 25977.0 0.0062044816265895125
6.5 16702.0 0.007737768999751913
7.5 11470.0 0.009337235037831066
8.5 8044.0 0.01114972020128228
9.5 5785.0 0.01314765557117125
10.5 4265.0 0.015312301868469587
11.5 3084.0 0.018007060151640494
12.5 2501.0 0.01999600119960014
13.5 1813.0 0.023485569615051043
14.5 1394.0 0.026783579200279007
15.5 1018.0 0.031341957040361135
16.5 853.0 0.034239347869895034
17.5 651.0 0.03919309008348103
18.5 519.0 0.04389512813061471
19.5 415.0 0.0490880693673816
20.5 279.0 0.05986843400892496
21.5 242.0 0.0642824346533225
22.5 166.0 0.07761505257063328
23.5 123.0 0.09016696346674323
24.5 93.0 0.10369516947304253
25.5 74.0 0.11624763874381928
26.5 59.0 0.13018891098082389
27.5 45.0 0.14907119849998599
28.5 35.0 0.1690308509457033
29.5 27.0 0.19245008972987526
30.5 22.0 0.21320071635561041
31.5 12.0 0.2886751345948129
32.5 7.0 0.3779644730092272
33.5 4.0 0.5
34.5 8.0 0.35355339059327373
35.5 3.0 0.5773502691896258
36.5 3.0 0.5773502691896258
37.5 0.0 inf
38.5 1.0 1.0
39.5 1.0 1.0
40.5 0.0 inf
41.5 0.0 inf
42.5 1.0 1.0
43.5 0.0 inf
44.5 0.0 inf
45.5 1.0 1.0
46.5 0.0 inf
47.5 0.0 inf
48.5 0.0 inf
49.5 0.0 inf
50.5 0.0 inf
51.5 0.0 inf
52.5 0.0 inf
53.5 0.0 inf
54.5 0.0 inf
55.5 0.0 inf
56.5 0.0 inf
57.5 0.0 inf
58.5 0.0 inf
59.5 0.0 inf
60.5 0.0 inf
61.5 0.0 inf
62.5 0.0 inf
63.5 0.0 inf
64.5 0.0 inf
65.5 0.0 inf
66.5 0.0 inf
67.5 0.0 inf
68.5 0.0 inf
69.5 0.0 inf
70.5 0.0 inf
71.5 0.0 inf
72.5 0.0 inf
73.5 0.0 inf
74.5 0.0 inf
75.5 0.0 inf
76.5 0.0 inf
77.5 0.0 inf
78.5 0.0 inf
79.5 0.0 inf
80.5 0.0 inf
81.5 0.0 inf
82.5 0.0 inf
83.5 0.0 inf
84.5 0.0 inf
85.5 0.0 inf
86.5 0.0 inf
87.5 0.0 inf
88.5 0.0 inf
89.5 0.0 inf
90.5 0.0 inf
91.5 0.0 inf
92.5 0.0 inf
93.5 0.0 inf
94.5 0.0 inf
95.5 0.0 inf
96.5 0.0 inf
97.5 0.0 inf
