0.5 2430813.0 0.0006413930133152629
1.5 259767.0 0.0019620406935894077
2.5 141343.0 0.002659884921504322
3.5 74226.0 0.0036704724727039473
4.5 42051.0 0.004876540506262585
5.5 26545.0 0.006137742088351013
6.5 16939.0 0.007683447285037296
7.5 11588.0 0.009289573103761056
8.5 8193.0 0.0110478691681959
9.5 5866.0 0.013056566068098609
10.5 4334.0 0.015189922095646322
11.5 3122.0 0.017897136508262645
12.5 2462.0 0.02015375504476893
13.5 1887.0 0.023020462775806542
14.5 1389.0 0.026831742481762743
15.5 1000.0 0.03162277660168379
16.5 850.0 0.03429971702850177
17.5 644.0 0.03940552031195503
18.5 481.0 0.04559607525875532
19.5 398.0 0.05012547071170855
20.5 331.0 0.05496497099293127
21.5 237.0 0.06495698024616309
22.5 173.0 0.07602859212697055
23.5 146.0 0.0827605888602368
24.5 93.0 0.10369516947304253
25.5 94.0 0.10314212462587934
26.5 56.0 0.1336306209562122
27.5 50.0 0.1414213562373095
28.5 37.0 0.1643989873053573
29.5 23.0 0.20851441405707477
30.5 24.0 0.20412414523193154
31.5 16.0 0.25
32.5 13.0 0.2773500981126146
33.5 9.0 0.3333333333333333
34.5 2.0 0.7071067811865475
35.5 9.0 0.3333333333333333
36.5 5.0 0.4472135954999579
37.5 2.0 0.7071067811865475
38.5 4.0 0.5
39.5 1.0 1.0
40.5 0.0 inf
41.5 1.0 1.0
42.5 0.0 inf
43.5 0.0 inf
44.5 0.0 inf
45.5 0.0 inf
46.5 0.0 inf
47.5 0.0 inf
48.5 0.0 inf
49.5 0.0 inf
50.5 0.0 inf
51.5 0.0 inf
52.5 0.0 inf
53.5 0.0 inf
54.5 0.0 inf
55.5 0.0 inf
56.5 0.0 inf
57.5 0.0 inf
58.5 0.0 inf
59.5 0.0 inf
60.5 0.0 inf
61.5 0.0 inf
62.5 0.0 inf
63.5 0.0 inf
64.5 0.0 inf
65.5 0.0 inf
66.5 0.0 inf
67.5 0.0 inf
68.5 0.0 inf
69.5 0.0 inf
70.5 0.0 inf
71.5 0.0 inf
72.5 0.0 inf
73.5 0.0 inf
74.5 0.0 inf
75.5 0.0 inf
76.5 0.0 inf
77.5 0.0 inf
78.5 0.0 inf
79.5 0.0 inf
80.5 0.0 inf
81.5 0.0 inf
82.5 0.0 inf
83.5 0.0 inf
84.5 0.0 inf
85.5 0.0 inf
86.5 0.0 inf
87.5 0.0 inf
88.5 0.0 inf
89.5 0.0 inf
90.5 0.0 inf
91.5 0.0 inf
92.5 0.0 inf
93.5 0.0 inf
94.5 0.0 inf
95.5 0.0 inf
96.5 0.0 inf
97.5 0.0 inf
