0.5 26980.0 0.006088061449793081
1.5 11946.0 0.009149318469777389
2.5 10216.0 0.009893718691067562
3.5 8075.0 0.011128297681493145
4.5 5963.0 0.01294993520192385
5.5 4741.0 0.014523290432484293
6.5 3659.0 0.016531748712584435
7.5 2775.0 0.01898315991504998
8.5 2343.0 0.020659216918960218
9.5 1742.0 0.02395939925913801
10.5 1471.0 0.02607315963394304
11.5 1115.0 0.02994763741177399
12.5 938.0 0.032651157422416956
13.5 743.0 0.03668644191235265
14.5 567.0 0.0419960525565808
15.5 459.0 0.04667600280093366
16.5 378.0 0.05143444998736397
17.5 293.0 0.0584206237836986
18.5 225.0 0.06666666666666667
19.5 185.0 0.07352146220938077
20.5 141.0 0.0842151921066519
21.5 143.0 0.08362420100070908
22.5 89.0 0.105999788000636
23.5 64.0 0.125
24.5 62.0 0.1270001270001905
25.5 42.0 0.1543033499620919
26.5 44.0 0.15075567228888181
27.5 21.0 0.2182178902359924
28.5 14.0 0.2672612419124244
29.5 15.0 0.2581988897471611
30.5 9.0 0.3333333333333333
31.5 5.0 0.4472135954999579
32.5 6.0 0.4082482904638631
33.5 4.0 0.5
34.5 2.0 0.7071067811865475
35.5 3.0 0.5773502691896258
36.5 2.0 0.7071067811865475
37.5 2.0 0.7071067811865475
38.5 1.0 1.0
39.5 1.0 1.0
40.5 0.0 inf
41.5 0.0 inf
42.5 0.0 inf
43.5 0.0 inf
44.5 0.0 inf
45.5 0.0 inf
46.5 0.0 inf
47.5 0.0 inf
48.5 0.0 inf
49.5 0.0 inf
50.5 0.0 inf
51.5 0.0 inf
52.5 0.0 inf
53.5 0.0 inf
54.5 0.0 inf
55.5 0.0 inf
56.5 0.0 inf
57.5 0.0 inf
58.5 0.0 inf
59.5 0.0 inf
60.5 0.0 inf
61.5 0.0 inf
62.5 0.0 inf
63.5 0.0 inf
64.5 0.0 inf
65.5 0.0 inf
66.5 0.0 inf
67.5 0.0 inf
68.5 0.0 inf
69.5 0.0 inf
70.5 0.0 inf
71.5 0.0 inf
72.5 0.0 inf
73.5 0.0 inf
74.5 0.0 inf
75.5 0.0 inf
76.5 0.0 inf
77.5 0.0 inf
78.5 0.0 inf
79.5 0.0 inf
80.5 0.0 inf
81.5 0.0 inf
82.5 0.0 inf
83.5 0.0 inf
84.5 0.0 inf
85.5 0.0 inf
86.5 0.0 inf
87.5 0.0 inf
88.5 0.0 inf
89.5 0.0 inf
90.5 0.0 inf
91.5 0.0 inf
92.5 0.0 inf
93.5 0.0 inf
94.5 0.0 inf
95.5 0.0 inf
96.5 0.0 inf
97.5 0.0 inf
