0.5 972.0 0.032075014954979206
1.5 571.0 0.04184869753186872
2.5 600.0 0.040824829046386304
3.5 521.0 0.04381079543383235
4.5 445.0 0.04740454631399772
5.5 390.0 0.05063696835418333
6.5 319.0 0.05598925109558543
7.5 266.0 0.06131393394849658
8.5 299.0 0.05783149319662402
9.5 183.0 0.07392212709545729
10.5 160.0 0.07905694150420949
11.5 158.0 0.079555728417573
12.5 129.0 0.08804509063256238
13.5 122.0 0.09053574604251853
14.5 86.0 0.10783277320343841
15.5 71.0 0.11867816581938533
16.5 40.0 0.15811388300841897
17.5 50.0 0.1414213562373095
18.5 41.0 0.15617376188860607
19.5 33.0 0.17407765595569785
20.5 20.0 0.22360679774997896
21.5 19.0 0.22941573387056174
22.5 11.0 0.30151134457776363
23.5 13.0 0.2773500981126146
24.5 13.0 0.2773500981126146
25.5 9.0 0.3333333333333333
26.5 7.0 0.3779644730092272
27.5 3.0 0.5773502691896258
28.5 0.0 inf
29.5 2.0 0.7071067811865475
30.5 1.0 1.0
31.5 0.0 inf
32.5 0.0 inf
33.5 0.0 inf
34.5 0.0 inf
35.5 0.0 inf
36.5 0.0 inf
37.5 0.0 inf
38.5 0.0 inf
39.5 0.0 inf
40.5 0.0 inf
41.5 0.0 inf
42.5 0.0 inf
43.5 0.0 inf
44.5 0.0 inf
45.5 0.0 inf
46.5 0.0 inf
47.5 0.0 inf
48.5 0.0 inf
49.5 0.0 inf
50.5 0.0 inf
51.5 0.0 inf
52.5 0.0 inf
53.5 0.0 inf
54.5 0.0 inf
55.5 0.0 inf
56.5 0.0 inf
57.5 0.0 inf
58.5 0.0 inf
59.5 0.0 inf
60.5 0.0 inf
61.5 0.0 inf
62.5 0.0 inf
63.5 0.0 inf
64.5 0.0 inf
65.5 0.0 inf
66.5 0.0 inf
67.5 0.0 inf
68.5 0.0 inf
69.5 0.0 inf
70.5 0.0 inf
71.5 0.0 inf
72.5 0.0 inf
73.5 0.0 inf
74.5 0.0 inf
75.5 0.0 inf
76.5 0.0 inf
77.5 0.0 inf
78.5 0.0 inf
79.5 0.0 inf
80.5 0.0 inf
81.5 0.0 inf
82.5 0.0 inf
83.5 0.0 inf
84.5 0.0 inf
85.5 0.0 inf
86.5 0.0 inf
87.5 0.0 inf
88.5 0.0 inf
89.5 0.0 inf
90.5 0.0 inf
91.5 0.0 inf
92.5 0.0 inf
93.5 0.0 inf
94.5 0.0 inf
95.5 0.0 inf
96.5 0.0 inf
97.5 0.0 inf
