0.5 38.8429 0.0016045164597860797
1.5 20.526699999999998 0.0022071936216596756
2.5 20.829700000000003 0.0021910813006411223
3.5 19.1124 0.002287401422985731
4.5 16.797800000000002 0.0024399099436099954
5.5 15.175799999999999 0.0025669901534784772
6.5 13.2942 0.0027426405701196617
7.5 11.796199999999999 0.0029115814004017867
8.5 10.503499999999999 0.0030855527832923816
9.5 9.1882 0.003299018720859393
10.5 8.2509 0.003481363231752648
11.5 7.260400000000001 0.003711245858356312
12.5 6.467700000000001 0.003932104637747988
13.5 5.6708 0.004199309018557182
14.5 4.9709 0.004485206953288608
15.5 4.319800000000001 0.004811363618693804
16.5 3.8428 0.005101244141112879
17.5 3.332 0.0054783213489097895
18.5 2.8367 0.005937358815460689
19.5 2.4234 0.006423732509836231
20.5 2.0932 0.00691185529004656
21.5 1.7898 0.007474768524018136
22.5 1.4990999999999999 0.008167416401841853
23.5 1.2572 0.008918623156480928
24.5 1.061 0.009708280325593281
25.5 0.8793 0.010664278135849732
26.5 0.7171 0.011808918865619635
27.5 0.583 0.013096815896275179
28.5 0.5075000000000001 0.014037248126871928
29.5 0.3965 0.0158810204201071
30.5 0.3181 0.017730384976049764
31.5 0.255 0.019802950859533486
32.5 0.20190000000000002 0.022255217373611656
33.5 0.1601 0.02499219116020307
34.5 0.1356 0.027156272329678422
35.5 0.1021 0.03129587719622029
36.5 0.079 0.035578403348241
37.5 0.0632 0.0397778642087865
38.5 0.0501 0.04467670516087703
39.5 0.0398 0.05012547071170855
40.5 0.0303 0.0574484989621426
41.5 0.0212 0.06868028197434452
42.5 0.0185 0.07352146220938077
43.5 0.0113 0.09407208683835974
44.5 0.0102 0.09901475429766741
45.5 0.0067 0.12216944435630522
46.5 0.0051 0.14002800840280097
47.5 0.0049 0.14285714285714285
48.5 0.0041 0.15617376188860607
49.5 0.003 0.18257418583505536
50.5 0.0019 0.22941573387056174
51.5 0.0019000000000000002 0.22941573387056174
52.5 0.0007 0.3779644730092272
53.5 0.0004 0.5
54.5 0.0007999999999999999 0.3535533905932738
55.5 0.0005 0.4472135954999579
56.5 0.00030000000000000003 0.5773502691896257
57.5 0.0002 0.7071067811865475
58.5 0.0001 1.0
59.5 0.0001 1.0
60.5 0.0 inf
61.5 0.0002 0.7071067811865475
62.5 0.0 inf
63.5 0.0 inf
64.5 0.0 inf
65.5 0.0 inf
66.5 0.0 inf
67.5 0.0 inf
68.5 0.0 inf
69.5 0.0 inf
70.5 0.0 inf
71.5 0.0 inf
72.5 0.0 inf
73.5 0.0 inf
74.5 0.0 inf
75.5 0.0 inf
76.5 0.0 inf
77.5 0.0 inf
78.5 0.0 inf
79.5 0.0 inf
80.5 0.0 inf
81.5 0.0 inf
82.5 0.0 inf
83.5 0.0 inf
84.5 0.0 inf
85.5 0.0 inf
86.5 0.0 inf
87.5 0.0 inf
88.5 0.0 inf
89.5 0.0 inf
90.5 0.0 inf
91.5 0.0 inf
92.5 0.0 inf
93.5 0.0 inf
94.5 0.0 inf
95.5 0.0 inf
96.5 0.0 inf
97.5 0.0 inf
