0.5 506971.0 0.0014044569816058536
1.5 116061.0 0.002935329409812245
2.5 74920.0 0.0036534327340358866
3.5 45719.0 0.004676830590606903
4.5 28300.0 0.00594438298277764
5.5 18704.0 0.007311942257176543
6.5 12658.0 0.008888274412145276
7.5 9004.0 0.0105385838865184
8.5 6455.0 0.012446632785595378
9.5 4783.0 0.014459384601444056
10.5 3641.0 0.016572562308756485
11.5 2645.0 0.019444069369563388
12.5 2074.0 0.02195814375455294
13.5 1570.0 0.025237723256253435
14.5 1198.0 0.028891599832849384
15.5 919.0 0.03298695623770211
16.5 763.0 0.03620243071279983
17.5 593.0 0.04106507811765909
18.5 436.0 0.04789131426105757
19.5 351.0 0.05337605126836238
20.5 270.0 0.06085806194501846
21.5 206.0 0.06967330142916177
22.5 163.0 0.07832604499879574
23.5 128.0 0.08838834764831843
24.5 83.0 0.10976425998969035
25.5 81.0 0.1111111111111111
26.5 65.0 0.12403473458920847
27.5 38.0 0.16222142113076254
28.5 37.0 0.1643989873053573
29.5 32.0 0.17677669529663687
30.5 18.0 0.23570226039551587
31.5 12.0 0.2886751345948129
32.5 13.0 0.2773500981126146
33.5 5.0 0.4472135954999579
34.5 2.0 0.7071067811865475
35.5 4.0 0.5
36.5 3.0 0.5773502691896258
37.5 0.0 inf
38.5 1.0 1.0
39.5 0.0 inf
40.5 0.0 inf
41.5 0.0 inf
42.5 0.0 inf
43.5 0.0 inf
44.5 0.0 inf
45.5 0.0 inf
46.5 0.0 inf
47.5 0.0 inf
48.5 0.0 inf
49.5 0.0 inf
50.5 0.0 inf
51.5 0.0 inf
52.5 0.0 inf
53.5 0.0 inf
54.5 0.0 inf
55.5 0.0 inf
56.5 0.0 inf
57.5 0.0 inf
58.5 0.0 inf
59.5 0.0 inf
60.5 0.0 inf
61.5 0.0 inf
62.5 0.0 inf
63.5 0.0 inf
64.5 0.0 inf
65.5 0.0 inf
66.5 0.0 inf
67.5 0.0 inf
68.5 0.0 inf
69.5 0.0 inf
70.5 0.0 inf
71.5 0.0 inf
72.5 0.0 inf
73.5 0.0 inf
74.5 0.0 inf
75.5 0.0 inf
76.5 0.0 inf
77.5 0.0 inf
78.5 0.0 inf
79.5 0.0 inf
80.5 0.0 inf
81.5 0.0 inf
82.5 0.0 inf
83.5 0.0 inf
84.5 0.0 inf
85.5 0.0 inf
86.5 0.0 inf
87.5 0.0 inf
88.5 0.0 inf
89.5 0.0 inf
90.5 0.0 inf
91.5 0.0 inf
92.5 0.0 inf
93.5 0.0 inf
94.5 0.0 inf
95.5 0.0 inf
96.5 0.0 inf
97.5 0.0 inf
