0.5 38.6366 0.0016087944120690121
1.5 20.3516 0.002216668352566738
2.5 20.5875 0.002203932016357621
3.5 19.038899999999998 0.0022918124460921453
4.5 16.808 0.002439169496850227
5.5 14.947199999999999 0.00258654523018417
6.5 13.1731 0.0027552182449692695
7.5 11.714500000000001 0.002921716826056345
8.5 10.4363 0.003095470878487506
9.5 9.1873 0.0032991803050102146
10.5 8.2349 0.0034847436481208077
11.5 7.2039 0.003725771036117652
12.5 6.4079 0.003950409683665664
13.5 5.5794 0.00423356518382331
14.5 4.9747 0.0044834935793711
15.5 4.2814 0.004832892083580059
16.5 3.7908999999999997 0.0051360451849055255
17.5 3.2773000000000003 0.005523850307761901
18.5 2.8112000000000004 0.005964226498330873
19.5 2.3955 0.0064610323034493345
20.5 2.0755 0.006941265098379696
21.5 1.7718 0.0075126412636347326
22.5 1.4836 0.008209970330862827
23.5 1.2476 0.00895287079541084
24.5 1.0585 0.009719738231534875
25.5 0.8733 0.010700849841736613
26.5 0.7216 0.011772040233700277
27.5 0.5798 0.013132907775647793
28.5 0.5098 0.014005547295310977
29.5 0.3933 0.015945495774497994
30.5 0.3163 0.01778076344058029
31.5 0.259 0.01964943729729648
32.5 0.20500000000000002 0.022086305214969307
33.5 0.162 0.024845199749997663
34.5 0.1231 0.028501713717057404
35.5 0.1038 0.03103854276221004
36.5 0.0829 0.034731435582359395
37.5 0.0644 0.03940552031195503
38.5 0.0463 0.04647394123401731
39.5 0.036699999999999997 0.052199575097188054
40.5 0.0279 0.05986843400892496
41.5 0.0233 0.06551217820804184
42.5 0.0164 0.07808688094430304
43.5 0.0139 0.08481889296799709
44.5 0.0085 0.10846522890932808
45.5 0.0073 0.11704114719613057
46.5 0.006 0.12909944487358055
47.5 0.0051 0.14002800840280097
48.5 0.0031000000000000003 0.17960530202677488
49.5 0.0024999999999999996 0.2
50.5 0.0013 0.2773500981126146
51.5 0.0011 0.30151134457776363
52.5 0.0007999999999999999 0.3535533905932738
53.5 0.00039999999999999996 0.5000000000000001
54.5 0.0007 0.3779644730092272
55.5 0.0005 0.4472135954999579
56.5 0.0002 0.7071067811865475
57.5 0.0002 0.7071067811865475
58.5 0.0002 0.7071067811865475
59.5 0.0 inf
60.5 0.0001 1.0
61.5 0.0 inf
62.5 0.0001 1.0
63.5 0.0 inf
64.5 0.0 inf
65.5 0.0001 1.0
66.5 0.0001 1.0
67.5 0.0 inf
68.5 0.0 inf
69.5 0.0 inf
70.5 0.0 inf
71.5 0.0 inf
72.5 0.0 inf
73.5 0.0 inf
74.5 0.0 inf
75.5 0.0 inf
76.5 0.0 inf
77.5 0.0 inf
78.5 0.0 inf
79.5 0.0 inf
80.5 0.0 inf
81.5 0.0 inf
82.5 0.0 inf
83.5 0.0 inf
84.5 0.0 inf
85.5 0.0 inf
86.5 0.0 inf
87.5 0.0 inf
88.5 0.0 inf
89.5 0.0 inf
90.5 0.0 inf
91.5 0.0 inf
92.5 0.0 inf
93.5 0.0 inf
94.5 0.0 inf
95.5 0.0 inf
96.5 0.0 inf
97.5 0.0 inf
