0.5 9655.0 0.01017709575931423
1.5 4689.0 0.014603598477944117
2.5 4393.0 0.015087573484912842
3.5 3600.0 0.016666666666666666
4.5 2860.0 0.018698939800169144
5.5 2296.0 0.020869596778242055
6.5 1884.0 0.02303878387920457
7.5 1489.0 0.02591508580466721
8.5 1270.0 0.028060676663315687
9.5 965.0 0.03219113899898252
10.5 811.0 0.03511474936103118
11.5 663.0 0.03883678186903087
12.5 560.0 0.042257712736425826
13.5 451.0 0.04708816093480111
14.5 379.0 0.051366549693751415
15.5 300.0 0.05773502691896257
16.5 255.0 0.06262242910851495
17.5 194.0 0.07179581586177382
18.5 157.0 0.07980868844676221
19.5 123.0 0.09016696346674323
20.5 91.0 0.10482848367219183
21.5 87.0 0.10721125348377948
22.5 62.0 0.1270001270001905
23.5 51.0 0.14002800840280097
24.5 39.0 0.16012815380508713
25.5 37.0 0.1643989873053573
26.5 14.0 0.2672612419124244
27.5 23.0 0.20851441405707477
28.5 15.0 0.2581988897471611
29.5 10.0 0.31622776601683794
30.5 6.0 0.4082482904638631
31.5 9.0 0.3333333333333333
32.5 1.0 1.0
33.5 3.0 0.5773502691896258
34.5 1.0 1.0
35.5 0.0 inf
36.5 2.0 0.7071067811865475
37.5 0.0 inf
38.5 0.0 inf
39.5 1.0 1.0
40.5 0.0 inf
41.5 0.0 inf
42.5 0.0 inf
43.5 0.0 inf
44.5 0.0 inf
45.5 0.0 inf
46.5 0.0 inf
47.5 0.0 inf
48.5 0.0 inf
49.5 0.0 inf
50.5 0.0 inf
51.5 0.0 inf
52.5 0.0 inf
53.5 0.0 inf
54.5 0.0 inf
55.5 0.0 inf
56.5 0.0 inf
57.5 0.0 inf
58.5 0.0 inf
59.5 0.0 inf
60.5 0.0 inf
61.5 0.0 inf
62.5 0.0 inf
63.5 0.0 inf
64.5 0.0 inf
65.5 0.0 inf
66.5 0.0 inf
67.5 0.0 inf
68.5 0.0 inf
69.5 0.0 inf
70.5 0.0 inf
71.5 0.0 inf
72.5 0.0 inf
73.5 0.0 inf
74.5 0.0 inf
75.5 0.0 inf
76.5 0.0 inf
77.5 0.0 inf
78.5 0.0 inf
79.5 0.0 inf
80.5 0.0 inf
81.5 0.0 inf
82.5 0.0 inf
83.5 0.0 inf
84.5 0.0 inf
85.5 0.0 inf
86.5 0.0 inf
87.5 0.0 inf
88.5 0.0 inf
89.5 0.0 inf
90.5 0.0 inf
91.5 0.0 inf
92.5 0.0 inf
93.5 0.0 inf
94.5 0.0 inf
95.5 0.0 inf
96.5 0.0 inf
97.5 0.0 inf
