0.5 40.0419 0.0015803113586474633
1.5 21.2855 0.0021674948380155886
2.5 21.4709 0.00215811645135475
3.5 19.8275 0.002245773850843236
4.5 17.436799999999998 0.002394785428217176
5.5 15.693 0.0025243351382378096
6.5 13.814699999999998 0.002690476920291033
7.5 12.222999999999999 0.002860296759742253
8.5 10.9624 0.003020279797183202
9.5 9.5165 0.0032416145575687016
10.5 8.5456 0.003420808161504112
11.5 7.4767 0.00365716893807491
12.5 6.6741 0.003870825961936964
13.5 5.8975 0.004117807357212681
14.5 5.2211 0.004376420002564012
15.5 4.5394000000000005 0.004693542700880562
16.5 4.0076 0.004995256758050599
17.5 3.4499 0.005383897048640538
18.5 2.9321 0.005839969931240227
19.5 2.4936 0.006332666327607277
20.5 2.1704 0.0067878167566173585
21.5 1.8559999999999999 0.007340252743933793
22.5 1.5512000000000001 0.00802908585711205
23.5 1.3155000000000001 0.008718757003105971
24.5 1.1068 0.009505291167211717
25.5 0.9034 0.010521071133233962
26.5 0.7413000000000001 0.011614566367080564
27.5 0.6069 0.01283634648447014
28.5 0.5253 0.013797369644231547
29.5 0.4205 0.015421158465515792
30.5 0.3378 0.017205614075453395
31.5 0.2707 0.01922011014307878
32.5 0.2117 0.02173399540921557
33.5 0.1656 0.024573659359149524
34.5 0.12890000000000001 0.027853100187767633
35.5 0.1062 0.030685820596610777
36.5 0.0852 0.03425943549137658
37.5 0.068 0.03834824944236852
38.5 0.047 0.04612656040144425
39.5 0.0414 0.04914731871829905
40.5 0.0305 0.057259833431386825
41.5 0.026000000000000002 0.062017367294604234
42.5 0.017099999999999997 0.07647191129018727
43.5 0.012 0.09128709291752768
44.5 0.0109 0.09578262852211514
45.5 0.0086 0.10783277320343841
46.5 0.0076 0.11470786693528087
47.5 0.0052 0.1386750490563073
48.5 0.004 0.15811388300841897
49.5 0.0031999999999999997 0.1767766952966369
50.5 0.0012000000000000001 0.28867513459481287
51.5 0.0009 0.3333333333333333
52.5 0.0011 0.30151134457776363
53.5 0.00039999999999999996 0.5000000000000001
54.5 0.0002 0.7071067811865475
55.5 0.0002 0.7071067811865475
56.5 0.0002 0.7071067811865475
57.5 0.00030000000000000003 0.5773502691896257
58.5 0.0 inf
59.5 0.0 inf
60.5 0.0001 1.0
61.5 0.0 inf
62.5 0.0 inf
63.5 0.0 inf
64.5 0.0 inf
65.5 0.0 inf
66.5 0.0 inf
67.5 0.0 inf
68.5 0.0 inf
69.5 0.0 inf
70.5 0.0 inf
71.5 0.0 inf
72.5 0.0 inf
73.5 0.0 inf
74.5 0.0 inf
75.5 0.0 inf
76.5 0.0 inf
77.5 0.0 inf
78.5 0.0 inf
79.5 0.0 inf
80.5 0.0 inf
81.5 0.0 inf
82.5 0.0 inf
83.5 0.0 inf
84.5 0.0 inf
85.5 0.0 inf
86.5 0.0 inf
87.5 0.0 inf
88.5 0.0 inf
89.5 0.0 inf
90.5 0.0 inf
91.5 0.0 inf
92.5 0.0 inf
93.5 0.0 inf
94.5 0.0 inf
95.5 0.0 inf
96.5 0.0 inf
97.5 0.0 inf
