0.5 169.0 0.07692307692307693
1.5 164.0 0.07808688094430304
2.5 173.0 0.07602859212697055
3.5 200.0 0.07071067811865475
4.5 155.0 0.08032193289024989
5.5 157.0 0.07980868844676221
6.5 122.0 0.09053574604251853
7.5 105.0 0.09759000729485333
8.5 110.0 0.09534625892455924
9.5 92.0 0.10425720702853739
10.5 74.0 0.11624763874381928
11.5 42.0 0.1543033499620919
12.5 47.0 0.14586499149789456
13.5 41.0 0.15617376188860607
14.5 36.0 0.16666666666666666
15.5 23.0 0.20851441405707477
16.5 29.0 0.18569533817705186
17.5 15.0 0.2581988897471611
18.5 11.0 0.30151134457776363
19.5 11.0 0.30151134457776363
20.5 8.0 0.35355339059327373
21.5 4.0 0.5
22.5 0.0 inf
23.5 1.0 1.0
24.5 0.0 inf
25.5 0.0 inf
26.5 0.0 inf
27.5 0.0 inf
28.5 1.0 1.0
29.5 0.0 inf
30.5 0.0 inf
31.5 0.0 inf
32.5 0.0 inf
33.5 0.0 inf
34.5 0.0 inf
35.5 0.0 inf
36.5 0.0 inf
37.5 0.0 inf
38.5 0.0 inf
39.5 0.0 inf
40.5 0.0 inf
41.5 0.0 inf
42.5 0.0 inf
43.5 0.0 inf
44.5 0.0 inf
45.5 0.0 inf
46.5 0.0 inf
47.5 0.0 inf
48.5 0.0 inf
49.5 0.0 inf
50.5 0.0 inf
51.5 0.0 inf
52.5 0.0 inf
53.5 0.0 inf
54.5 0.0 inf
55.5 0.0 inf
56.5 0.0 inf
57.5 0.0 inf
58.5 0.0 inf
59.5 0.0 inf
60.5 0.0 inf
61.5 0.0 inf
62.5 0.0 inf
63.5 0.0 inf
64.5 0.0 inf
65.5 0.0 inf
66.5 0.0 inf
67.5 0.0 inf
68.5 0.0 inf
69.5 0.0 inf
70.5 0.0 inf
71.5 0.0 inf
72.5 0.0 inf
73.5 0.0 inf
74.5 0.0 inf
75.5 0.0 inf
76.5 0.0 inf
77.5 0.0 inf
78.5 0.0 inf
79.5 0.0 inf
80.5 0.0 inf
81.5 0.0 inf
82.5 0.0 inf
83.5 0.0 inf
84.5 0.0 inf
85.5 0.0 inf
86.5 0.0 inf
87.5 0.0 inf
88.5 0.0 inf
89.5 0.0 inf
90.5 0.0 inf
91.5 0.0 inf
92.5 0.0 inf
93.5 0.0 inf
94.5 0.0 inf
95.5 0.0 inf
96.5 0.0 inf
97.5 0.0 inf
