0.5 38.503299999999996 0.0016115768619509188
1.5 20.3315 0.002217763796272244
2.5 20.6277 0.00220178341823613
3.5 18.8851 0.0023011257674951267
4.5 16.670099999999998 0.0024492374843129365
5.5 14.985800000000001 0.002583211907288586
6.5 13.1502 0.00275761619531304
7.5 11.613700000000001 0.0029343688135174428
8.5 10.414 0.003098783346622784
9.5 9.1102 0.0033131114419590905
10.5 8.1653 0.003499563894022868
11.5 7.1945 0.003728204201424173
12.5 6.4179 0.003947330834113185
13.5 5.5831 0.0042321621293140614
14.5 4.942399999999999 0.004498120178565961
15.5 4.2607 0.004844617815484682
16.5 3.7991 0.0051304993555381356
17.5 3.3002 0.00550465202052213
18.5 2.7709 0.006007441822318998
19.5 2.4216 0.006426119479328347
20.5 2.0853 0.006924935431770243
21.5 1.745 0.007570111641044646
22.5 1.4492 0.008306839843561791
23.5 1.2433 0.008968339353171217
24.5 1.0589 0.009717902240163842
25.5 0.8571 0.010801504538335447
26.5 0.7109000000000001 0.011860301869872747
27.5 0.5900000000000001 0.013018891098082385
28.5 0.4905 0.014278431229270644
29.5 0.4044 0.015725136593060973
30.5 0.3245 0.017554669175502143
31.5 0.2524 0.019904685716450824
32.5 0.1988 0.02242806520081283
33.5 0.159 0.02507849312877596
34.5 0.13019999999999998 0.02771369977368467
35.5 0.1051 0.030845984923781787
36.5 0.079 0.035578403348241
37.5 0.0663 0.03883678186903087
38.5 0.0487 0.04531432544294438
39.5 0.0395 0.05031546054266276
40.5 0.027999999999999997 0.059761430466719695
41.5 0.0232 0.06565321642986129
42.5 0.0166 0.07761505257063328
43.5 0.0121 0.09090909090909091
44.5 0.0093 0.10369516947304253
45.5 0.0076 0.11470786693528087
46.5 0.004999999999999999 0.14142135623730953
47.5 0.0042 0.1543033499620919
48.5 0.0035 0.1690308509457033
49.5 0.0021000000000000003 0.21821789023599233
50.5 0.0015999999999999999 0.25000000000000006
51.5 0.0014 0.2672612419124244
52.5 0.0007 0.3779644730092272
53.5 0.0006000000000000001 0.40824829046386296
54.5 0.0006 0.4082482904638631
55.5 0.0001 1.0
56.5 0.0002 0.7071067811865475
57.5 0.0 inf
58.5 0.0 inf
59.5 0.0 inf
60.5 0.0001 1.0
61.5 0.0 inf
62.5 0.0 inf
63.5 0.0 inf
64.5 0.0001 1.0
65.5 0.0 inf
66.5 0.0 inf
67.5 0.0 inf
68.5 0.0 inf
69.5 0.0 inf
70.5 0.0 inf
71.5 0.0 inf
72.5 0.0 inf
73.5 0.0 inf
74.5 0.0 inf
75.5 0.0 inf
76.5 0.0 inf
77.5 0.0 inf
78.5 0.0 inf
79.5 0.0 inf
80.5 0.0 inf
81.5 0.0 inf
82.5 0.0 inf
83.5 0.0 inf
84.5 0.0 inf
85.5 0.0 inf
86.5 0.0 inf
87.5 0.0 inf
88.5 0.0 inf
89.5 0.0 inf
90.5 0.0 inf
91.5 0.0 inf
92.5 0.0 inf
93.5 0.0 inf
94.5 0.0 inf
95.5 0.0 inf
96.5 0.0 inf
97.5 0.0 inf
