0.5 40.3241 0.0015747719063791197
1.5 21.375400000000003 0.0021629320438775355
2.5 21.7568 0.0021438899590449137
3.5 19.9694 0.0022377805349129585
4.5 17.633499999999998 0.0023813911697505206
5.5 15.8141 0.0025146512336042433
6.5 13.8156 0.0026903892849851176
7.5 12.356000000000002 0.0028448609906863475
8.5 11.0723 0.0030052532662572487
9.5 9.658999999999999 0.00321761380790704
10.5 8.601199999999999 0.0034097338172443675
11.5 7.6127 0.003624354271211319
12.5 6.761 0.0038458693988771817
13.5 5.9293 0.004106750207211606
14.5 5.2204999999999995 0.004376671489639732
15.5 4.5443999999999996 0.004690959942741229
16.5 4.0106 0.004993388138177224
17.5 3.4737 0.005365421505760669
18.5 2.9673 0.00580522787178469
19.5 2.5308 0.006285952386705952
20.5 2.2148000000000003 0.006719434774168552
21.5 1.8597000000000001 0.007332947141619989
22.5 1.5762 0.007965156961137452
23.5 1.3096 0.008738374771484403
24.5 1.1219000000000001 0.009441107136691407
25.5 0.9116 0.010473644811127697
26.5 0.748 0.011562432251572007
27.5 0.606 0.012845874888467699
28.5 0.5184 0.013888888888888888
29.5 0.4131 0.015558667600311219
30.5 0.3398 0.017154904816703558
31.5 0.2656 0.01940376314265832
32.5 0.2122 0.02170837475265037
33.5 0.1698 0.024267841905814505
34.5 0.133 0.027420424855354085
35.5 0.1054 0.030802055181684874
36.5 0.08549999999999999 0.03419927840283847
37.5 0.0712 0.03747658444979307
38.5 0.054900000000000004 0.04267895997763199
39.5 0.0385 0.050964719143762556
40.5 0.031 0.05679618342470648
41.5 0.025500000000000002 0.06262242910851494
42.5 0.0193 0.07198157507486945
43.5 0.014000000000000002 0.08451542547285164
44.5 0.010499999999999999 0.09759000729485333
45.5 0.009600000000000001 0.10206207261596574
46.5 0.005 0.1414213562373095
47.5 0.0039 0.16012815380508713
48.5 0.0035 0.1690308509457033
49.5 0.0028 0.1889822365046136
50.5 0.002 0.22360679774997896
51.5 0.0011 0.30151134457776363
52.5 0.0007 0.3779644730092272
53.5 0.0005 0.4472135954999579
54.5 0.00039999999999999996 0.5000000000000001
55.5 0.0006000000000000001 0.40824829046386296
56.5 0.00030000000000000003 0.5773502691896257
57.5 0.0002 0.7071067811865475
58.5 0.0 inf
59.5 0.0 inf
60.5 0.0001 1.0
61.5 0.0 inf
62.5 0.0001 1.0
63.5 0.0 inf
64.5 0.0 inf
65.5 0.0 inf
66.5 0.0 inf
67.5 0.0 inf
68.5 0.0 inf
69.5 0.0 inf
70.5 0.0 inf
71.5 0.0 inf
72.5 0.0 inf
73.5 0.0 inf
74.5 0.0 inf
75.5 0.0 inf
76.5 0.0 inf
77.5 0.0 inf
78.5 0.0 inf
79.5 0.0 inf
80.5 0.0 inf
81.5 0.0 inf
82.5 0.0 inf
83.5 0.0 inf
84.5 0.0 inf
85.5 0.0 inf
86.5 0.0 inf
87.5 0.0 inf
88.5 0.0 inf
89.5 0.0 inf
90.5 0.0 inf
91.5 0.0 inf
92.5 0.0 inf
93.5 0.0 inf
94.5 0.0 inf
95.5 0.0 inf
96.5 0.0 inf
97.5 0.0 inf
