0.5 39.0688 0.0015998709916046456
1.5 20.6891 0.0021985138233038258
2.5 20.9417 0.002185214296090525
3.5 19.253700000000002 0.0022789925196557577
4.5 16.953899999999997 0.0024286514514768975
5.5 15.179200000000002 0.0025667026463861648
6.5 13.374 0.0027344459322872637
7.5 11.8716 0.0029023205202801834
8.5 10.6219 0.0030683075999758183
9.5 9.325700000000001 0.003274607708098136
10.5 8.314499999999999 0.0034680226974505048
11.5 7.2877 0.003704288102520402
12.5 6.4704999999999995 0.0039312537696288355
13.5 5.7268 0.004178726929142551
14.5 5.0189 0.004463707505187224
15.5 4.3662 0.004785729937030132
16.5 3.8902 0.005070070931295507
17.5 3.3489 0.00546448087431694
18.5 2.8457999999999997 0.005927858283579823
19.5 2.4520999999999997 0.0063860293664917776
20.5 2.0894 0.006918137744067313
21.5 1.8033000000000001 0.007446736875329344
22.5 1.4872999999999998 0.008199751879262144
23.5 1.2808000000000002 0.00883607392304504
24.5 1.0547 0.009737232209257126
25.5 0.8737999999999999 0.010697787819228009
26.5 0.7269 0.011729045352617276
27.5 0.5817 0.013111442300614298
28.5 0.5079 0.014031719474382226
29.5 0.40859999999999996 0.01564410848213107
30.5 0.3246 0.01755196492081838
31.5 0.2733 0.019128467797450026
32.5 0.20450000000000002 0.022113289104342324
33.5 0.1647 0.024640709031819093
34.5 0.13090000000000002 0.0276394996411391
35.5 0.1056 0.03077287274483318
36.5 0.0841 0.03448275862068966
37.5 0.0643 0.03943615033625495
38.5 0.0485 0.045407660918649985
39.5 0.0371 0.0519174131651165
40.5 0.0294 0.05832118435198043
41.5 0.0217 0.06788442333021306
42.5 0.016 0.07905694150420949
43.5 0.0114 0.0936585811581694
44.5 0.0111 0.0949157995752499
45.5 0.0085 0.10846522890932808
46.5 0.0058 0.13130643285972257
47.5 0.0045000000000000005 0.14907119849998599
48.5 0.0026 0.19611613513818404
49.5 0.0024000000000000002 0.20412414523193148
50.5 0.0021 0.2182178902359924
51.5 0.0012000000000000001 0.28867513459481287
52.5 0.0009 0.3333333333333333
53.5 0.0007 0.3779644730092272
54.5 0.0002 0.7071067811865475
55.5 0.0002 0.7071067811865475
56.5 0.0002 0.7071067811865475
57.5 0.0001 1.0
58.5 0.00030000000000000003 0.5773502691896257
59.5 0.0001 1.0
60.5 0.0001 1.0
61.5 0.0 inf
62.5 0.0 inf
63.5 0.0 inf
64.5 0.0 inf
65.5 0.0 inf
66.5 0.0 inf
67.5 0.0 inf
68.5 0.0 inf
69.5 0.0 inf
70.5 0.0 inf
71.5 0.0 inf
72.5 0.0 inf
73.5 0.0 inf
74.5 0.0 inf
75.5 0.0 inf
76.5 0.0 inf
77.5 0.0 inf
78.5 0.0 inf
79.5 0.0 inf
80.5 0.0 inf
81.5 0.0 inf
82.5 0.0 inf
83.5 0.0 inf
84.5 0.0 inf
85.5 0.0 inf
86.5 0.0 inf
87.5 0.0 inf
88.5 0.0 inf
89.5 0.0 inf
90.5 0.0 inf
91.5 0.0 inf
92.5 0.0 inf
93.5 0.0 inf
94.5 0.0 inf
95.5 0.0 inf
96.5 0.0 inf
97.5 0.0 inf
