0.5 854.0 0.034219295541457743
1.5 494.0 0.04499212706658475
2.5 503.0 0.04458779620677098
3.5 442.0 0.047565149415449405
4.5 344.0 0.053916386601719206
5.5 294.0 0.05832118435198043
6.5 257.0 0.06237828615518053
7.5 229.0 0.06608186004550898
8.5 188.0 0.07293249574894728
9.5 152.0 0.08111071056538127
10.5 118.0 0.09205746178983235
11.5 121.0 0.09090909090909091
12.5 114.0 0.0936585811581694
13.5 69.0 0.1203858530857692
14.5 52.0 0.1386750490563073
15.5 49.0 0.14285714285714285
16.5 36.0 0.16666666666666666
17.5 39.0 0.16012815380508713
18.5 28.0 0.1889822365046136
19.5 20.0 0.22360679774997896
20.5 14.0 0.2672612419124244
21.5 8.0 0.35355339059327373
22.5 8.0 0.35355339059327373
23.5 7.0 0.3779644730092272
24.5 2.0 0.7071067811865475
25.5 2.0 0.7071067811865475
26.5 2.0 0.7071067811865475
27.5 0.0 inf
28.5 0.0 inf
29.5 0.0 inf
30.5 1.0 1.0
31.5 0.0 inf
32.5 0.0 inf
33.5 0.0 inf
34.5 0.0 inf
35.5 0.0 inf
36.5 0.0 inf
37.5 0.0 inf
38.5 0.0 inf
39.5 0.0 inf
40.5 0.0 inf
41.5 0.0 inf
42.5 0.0 inf
43.5 0.0 inf
44.5 0.0 inf
45.5 0.0 inf
46.5 0.0 inf
47.5 0.0 inf
48.5 0.0 inf
49.5 0.0 inf
50.5 0.0 inf
51.5 0.0 inf
52.5 0.0 inf
53.5 0.0 inf
54.5 0.0 inf
55.5 0.0 inf
56.5 0.0 inf
57.5 0.0 inf
58.5 0.0 inf
59.5 0.0 inf
60.5 0.0 inf
61.5 0.0 inf
62.5 0.0 inf
63.5 0.0 inf
64.5 0.0 inf
65.5 0.0 inf
66.5 0.0 inf
67.5 0.0 inf
68.5 0.0 inf
69.5 0.0 inf
70.5 0.0 inf
71.5 0.0 inf
72.5 0.0 inf
73.5 0.0 inf
74.5 0.0 inf
75.5 0.0 inf
76.5 0.0 inf
77.5 0.0 inf
78.5 0.0 inf
79.5 0.0 inf
80.5 0.0 inf
81.5 0.0 inf
82.5 0.0 inf
83.5 0.0 inf
84.5 0.0 inf
85.5 0.0 inf
86.5 0.0 inf
87.5 0.0 inf
88.5 0.0 inf
89.5 0.0 inf
90.5 0.0 inf
91.5 0.0 inf
92.5 0.0 inf
93.5 0.0 inf
94.5 0.0 inf
95.5 0.0 inf
96.5 0.0 inf
97.5 0.0 inf
