0.5 54423.0 0.0042865585584511475
1.5 18175.0 0.0074175894155228414
2.5 13887.0 0.008485858432232601
3.5 9473.0 0.010274394364777345
4.5 6434.0 0.012466928585735454
5.5 4638.0 0.014683670413093076
6.5 3298.0 0.017413043075028778
7.5 2443.0 0.02023197438601293
8.5 1798.0 0.023583331531828913
9.5 1320.0 0.027524094128159017
10.5 1056.0 0.03077287274483318
11.5 827.0 0.03477340712103605
12.5 632.0 0.0397778642087865
13.5 524.0 0.0436852028330519
14.5 358.0 0.05285164225816899
15.5 292.0 0.058520573598065284
16.5 235.0 0.06523280730534423
17.5 190.0 0.07254762501100116
18.5 142.0 0.08391813582966891
19.5 122.0 0.09053574604251853
20.5 81.0 0.1111111111111111
21.5 82.0 0.11043152607484653
22.5 51.0 0.14002800840280097
23.5 26.0 0.19611613513818404
24.5 36.0 0.16666666666666666
25.5 14.0 0.2672612419124244
26.5 11.0 0.30151134457776363
27.5 13.0 0.2773500981126146
28.5 5.0 0.4472135954999579
29.5 13.0 0.2773500981126146
30.5 4.0 0.5
31.5 4.0 0.5
32.5 1.0 1.0
33.5 1.0 1.0
34.5 1.0 1.0
35.5 0.0 inf
36.5 0.0 inf
37.5 0.0 inf
38.5 0.0 inf
39.5 0.0 inf
40.5 0.0 inf
41.5 0.0 inf
42.5 0.0 inf
43.5 0.0 inf
44.5 0.0 inf
45.5 0.0 inf
46.5 0.0 inf
47.5 0.0 inf
48.5 0.0 inf
49.5 0.0 inf
50.5 0.0 inf
51.5 0.0 inf
52.5 0.0 inf
53.5 0.0 inf
54.5 0.0 inf
55.5 0.0 inf
56.5 0.0 inf
57.5 0.0 inf
58.5 0.0 inf
59.5 0.0 inf
60.5 0.0 inf
61.5 0.0 inf
62.5 0.0 inf
63.5 0.0 inf
64.5 0.0 inf
65.5 0.0 inf
66.5 0.0 inf
67.5 0.0 inf
68.5 0.0 inf
69.5 0.0 inf
70.5 0.0 inf
71.5 0.0 inf
72.5 0.0 inf
73.5 0.0 inf
74.5 0.0 inf
75.5 0.0 inf
76.5 0.0 inf
77.5 0.0 inf
78.5 0.0 inf
79.5 0.0 inf
80.5 0.0 inf
81.5 0.0 inf
82.5 0.0 inf
83.5 0.0 inf
84.5 0.0 inf
85.5 0.0 inf
86.5 0.0 inf
87.5 0.0 inf
88.5 0.0 inf
89.5 0.0 inf
90.5 0.0 inf
91.5 0.0 inf
92.5 0.0 inf
93.5 0.0 inf
94.5 0.0 inf
95.5 0.0 inf
96.5 0.0 inf
97.5 0.0 inf
