0.5 38.687 0.0016077461314624925
1.5 20.4503 0.002211312690596232
2.5 20.6393 0.0022011645920805025
3.5 19.0016 0.002294060748707524
4.5 16.7178 0.002445740849519093
5.5 15.058399999999999 0.0025769772550084937
6.5 13.2285 0.0027494428646672167
7.5 11.6876 0.002925077182836112
8.5 10.4894 0.0030876259087151176
9.5 9.1348 0.003308647332890981
10.5 8.2039 0.0034913213243018028
11.5 7.2379 0.0037170098394380064
12.5 6.435700000000001 0.0039418682473291
13.5 5.6485 0.004207590185862877
14.5 4.9388000000000005 0.004499759269318464
15.5 4.2903 0.004827876691926402
16.5 3.7931 0.005134555514414105
17.5 3.3001 0.005504735421181511
18.5 2.8176 0.005957448966029895
19.5 2.4181999999999997 0.006430635468854477
20.5 2.0731 0.00694528184082806
21.5 1.7568 0.007544645503543211
22.5 1.4903 0.008191494599587968
23.5 1.2605 0.008906940988838943
24.5 1.0537999999999998 0.0097413893731705
25.5 0.8522000000000001 0.010832513403280236
26.5 0.726 0.011736313170325505
27.5 0.5863 0.013059906055209673
28.5 0.5036 0.014091497219388538
29.5 0.4078 0.015659445847071705
30.5 0.31599999999999995 0.017789201674120503
31.5 0.25529999999999997 0.01979131233319198
32.5 0.1996 0.02238307405179226
33.5 0.1699 0.024260699053001704
34.5 0.1248 0.02830692585361489
35.5 0.096 0.03227486121839514
36.5 0.0776 0.03589790793088691
37.5 0.0663 0.03883678186903087
38.5 0.0491 0.04512936824065242
39.5 0.036199999999999996 0.052558833122763673
40.5 0.029400000000000003 0.05832118435198043
41.5 0.0221 0.06726727939963124
42.5 0.017800000000000003 0.07495316889958614
43.5 0.0134 0.08638684255813601
44.5 0.0094 0.10314212462587934
45.5 0.0063 0.1259881576697424
46.5 0.006500000000000001 0.12403473458920847
47.5 0.0047 0.14586499149789456
48.5 0.0034000000000000002 0.17149858514250882
49.5 0.0024 0.20412414523193154
50.5 0.002 0.22360679774997896
51.5 0.0012000000000000001 0.28867513459481287
52.5 0.00039999999999999996 0.5000000000000001
53.5 0.0007 0.3779644730092272
54.5 0.0006000000000000001 0.40824829046386296
55.5 0.0005 0.4472135954999579
56.5 0.00030000000000000003 0.5773502691896257
57.5 0.0001 1.0
58.5 0.0 inf
59.5 0.0 inf
60.5 0.0002 0.7071067811865475
61.5 0.0 inf
62.5 0.0001 1.0
63.5 0.0 inf
64.5 0.0002 0.7071067811865475
65.5 0.0 inf
66.5 0.0 inf
67.5 0.0 inf
68.5 0.0 inf
69.5 0.0 inf
70.5 0.0 inf
71.5 0.0 inf
72.5 0.0 inf
73.5 0.0 inf
74.5 0.0 inf
75.5 0.0 inf
76.5 0.0 inf
77.5 0.0 inf
78.5 0.0 inf
79.5 0.0 inf
80.5 0.0 inf
81.5 0.0 inf
82.5 0.0 inf
83.5 0.0 inf
84.5 0.0 inf
85.5 0.0 inf
86.5 0.0 inf
87.5 0.0 inf
88.5 0.0 inf
89.5 0.0 inf
90.5 0.0 inf
91.5 0.0 inf
92.5 0.0 inf
93.5 0.0 inf
94.5 0.0 inf
95.5 0.0 inf
96.5 0.0 inf
97.5 0.0 inf
