0.5 35142.0 0.005334414550923474
1.5 12892.0 0.00880724041404732
2.5 10260.0 0.009872481295984873
3.5 7309.0 0.011696906518807771
4.5 5035.0 0.01409289650415634
5.5 3666.0 0.01651595799587627
6.5 2718.0 0.019181177921614535
7.5 2039.0 0.022145800696175846
8.5 1595.0 0.02503915429180672
9.5 1171.0 0.02922278160934018
10.5 975.0 0.03202563076101743
11.5 746.0 0.03661260129691062
12.5 540.0 0.04303314829119352
13.5 438.0 0.04778184825674966
14.5 346.0 0.053760333057047034
15.5 282.0 0.05954913341754137
16.5 221.0 0.06726727939963124
17.5 162.0 0.07856742013183861
18.5 110.0 0.09534625892455924
19.5 104.0 0.09805806756909202
20.5 67.0 0.12216944435630522
21.5 53.0 0.13736056394868904
22.5 50.0 0.1414213562373095
23.5 27.0 0.19245008972987526
24.5 29.0 0.18569533817705186
25.5 27.0 0.19245008972987526
26.5 15.0 0.2581988897471611
27.5 6.0 0.4082482904638631
28.5 7.0 0.3779644730092272
29.5 10.0 0.31622776601683794
30.5 2.0 0.7071067811865475
31.5 3.0 0.5773502691896258
32.5 1.0 1.0
33.5 2.0 0.7071067811865475
34.5 0.0 inf
35.5 1.0 1.0
36.5 0.0 inf
37.5 0.0 inf
38.5 0.0 inf
39.5 0.0 inf
40.5 0.0 inf
41.5 0.0 inf
42.5 0.0 inf
43.5 0.0 inf
44.5 0.0 inf
45.5 0.0 inf
46.5 0.0 inf
47.5 0.0 inf
48.5 0.0 inf
49.5 0.0 inf
50.5 0.0 inf
51.5 0.0 inf
52.5 0.0 inf
53.5 0.0 inf
54.5 0.0 inf
55.5 0.0 inf
56.5 0.0 inf
57.5 0.0 inf
58.5 0.0 inf
59.5 0.0 inf
60.5 0.0 inf
61.5 0.0 inf
62.5 0.0 inf
63.5 0.0 inf
64.5 0.0 inf
65.5 0.0 inf
66.5 0.0 inf
67.5 0.0 inf
68.5 0.0 inf
69.5 0.0 inf
70.5 0.0 inf
71.5 0.0 inf
72.5 0.0 inf
73.5 0.0 inf
74.5 0.0 inf
75.5 0.0 inf
76.5 0.0 inf
77.5 0.0 inf
78.5 0.0 inf
79.5 0.0 inf
80.5 0.0 inf
81.5 0.0 inf
82.5 0.0 inf
83.5 0.0 inf
84.5 0.0 inf
85.5 0.0 inf
86.5 0.0 inf
87.5 0.0 inf
88.5 0.0 inf
89.5 0.0 inf
90.5 0.0 inf
91.5 0.0 inf
92.5 0.0 inf
93.5 0.0 inf
94.5 0.0 inf
95.5 0.0 inf
96.5 0.0 inf
97.5 0.0 inf
