0.5 38.4636 0.0016124083376952922
1.5 20.3707 0.002215628911248409
2.5 20.5747 0.0022046174684808083
3.5 18.8441 0.002303627741425168
4.5 16.6742 0.002448936345695857
5.5 14.9591 0.0025855162240259136
6.5 13.1091 0.0027619356882421457
7.5 11.631 0.002932185704954545
8.5 10.4071 0.003099810436888921
9.5 9.130600000000001 0.003309408220517086
10.5 8.1584 0.003501043466452677
11.5 7.1381 0.003742903981392319
12.5 6.4055 0.003951149680178671
13.5 5.5929 0.004228452660770695
14.5 4.9243 0.00450637935228289
15.5 4.2583 0.004845982849060007
16.5 3.7902 0.005136519442945573
17.5 3.2577 0.005540442551658865
18.5 2.8502 0.005923280946817827
19.5 2.4175 0.006431566413843314
20.5 2.0624000000000002 0.006963275046941908
21.5 1.7327 0.007596933281202638
22.5 1.4804 0.008218838786411851
23.5 1.2408 0.008977369642581768
24.5 1.0427 0.00979310279617867
25.5 0.8594999999999999 0.010786413361509558
26.5 0.7206 0.011780205622927677
27.5 0.5869 0.013053228642218303
28.5 0.5022 0.014111125222243389
29.5 0.40259999999999996 0.015760250451281974
30.5 0.3133 0.017865690353216123
31.5 0.2547 0.019814609942592133
32.5 0.2023 0.022233204294660427
33.5 0.1586 0.02511009804759127
34.5 0.12390000000000001 0.028409549486356805
35.5 0.1036 0.031068488300060003
36.5 0.0763 0.03620243071279982
37.5 0.0608 0.040555355282690636
38.5 0.0494 0.04499212706658475
39.5 0.038 0.051298917604257706
40.5 0.030100000000000002 0.0576390417704235
41.5 0.0237 0.06495698024616309
42.5 0.016300000000000002 0.07832604499879572
43.5 0.0112 0.0944911182523068
44.5 0.010499999999999999 0.09759000729485333
45.5 0.0079 0.11250879009260237
46.5 0.0060999999999999995 0.12803687993289598
47.5 0.0048000000000000004 0.14433756729740643
48.5 0.0038 0.16222142113076254
49.5 0.0018 0.23570226039551587
50.5 0.002 0.22360679774997896
51.5 0.0016 0.25
52.5 0.0004 0.5
53.5 0.0007 0.3779644730092272
54.5 0.0007999999999999999 0.3535533905932738
55.5 0.0005 0.4472135954999579
56.5 0.00030000000000000003 0.5773502691896257
57.5 0.00030000000000000003 0.5773502691896257
58.5 0.0002 0.7071067811865475
59.5 0.0002 0.7071067811865475
60.5 0.0001 1.0
61.5 0.0001 1.0
62.5 0.0 inf
63.5 0.0 inf
64.5 0.0 inf
65.5 0.0 inf
66.5 0.0 inf
67.5 0.0 inf
68.5 0.0 inf
69.5 0.0 inf
70.5 0.0 inf
71.5 0.0 inf
72.5 0.0 inf
73.5 0.0 inf
74.5 0.0 inf
75.5 0.0 inf
76.5 0.0 inf
77.5 0.0 inf
78.5 0.0 inf
79.5 0.0 inf
80.5 0.0 inf
81.5 0.0 inf
82.5 0.0 inf
83.5 0.0 inf
84.5 0.0 inf
85.5 0.0 inf
86.5 0.0 inf
87.5 0.0 inf
88.5 0.0 inf
89.5 0.0 inf
90.5 0.0 inf
91.5 0.0 inf
92.5 0.0 inf
93.5 0.0 inf
94.5 0.0 inf
95.5 0.0 inf
96.5 0.0 inf
97.5 0.0 inf
