0.5 39.5162 0.0015907883894890325
1.5 20.9811 0.0021831615462003465
2.5 21.2774 0.002167907365805858
3.5 19.466 0.00226653088035069
4.5 17.193 0.002411704914700642
5.5 15.4376 0.0025451308085778094
6.5 13.597100000000001 0.002711919876664742
7.5 12.018699999999999 0.0028845047109383607
8.5 10.7859 0.0030448913838486496
9.5 9.3818 0.003264802503296898
10.5 8.4612 0.003437827011989462
11.5 7.3987 0.0036763960513330604
12.5 6.6035 0.0038914630302480176
13.5 5.8247 0.004143460652256614
14.5 5.1198999999999995 0.0044194605414210105
15.5 4.458600000000001 0.004735880596088756
16.5 3.9285 0.005045295657627776
17.5 3.4025 0.0054212686982209315
18.5 2.8997 0.005872505953310983
19.5 2.4622 0.006372918088651833
20.5 2.0972999999999997 0.006905096011452907
21.5 1.8159999999999998 0.00742065221494406
22.5 1.5409000000000002 0.008055875994341807
23.5 1.2889 0.008808265326141488
24.5 1.0794 0.009625178518638335
25.5 0.8839 0.010636492373862397
26.5 0.7424999999999999 0.011605177063713189
27.5 0.5976 0.012935842095105548
28.5 0.5045 0.014078922384205958
29.5 0.4265 0.015312301868469587
30.5 0.3349 0.017279947800812528
31.5 0.2647 0.019436722280931712
32.5 0.2183 0.021402925123634755
33.5 0.173 0.024042351841717255
34.5 0.1331 0.027410122234342145
35.5 0.1042 0.030978910540439487
36.5 0.07680000000000001 0.03608439182435161
37.5 0.06509999999999999 0.03919309008348103
38.5 0.0474 0.04593152121746254
39.5 0.0411 0.049326362366699
40.5 0.028999999999999998 0.058722021951470346
41.5 0.022699999999999998 0.0663723311599972
42.5 0.0193 0.07198157507486945
43.5 0.0117 0.09245003270420485
44.5 0.008 0.11180339887498948
45.5 0.0083 0.10976425998969035
46.5 0.0074 0.11624763874381928
47.5 0.0063 0.1259881576697424
48.5 0.0033 0.17407765595569785
49.5 0.0031 0.1796053020267749
50.5 0.0015 0.2581988897471611
51.5 0.0018 0.23570226039551587
52.5 0.0008 0.35355339059327373
53.5 0.00039999999999999996 0.5000000000000001
54.5 0.0004 0.5
55.5 0.00030000000000000003 0.5773502691896257
56.5 0.0 inf
57.5 0.00030000000000000003 0.5773502691896257
58.5 0.00039999999999999996 0.5000000000000001
59.5 0.0001 1.0
60.5 0.0001 1.0
61.5 0.0 inf
62.5 0.0 inf
63.5 0.0 inf
64.5 0.0001 1.0
65.5 0.0 inf
66.5 0.0 inf
67.5 0.0 inf
68.5 0.0 inf
69.5 0.0 inf
70.5 0.0 inf
71.5 0.0 inf
72.5 0.0 inf
73.5 0.0 inf
74.5 0.0 inf
75.5 0.0 inf
76.5 0.0 inf
77.5 0.0 inf
78.5 0.0 inf
79.5 0.0 inf
80.5 0.0 inf
81.5 0.0 inf
82.5 0.0 inf
83.5 0.0 inf
84.5 0.0 inf
85.5 0.0 inf
86.5 0.0 inf
87.5 0.0 inf
88.5 0.0 inf
89.5 0.0 inf
90.5 0.0 inf
91.5 0.0 inf
92.5 0.0 inf
93.5 0.0 inf
94.5 0.0 inf
95.5 0.0 inf
96.5 0.0 inf
97.5 0.0 inf
