0.5 734107.0 0.0011671329159245489
1.5 92438.0 0.0032890822178901907
2.5 51531.0 0.004405200854701029
3.5 27702.0 0.0060082007826208345
4.5 16013.0 0.007902484417970673
5.5 10167.0 0.009917531492458432
6.5 6406.0 0.012494144741657035
7.5 4520.0 0.014874102932718241
8.5 3163.0 0.017780763440580293
9.5 2206.0 0.021291058142914557
10.5 1749.0 0.023911404992940522
11.5 1232.0 0.028490144114909487
12.5 966.0 0.03217447260438934
13.5 732.0 0.03696106354772864
14.5 593.0 0.04106507811765909
15.5 430.0 0.04822428221704121
16.5 316.0 0.0562543950463012
17.5 268.0 0.06108472217815261
18.5 187.0 0.07312724241271307
19.5 131.0 0.0873704056661038
20.5 106.0 0.09712858623572641
21.5 85.0 0.10846522890932808
22.5 61.0 0.12803687993289598
23.5 49.0 0.14285714285714285
24.5 38.0 0.16222142113076254
25.5 29.0 0.18569533817705186
26.5 22.0 0.21320071635561041
27.5 13.0 0.2773500981126146
28.5 19.0 0.22941573387056174
29.5 9.0 0.3333333333333333
30.5 8.0 0.35355339059327373
31.5 1.0 1.0
32.5 1.0 1.0
33.5 1.0 1.0
34.5 0.0 inf
35.5 1.0 1.0
36.5 0.0 inf
37.5 0.0 inf
38.5 1.0 1.0
39.5 0.0 inf
40.5 0.0 inf
41.5 0.0 inf
42.5 0.0 inf
43.5 0.0 inf
44.5 0.0 inf
45.5 0.0 inf
46.5 0.0 inf
47.5 0.0 inf
48.5 0.0 inf
49.5 0.0 inf
50.5 0.0 inf
51.5 0.0 inf
52.5 0.0 inf
53.5 0.0 inf
54.5 0.0 inf
55.5 0.0 inf
56.5 0.0 inf
57.5 0.0 inf
58.5 0.0 inf
59.5 0.0 inf
60.5 0.0 inf
61.5 0.0 inf
62.5 0.0 inf
63.5 0.0 inf
64.5 0.0 inf
65.5 0.0 inf
66.5 0.0 inf
67.5 0.0 inf
68.5 0.0 inf
69.5 0.0 inf
70.5 0.0 inf
71.5 0.0 inf
72.5 0.0 inf
73.5 0.0 inf
74.5 0.0 inf
75.5 0.0 inf
76.5 0.0 inf
77.5 0.0 inf
78.5 0.0 inf
79.5 0.0 inf
80.5 0.0 inf
81.5 0.0 inf
82.5 0.0 inf
83.5 0.0 inf
84.5 0.0 inf
85.5 0.0 inf
86.5 0.0 inf
87.5 0.0 inf
88.5 0.0 inf
89.5 0.0 inf
90.5 0.0 inf
91.5 0.0 inf
92.5 0.0 inf
93.5 0.0 inf
94.5 0.0 inf
95.5 0.0 inf
96.5 0.0 inf
97.5 0.0 inf
