0.5 897727.0 0.0010554261646559275
1.5 100317.0 0.003157277335214074
2.5 55006.0 0.004263781763540303
3.5 29087.0 0.005863413661119727
4.5 16583.0 0.007765482576933408
5.5 10391.0 0.009810052409854495
6.5 6651.0 0.012261864879628494
7.5 4661.0 0.01464739685792601
8.5 3228.0 0.01760083359521907
9.5 2334.0 0.020699009990027696
10.5 1676.0 0.024426598437301574
11.5 1240.0 0.02839809171235324
12.5 989.0 0.03179815003744467
13.5 736.0 0.036860489038724284
14.5 550.0 0.04264014327112208
15.5 409.0 0.049446817643414874
16.5 332.0 0.05488212999484517
17.5 253.0 0.06286946134619315
18.5 196.0 0.07142857142857142
19.5 147.0 0.08247860988423225
20.5 107.0 0.09667364890456635
21.5 92.0 0.10425720702853739
22.5 68.0 0.12126781251816648
23.5 68.0 0.12126781251816648
24.5 39.0 0.16012815380508713
25.5 21.0 0.2182178902359924
26.5 13.0 0.2773500981126146
27.5 11.0 0.30151134457776363
28.5 8.0 0.35355339059327373
29.5 10.0 0.31622776601683794
30.5 6.0 0.4082482904638631
31.5 2.0 0.7071067811865475
32.5 3.0 0.5773502691896258
33.5 2.0 0.7071067811865475
34.5 2.0 0.7071067811865475
35.5 0.0 inf
36.5 0.0 inf
37.5 1.0 1.0
38.5 0.0 inf
39.5 0.0 inf
40.5 0.0 inf
41.5 0.0 inf
42.5 0.0 inf
43.5 0.0 inf
44.5 0.0 inf
45.5 0.0 inf
46.5 0.0 inf
47.5 0.0 inf
48.5 0.0 inf
49.5 0.0 inf
50.5 0.0 inf
51.5 0.0 inf
52.5 0.0 inf
53.5 0.0 inf
54.5 0.0 inf
55.5 0.0 inf
56.5 0.0 inf
57.5 0.0 inf
58.5 0.0 inf
59.5 0.0 inf
60.5 0.0 inf
61.5 0.0 inf
62.5 0.0 inf
63.5 0.0 inf
64.5 0.0 inf
65.5 0.0 inf
66.5 0.0 inf
67.5 0.0 inf
68.5 0.0 inf
69.5 0.0 inf
70.5 0.0 inf
71.5 0.0 inf
72.5 0.0 inf
73.5 0.0 inf
74.5 0.0 inf
75.5 0.0 inf
76.5 0.0 inf
77.5 0.0 inf
78.5 0.0 inf
79.5 0.0 inf
80.5 0.0 inf
81.5 0.0 inf
82.5 0.0 inf
83.5 0.0 inf
84.5 0.0 inf
85.5 0.0 inf
86.5 0.0 inf
87.5 0.0 inf
88.5 0.0 inf
89.5 0.0 inf
90.5 0.0 inf
91.5 0.0 inf
92.5 0.0 inf
93.5 0.0 inf
94.5 0.0 inf
95.5 0.0 inf
96.5 0.0 inf
97.5 0.0 inf
