0.5 234613.0 0.002064543146581164
1.5 50806.0 0.004436520555570903
2.5 32362.0 0.0055588163116108424
3.5 19273.0 0.007203197777109644
4.5 11829.0 0.00919445484142067
5.5 7794.0 0.011327127767176414
6.5 5317.0 0.013714079724757678
7.5 3626.0 0.016606805534831324
8.5 2730.0 0.019138975058773818
9.5 1994.0 0.022394296451119462
10.5 1399.0 0.02673567435205868
11.5 1092.0 0.030261376633440123
12.5 820.0 0.03492151478847891
13.5 679.0 0.038376477822666816
14.5 526.0 0.04360207201969474
15.5 381.0 0.051231551957855996
16.5 292.0 0.058520573598065284
17.5 221.0 0.06726727939963124
18.5 178.0 0.07495316889958614
19.5 142.0 0.08391813582966891
20.5 115.0 0.09325048082403138
21.5 71.0 0.11867816581938533
22.5 55.0 0.13483997249264842
23.5 50.0 0.1414213562373095
24.5 28.0 0.1889822365046136
25.5 23.0 0.20851441405707477
26.5 17.0 0.24253562503633297
27.5 17.0 0.24253562503633297
28.5 11.0 0.30151134457776363
29.5 14.0 0.2672612419124244
30.5 5.0 0.4472135954999579
31.5 2.0 0.7071067811865475
32.5 4.0 0.5
33.5 0.0 inf
34.5 1.0 1.0
35.5 0.0 inf
36.5 0.0 inf
37.5 0.0 inf
38.5 0.0 inf
39.5 0.0 inf
40.5 0.0 inf
41.5 0.0 inf
42.5 0.0 inf
43.5 0.0 inf
44.5 0.0 inf
45.5 0.0 inf
46.5 0.0 inf
47.5 0.0 inf
48.5 0.0 inf
49.5 0.0 inf
50.5 0.0 inf
51.5 0.0 inf
52.5 0.0 inf
53.5 0.0 inf
54.5 0.0 inf
55.5 0.0 inf
56.5 0.0 inf
57.5 0.0 inf
58.5 0.0 inf
59.5 0.0 inf
60.5 0.0 inf
61.5 0.0 inf
62.5 0.0 inf
63.5 0.0 inf
64.5 0.0 inf
65.5 0.0 inf
66.5 0.0 inf
67.5 0.0 inf
68.5 0.0 inf
69.5 0.0 inf
70.5 0.0 inf
71.5 0.0 inf
72.5 0.0 inf
73.5 0.0 inf
74.5 0.0 inf
75.5 0.0 inf
76.5 0.0 inf
77.5 0.0 inf
78.5 0.0 inf
79.5 0.0 inf
80.5 0.0 inf
81.5 0.0 inf
82.5 0.0 inf
83.5 0.0 inf
84.5 0.0 inf
85.5 0.0 inf
86.5 0.0 inf
87.5 0.0 inf
88.5 0.0 inf
89.5 0.0 inf
90.5 0.0 inf
91.5 0.0 inf
92.5 0.0 inf
93.5 0.0 inf
94.5 0.0 inf
95.5 0.0 inf
96.5 0.0 inf
97.5 0.0 inf
