0.5 38.5552 0.0016104918072010002
1.5 20.365 0.002215938957927096
2.5 20.6584 0.0022001467986917764
3.5 18.8953 0.002300504590502468
4.5 16.726799999999997 0.002445082784936067
5.5 15.014800000000001 0.0025807160581059157
6.5 13.1569 0.0027569139637355425
7.5 11.6419 0.002930812719930422
8.5 10.439499999999999 0.003094996417737157
9.5 9.1241 0.0033105868202510974
10.5 8.1867 0.0034949869782707125
11.5 7.1559 0.003738245924866625
12.5 6.3911999999999995 0.003955567463296569
13.5 5.619999999999999 0.004218245406095979
14.5 4.929399999999999 0.0045040475794245124
15.5 4.3126 0.004815378293281453
16.5 3.7713 0.0051493742796176745
17.5 3.305 0.00550065324136092
18.5 2.8104 0.005965075317305972
19.5 2.3933999999999997 0.006463866178464146
20.5 2.0717 0.006947628163275526
21.5 1.7748 0.007506289151850749
22.5 1.4775 0.008226900697897272
23.5 1.2288999999999999 0.009020730909074992
24.5 1.0499 0.009759465477002299
25.5 0.8520000000000001 0.010833784750435987
26.5 0.7128 0.011844484241978356
27.5 0.5901 0.013017787942456283
28.5 0.4895 0.014293008498232321
29.5 0.3956 0.015899075018722335
30.5 0.3117 0.017911485212971267
31.5 0.26249999999999996 0.019518001458970664
32.5 0.19619999999999999 0.022576182049286547
33.5 0.1649 0.024625761678892605
34.5 0.1308 0.02765006318046655
35.5 0.0994 0.03171807398477756
36.5 0.0809 0.035158127696731496
37.5 0.0643 0.03943615033625495
38.5 0.054 0.04303314829119352
39.5 0.0366 0.05227083734893167
40.5 0.0276 0.0601929265428846
41.5 0.0201 0.07053456158585983
42.5 0.0171 0.07647191129018725
43.5 0.0135 0.08606629658238704
44.5 0.0096 0.10206207261596577
45.5 0.007599999999999999 0.1147078669352809
46.5 0.0047 0.14586499149789456
47.5 0.0048000000000000004 0.14433756729740643
48.5 0.0036 0.16666666666666666
49.5 0.0028 0.1889822365046136
50.5 0.0024999999999999996 0.2
51.5 0.0013 0.2773500981126146
52.5 0.0007 0.3779644730092272
53.5 0.00039999999999999996 0.5000000000000001
54.5 0.0005 0.4472135954999579
55.5 0.00039999999999999996 0.5000000000000001
56.5 0.0002 0.7071067811865475
57.5 0.0001 1.0
58.5 0.0 inf
59.5 0.0001 1.0
60.5 0.0001 1.0
61.5 0.0 inf
62.5 0.0 inf
63.5 0.0 inf
64.5 0.0 inf
65.5 0.0 inf
66.5 0.0 inf
67.5 0.0 inf
68.5 0.0 inf
69.5 0.0 inf
70.5 0.0 inf
71.5 0.0 inf
72.5 0.0 inf
73.5 0.0 inf
74.5 0.0 inf
75.5 0.0 inf
76.5 0.0 inf
77.5 0.0 inf
78.5 0.0 inf
79.5 0.0 inf
80.5 0.0 inf
81.5 0.0 inf
82.5 0.0 inf
83.5 0.0 inf
84.5 0.0 inf
85.5 0.0 inf
86.5 0.0 inf
87.5 0.0 inf
88.5 0.0 inf
89.5 0.0 inf
90.5 0.0 inf
91.5 0.0 inf
92.5 0.0 inf
93.5 0.0 inf
94.5 0.0 inf
95.5 0.0 inf
96.5 0.0 inf
97.5 0.0 inf
