0.5 43.734899999999996 0.0015121188630692938
1.5 21.785800000000002 0.0021424625725636145
2.5 21.7344 0.0021449944470455632
3.5 19.5937 0.00225913286136763
4.5 17.2292 0.0024091699849225004
5.5 15.3366 0.0025534976037562018
6.5 13.467600000000001 0.0027249271466404756
7.5 11.8675 0.002902821825801379
8.5 10.6332 0.003066676807161408
9.5 9.2059 0.003295845716266654
10.5 8.3065 0.0034696923239286195
11.5 7.2565 0.0037122430274205377
12.5 6.489599999999999 0.0039254643313832984
13.5 5.6414 0.004210237090599508
14.5 4.9727 0.004484395110301827
15.5 4.3068 0.004818619655466059
16.5 3.8407 0.005102638567747145
17.5 3.3036000000000003 0.005501818651646233
18.5 2.8256 0.005949009453411861
19.5 2.4214 0.006426384862445161
20.5 2.0728 0.0069457844240892255
21.5 1.7683 0.0075200724818159145
22.5 1.4847000000000001 0.008206928423163229
23.5 1.2633999999999999 0.00889671264924712
24.5 1.0485 0.00976597892181746
25.5 0.8484 0.010856745817698684
26.5 0.7186 0.01179658750488324
27.5 0.583 0.013096815896275179
28.5 0.4937 0.01423208196928594
29.5 0.4043 0.015727081208982963
30.5 0.3144 0.01783440937516054
31.5 0.2643 0.019451424796105867
32.5 0.2009 0.02231053741265801
33.5 0.1651 0.024610841494742634
34.5 0.1336 0.027358782758229137
35.5 0.1043 0.030964056111131625
36.5 0.0799 0.03537745688386125
37.5 0.065 0.03922322702763681
38.5 0.0504 0.0445435403187374
39.5 0.040499999999999994 0.04969039949999533
40.5 0.0275 0.060302268915552716
41.5 0.022699999999999998 0.0663723311599972
42.5 0.0169 0.07692307692307693
43.5 0.011 0.09534625892455924
44.5 0.0106 0.09712858623572641
45.5 0.007 0.11952286093343936
46.5 0.0062 0.1270001270001905
47.5 0.0042 0.1543033499620919
48.5 0.0031 0.1796053020267749
49.5 0.0031000000000000003 0.17960530202677488
50.5 0.0015 0.2581988897471611
51.5 0.0012 0.2886751345948129
52.5 0.0009 0.3333333333333333
53.5 0.0001 1.0
54.5 0.0007999999999999999 0.3535533905932738
55.5 0.0004 0.5
56.5 0.0001 1.0
57.5 0.0001 1.0
58.5 0.0001 1.0
59.5 0.0 inf
60.5 0.0002 0.7071067811865475
61.5 0.0 inf
62.5 0.0 inf
63.5 0.0 inf
64.5 0.0 inf
65.5 0.0 inf
66.5 0.0 inf
67.5 0.0 inf
68.5 0.0 inf
69.5 0.0 inf
70.5 0.0 inf
71.5 0.0 inf
72.5 0.0 inf
73.5 0.0 inf
74.5 0.0 inf
75.5 0.0 inf
76.5 0.0 inf
77.5 0.0 inf
78.5 0.0 inf
79.5 0.0 inf
80.5 0.0 inf
81.5 0.0 inf
82.5 0.0 inf
83.5 0.0 inf
84.5 0.0 inf
85.5 0.0 inf
86.5 0.0 inf
87.5 0.0 inf
88.5 0.0 inf
89.5 0.0 inf
90.5 0.0 inf
91.5 0.0 inf
92.5 0.0 inf
93.5 0.0 inf
94.5 0.0 inf
95.5 0.0 inf
96.5 0.0 inf
97.5 0.0 inf
