0.5 39.2522 0.0015961290372832966
1.5 20.7273 0.002196486980478149
2.5 20.9553 0.002184505078425073
3.5 19.1491 0.0022852084245407744
4.5 16.9341 0.002430070872956982
5.5 15.172899999999998 0.0025672354564783236
6.5 13.2681 0.0027453368020722347
7.5 11.7717 0.0029146097084124687
8.5 10.523900000000001 0.0030825607456272837
9.5 9.227 0.0032920751436579013
10.5 8.2278 0.0034862468655440884
11.5 7.226699999999999 0.0037198890507558007
12.5 6.4376 0.003941286500842066
13.5 5.6441 0.004209229932685009
14.5 4.9961 0.0044738811090035075
15.5 4.2991 0.004822932973660698
16.5 3.7884 0.005137739567142586
17.5 3.3001 0.005504735421181511
18.5 2.8172 0.005957871885063972
19.5 2.403 0.0064509416643015296
20.5 2.0762 0.006940094860640894
21.5 1.7709 0.007514550043999297
22.5 1.4827 0.008212461681898063
23.5 1.2421 0.008972670489621293
24.5 1.0514999999999999 0.009752037474421446
25.5 0.8498 0.010847799177680879
26.5 0.7198 0.011786750182111923
27.5 0.5924 0.012992492508368574
28.5 0.4996 0.014147795874357319
29.5 0.398 0.015851065623706032
30.5 0.3208 0.01765561378866122
31.5 0.256 0.01976423537605237
32.5 0.1995 0.022388683141982252
33.5 0.16299999999999998 0.024768870230903496
34.5 0.1301 0.027724348650071385
35.5 0.10200000000000001 0.03131121455425747
36.5 0.079 0.035578403348241
37.5 0.064 0.03952847075210474
38.5 0.0496 0.04490132550669373
39.5 0.0385 0.050964719143762556
40.5 0.028499999999999998 0.05923488777590923
41.5 0.0219 0.06757373783994859
42.5 0.0175 0.07559289460184544
43.5 0.0135 0.08606629658238704
44.5 0.009000000000000001 0.10540925533894598
45.5 0.0093 0.10369516947304253
46.5 0.0057 0.13245323570650439
47.5 0.0040999999999999995 0.15617376188860607
48.5 0.0031999999999999997 0.1767766952966369
49.5 0.0027 0.19245008972987526
50.5 0.0017000000000000001 0.24253562503633297
51.5 0.0013 0.2773500981126146
52.5 0.0006000000000000001 0.40824829046386296
53.5 0.0012000000000000001 0.28867513459481287
54.5 0.0004 0.5
55.5 0.0 inf
56.5 0.0001 1.0
57.5 0.0 inf
58.5 0.0 inf
59.5 0.0 inf
60.5 0.0001 1.0
61.5 0.0 inf
62.5 0.0 inf
63.5 0.0 inf
64.5 0.0 inf
65.5 0.0 inf
66.5 0.0 inf
67.5 0.0 inf
68.5 0.0 inf
69.5 0.0 inf
70.5 0.0 inf
71.5 0.0 inf
72.5 0.0 inf
73.5 0.0 inf
74.5 0.0 inf
75.5 0.0 inf
76.5 0.0 inf
77.5 0.0 inf
78.5 0.0 inf
79.5 0.0 inf
80.5 0.0 inf
81.5 0.0 inf
82.5 0.0 inf
83.5 0.0 inf
84.5 0.0 inf
85.5 0.0 inf
86.5 0.0 inf
87.5 0.0 inf
88.5 0.0 inf
89.5 0.0 inf
90.5 0.0 inf
91.5 0.0 inf
92.5 0.0 inf
93.5 0.0 inf
94.5 0.0 inf
95.5 0.0 inf
96.5 0.0 inf
97.5 0.0 inf
