0.5 38.4643 0.001612393665766106
1.5 20.348 0.002216864432111206
2.5 20.561 0.002205351825511356
3.5 18.8913 0.002300748129361892
4.5 16.6247 0.002452579486576413
5.5 14.9887 0.0025829619964584482
6.5 13.136600000000001 0.0027590432722828483
7.5 11.6405 0.002930988958684963
8.5 10.3756 0.003104512335091783
9.5 9.1374 0.0033081765701411486
10.5 8.1497 0.0035029116918809293
11.5 7.1472 0.0037405204413492156
12.5 6.4002 0.003952785313422462
13.5 5.5737000000000005 0.004235729379525103
14.5 4.9769000000000005 0.00448250252307531
15.5 4.2932 0.0048262458329457365
16.5 3.7549 0.005160607298843936
17.5 3.2788 0.005522586625418999
18.5 2.7892 0.005987701914326449
19.5 2.3806000000000003 0.006481220326458912
20.5 2.0562 0.006973765225478652
21.5 1.7629 0.007531581172523293
22.5 1.4739 0.008236941670753
23.5 1.2431 0.008969060773705156
24.5 1.0458 0.009778577480814291
25.5 0.8471 0.010865073263571839
26.5 0.7142 0.011832869559673257
27.5 0.5756 0.01318073435607412
28.5 0.5002 0.014139308044851598
29.5 0.39270000000000005 0.015957672558078225
30.5 0.3242 0.017562789445387736
31.5 0.26370000000000005 0.019473541261232866
32.5 0.2026 0.022216737285146886
33.5 0.1691 0.024318019154289876
34.5 0.13 0.027735009811261455
35.5 0.1012 0.03143473067309657
36.5 0.08 0.035355339059327376
37.5 0.0603 0.040723148118768406
38.5 0.0473 0.045980048987170286
39.5 0.0372 0.05184758473652126
40.5 0.0264 0.06154574548966636
41.5 0.020999999999999998 0.06900655593423542
42.5 0.0175 0.07559289460184544
43.5 0.0137 0.0854357657716761
44.5 0.0108 0.09622504486493763
45.5 0.0077 0.11396057645963795
46.5 0.0052 0.1386750490563073
47.5 0.0051 0.14002800840280097
48.5 0.0038 0.16222142113076254
49.5 0.0013 0.2773500981126146
50.5 0.0015 0.2581988897471611
51.5 0.0017 0.24253562503633297
52.5 0.001 0.31622776601683794
53.5 0.0004 0.5
54.5 0.00030000000000000003 0.5773502691896257
55.5 0.0001 1.0
56.5 0.00030000000000000003 0.5773502691896257
57.5 0.0002 0.7071067811865475
58.5 0.0 inf
59.5 0.0001 1.0
60.5 0.0001 1.0
61.5 0.0001 1.0
62.5 0.0001 1.0
63.5 0.0 inf
64.5 0.0 inf
65.5 0.0 inf
66.5 0.0 inf
67.5 0.0 inf
68.5 0.0001 1.0
69.5 0.0 inf
70.5 0.0 inf
71.5 0.0 inf
72.5 0.0 inf
73.5 0.0 inf
74.5 0.0 inf
75.5 0.0 inf
76.5 0.0 inf
77.5 0.0 inf
78.5 0.0 inf
79.5 0.0 inf
80.5 0.0 inf
81.5 0.0 inf
82.5 0.0 inf
83.5 0.0 inf
84.5 0.0 inf
85.5 0.0 inf
86.5 0.0 inf
87.5 0.0 inf
88.5 0.0 inf
89.5 0.0 inf
90.5 0.0 inf
91.5 0.0 inf
92.5 0.0 inf
93.5 0.0 inf
94.5 0.0 inf
95.5 0.0 inf
96.5 0.0 inf
97.5 0.0 inf
