0.5 48.1241 0.0014415134194624337
1.5 22.2356 0.002120682114282298
2.5 21.904400000000003 0.0021366545855335014
3.5 19.8031 0.0022471569679594025
4.5 17.2444 0.002408107974738684
5.5 15.399899999999999 0.0025482442307217883
6.5 13.4099 0.0027307832503070967
7.5 11.9274 0.0028955235929693022
8.5 10.6198 0.0030686109544388737
9.5 9.2144 0.003294325207484663
10.5 8.334399999999999 0.0034638799339155564
11.5 7.2486999999999995 0.0037142397792777953
12.5 6.4513 0.003937099412824325
13.5 5.656000000000001 0.004204799574595402
14.5 4.9707 0.004485297185284861
15.5 4.3443000000000005 0.004797777416665078
16.5 3.8602 0.0050897341289037204
17.5 3.3269 0.005482518760851509
18.5 2.8259999999999996 0.005948588418735414
19.5 2.4176 0.006431433396947984
20.5 2.0726 0.006946119540217281
21.5 1.7570999999999999 0.007544001405236361
22.5 1.4879 0.008198098425665244
23.5 1.2359 0.0089951484257836
24.5 1.067 0.009680945835888832
25.5 0.8493999999999999 0.010850353103361392
26.5 0.7047 0.01191236149819772
27.5 0.5768 0.013167016328743083
28.5 0.4952 0.014210510570080112
29.5 0.4032 0.0157485197087178
30.5 0.3342 0.017298035227761382
31.5 0.2604 0.019596545041740514
32.5 0.2055 0.02205941986694528
33.5 0.15839999999999999 0.025125945381480302
34.5 0.1294 0.02779923608748833
35.5 0.1042 0.030978910540439487
36.5 0.0808 0.03517987723651459
37.5 0.0635 0.03968378950662725
38.5 0.050100000000000006 0.04467670516087703
39.5 0.0403 0.04981354813867179
40.5 0.0274 0.0604122093330177
41.5 0.0224 0.0668153104781061
42.5 0.0165 0.0778498944161523
43.5 0.0144 0.08333333333333333
44.5 0.0102 0.09901475429766741
45.5 0.0069 0.1203858530857692
46.5 0.0053 0.13736056394868904
47.5 0.0034 0.17149858514250882
48.5 0.0022 0.21320071635561041
49.5 0.0031999999999999997 0.1767766952966369
50.5 0.0015 0.2581988897471611
51.5 0.0015 0.2581988897471611
52.5 0.0013 0.2773500981126146
53.5 0.0005 0.4472135954999579
54.5 0.0005 0.4472135954999579
55.5 0.0001 1.0
56.5 0.0002 0.7071067811865475
57.5 0.0002 0.7071067811865475
58.5 0.0001 1.0
59.5 0.0001 1.0
60.5 0.0002 0.7071067811865475
61.5 0.0 inf
62.5 0.0001 1.0
63.5 0.0 inf
64.5 0.0 inf
65.5 0.0 inf
66.5 0.0 inf
67.5 0.0 inf
68.5 0.0 inf
69.5 0.0 inf
70.5 0.0 inf
71.5 0.0 inf
72.5 0.0 inf
73.5 0.0 inf
74.5 0.0 inf
75.5 0.0 inf
76.5 0.0 inf
77.5 0.0 inf
78.5 0.0 inf
79.5 0.0 inf
80.5 0.0 inf
81.5 0.0 inf
82.5 0.0 inf
83.5 0.0 inf
84.5 0.0 inf
85.5 0.0 inf
86.5 0.0 inf
87.5 0.0 inf
88.5 0.0 inf
89.5 0.0 inf
90.5 0.0 inf
91.5 0.0 inf
92.5 0.0 inf
93.5 0.0 inf
94.5 0.0 inf
95.5 0.0 inf
96.5 0.0 inf
97.5 0.0 inf
