0.5 42.545700000000004 0.0015331059292650949
1.5 21.652 0.00214907212351195
2.5 21.5396 0.0021546720742759828
3.5 19.621499999999997 0.0022575319094866597
4.5 17.1126 0.00241736372334472
5.5 15.3489 0.0025524742628218583
6.5 13.4586 0.0027258380974721406
7.5 11.8744 0.0029019783145024973
8.5 10.6291 0.0030672682101329746
9.5 9.2329 0.0032910231260201294
10.5 8.248 0.0034819752022965844
11.5 7.230600000000001 0.003718885709119004
12.5 6.4326 0.003942817965925019
13.5 5.6867 0.004193434280109785
14.5 4.962400000000001 0.004489046622349085
15.5 4.346299999999999 0.004796673413379105
16.5 3.8293999999999997 0.005110161592507688
17.5 3.3105 0.005496082003034612
18.5 2.8277 0.005946800018148207
19.5 2.4364999999999997 0.006406440428641286
20.5 2.0822 0.006930088470767144
21.5 1.7567 0.007544860239643199
22.5 1.4805000000000001 0.008218561212025632
23.5 1.2661 0.008887221319855233
24.5 1.0729 0.009654290825583873
25.5 0.867 0.010739657990297375
26.5 0.7176 0.01180480411624714
27.5 0.5839 0.013086718550955518
28.5 0.492 0.014256648712805027
29.5 0.3973 0.015865023417386784
30.5 0.3288 0.017439502660378896
31.5 0.2535 0.019861453057473933
32.5 0.19790000000000002 0.022479005982349896
33.5 0.1527 0.02559060076303854
34.5 0.1321 0.027513674254937545
35.5 0.10200000000000001 0.03131121455425747
36.5 0.0816 0.03500700210070024
37.5 0.0637 0.03962144258751636
38.5 0.0514 0.04410810913912309
39.5 0.035699999999999996 0.052925612402496325
40.5 0.025599999999999998 0.06250000000000001
41.5 0.019 0.07254762501100116
42.5 0.0169 0.07692307692307693
43.5 0.012199999999999999 0.09053574604251854
44.5 0.0094 0.10314212462587934
45.5 0.007299999999999999 0.11704114719613057
46.5 0.0060999999999999995 0.12803687993289598
47.5 0.0051 0.14002800840280097
48.5 0.0052 0.1386750490563073
49.5 0.0026 0.19611613513818404
50.5 0.002 0.22360679774997896
51.5 0.0015999999999999999 0.25000000000000006
52.5 0.0007999999999999999 0.3535533905932738
53.5 0.00039999999999999996 0.5000000000000001
54.5 0.0002 0.7071067811865475
55.5 0.00039999999999999996 0.5000000000000001
56.5 0.00030000000000000003 0.5773502691896257
57.5 0.00030000000000000003 0.5773502691896257
58.5 0.0 inf
59.5 0.0 inf
60.5 0.0 inf
61.5 0.0002 0.7071067811865475
62.5 0.0 inf
63.5 0.0 inf
64.5 0.0 inf
65.5 0.0 inf
66.5 0.0 inf
67.5 0.0 inf
68.5 0.0 inf
69.5 0.0 inf
70.5 0.0 inf
71.5 0.0 inf
72.5 0.0 inf
73.5 0.0 inf
74.5 0.0 inf
75.5 0.0 inf
76.5 0.0 inf
77.5 0.0 inf
78.5 0.0 inf
79.5 0.0 inf
80.5 0.0 inf
81.5 0.0 inf
82.5 0.0 inf
83.5 0.0 inf
84.5 0.0 inf
85.5 0.0 inf
86.5 0.0 inf
87.5 0.0 inf
88.5 0.0 inf
89.5 0.0 inf
90.5 0.0 inf
91.5 0.0 inf
92.5 0.0 inf
93.5 0.0 inf
94.5 0.0 inf
95.5 0.0 inf
96.5 0.0 inf
97.5 0.0 inf
