0.5 38.4488 0.0016127186379829043
1.5 20.2948 0.002219768131579387
2.5 20.5613 0.002205335736840869
3.5 18.852600000000002 0.0023031083689411596
4.5 16.6063 0.00245393785565975
5.5 14.9788 0.002583815439321714
6.5 13.096 0.0027633167326044095
7.5 11.6819 0.0029257907185885695
8.5 10.4269 0.003096865869869188
9.5 9.068100000000001 0.003320793341969046
10.5 8.1816 0.0034960761085593853
11.5 7.1262 0.0037460278046349505
12.5 6.3894 0.003956124598555553
13.5 5.5623000000000005 0.0042400677466476475
14.5 4.9405 0.00449898503099066
15.5 4.2851 0.004830805135504522
16.5 3.7416 0.005169771184787342
17.5 3.2696 0.005530350894199024
18.5 2.8149 0.005960305418643044
19.5 2.4009 0.006453762276675925
20.5 2.0548 0.006976140543970926
21.5 1.7621 0.007533290661547753
22.5 1.4956 0.008176967502653355
23.5 1.2427000000000001 0.00897050413721204
24.5 1.0332000000000001 0.009838022268349253
25.5 0.8403 0.010908946659510279
26.5 0.6984 0.011965969310295635
27.5 0.5808 0.01312159702703695
28.5 0.4992 0.014153462926807445
29.5 0.3998 0.015815342630852665
30.5 0.3201 0.01767490804100673
31.5 0.2571 0.019721909504608663
32.5 0.19369999999999998 0.022721405353294154
33.5 0.1655 0.02458108230429969
34.5 0.12160000000000001 0.028676966733820218
35.5 0.1032 0.031128640318234518
36.5 0.0821 0.0349002406379888
37.5 0.0627 0.03993615319154358
38.5 0.0506 0.044455422447438706
39.5 0.039599999999999996 0.050251890762960605
40.5 0.029 0.058722021951470346
41.5 0.0223 0.06696495301824251
42.5 0.0186 0.07332355751067665
43.5 0.0137 0.0854357657716761
44.5 0.0098 0.10101525445522107
45.5 0.008 0.11180339887498948
46.5 0.0044 0.15075567228888181
47.5 0.0048000000000000004 0.14433756729740643
48.5 0.0022 0.21320071635561041
49.5 0.002 0.22360679774997896
50.5 0.001 0.31622776601683794
51.5 0.001 0.31622776601683794
52.5 0.0010999999999999998 0.3015113445777637
53.5 0.001 0.31622776601683794
54.5 0.0007999999999999999 0.3535533905932738
55.5 0.0001 1.0
56.5 0.00030000000000000003 0.5773502691896257
57.5 0.0001 1.0
58.5 0.0 inf
59.5 0.0001 1.0
60.5 0.0001 1.0
61.5 0.0 inf
62.5 0.0 inf
63.5 0.0 inf
64.5 0.0 inf
65.5 0.0 inf
66.5 0.0 inf
67.5 0.0 inf
68.5 0.0 inf
69.5 0.0 inf
70.5 0.0 inf
71.5 0.0 inf
72.5 0.0 inf
73.5 0.0 inf
74.5 0.0 inf
75.5 0.0 inf
76.5 0.0 inf
77.5 0.0 inf
78.5 0.0 inf
79.5 0.0 inf
80.5 0.0 inf
81.5 0.0 inf
82.5 0.0 inf
83.5 0.0 inf
84.5 0.0 inf
85.5 0.0 inf
86.5 0.0 inf
87.5 0.0 inf
88.5 0.0 inf
89.5 0.0 inf
90.5 0.0 inf
91.5 0.0 inf
92.5 0.0 inf
93.5 0.0 inf
94.5 0.0 inf
95.5 0.0 inf
96.5 0.0 inf
97.5 0.0 inf
