0.5 39.1597 0.0015980130513550779
1.5 20.6637 0.0021998646244963845
2.5 20.8823 0.0021883200256921516
3.5 19.2143 0.002281327924051674
4.5 16.8858 0.0024335438683204666
5.5 15.122 0.002571552428773206
6.5 13.2864 0.0027434455081634195
7.5 11.782 0.0029133354322304164
8.5 10.5196 0.003083190696240936
9.5 9.1569 0.003304652242933171
10.5 8.2114 0.003489726535851894
11.5 7.2394 0.003716624738214145
12.5 6.446400000000001 0.003938595451118974
13.5 5.6434 0.004209490978294902
14.5 4.9657 0.004487554756565672
15.5 4.35 0.004794633014853841
16.5 3.7741 0.005147463768079115
17.5 3.2774 0.0055237660352830415
18.5 2.8145 0.005960728946350439
19.5 2.4217 0.006425986800098475
20.5 2.0465999999999998 0.006990102033167027
21.5 1.7772999999999999 0.007501008015682711
22.5 1.5069 0.008146250929557291
23.5 1.2572999999999999 0.008918268475796114
24.5 1.0402 0.009804864026843387
25.5 0.8560000000000001 0.010808442529177922
26.5 0.7208 0.011778571185788638
27.5 0.5808 0.01312159702703695
28.5 0.5022 0.014111125222243389
29.5 0.3929 0.0159536105311426
30.5 0.32430000000000003 0.017560081436822507
31.5 0.2513 0.019948201925179914
32.5 0.2044 0.02211869776019044
33.5 0.1639 0.024700771787671945
34.5 0.1237 0.028432506701809173
35.5 0.1013 0.03141921118033474
36.5 0.0828 0.034752402342845795
37.5 0.0624 0.04003203845127178
38.5 0.0521 0.04381079543383235
39.5 0.0369 0.052057920629535355
40.5 0.030100000000000002 0.0576390417704235
41.5 0.0207 0.06950480468569159
42.5 0.0187 0.07312724241271307
43.5 0.0127 0.08873565094161139
44.5 0.0108 0.09622504486493763
45.5 0.007600000000000001 0.11470786693528087
46.5 0.0059 0.13018891098082389
47.5 0.0033 0.17407765595569785
48.5 0.0031000000000000003 0.17960530202677488
49.5 0.0015 0.2581988897471611
50.5 0.0019 0.22941573387056174
51.5 0.0012 0.2886751345948129
52.5 0.00039999999999999996 0.5000000000000001
53.5 0.0013 0.2773500981126146
54.5 0.0001 1.0
55.5 0.0007 0.3779644730092272
56.5 0.0002 0.7071067811865475
57.5 0.0001 1.0
58.5 0.0001 1.0
59.5 0.0001 1.0
60.5 0.0 inf
61.5 0.0002 0.7071067811865475
62.5 0.0 inf
63.5 0.0002 0.7071067811865475
64.5 0.0 inf
65.5 0.0 inf
66.5 0.0 inf
67.5 0.0 inf
68.5 0.0 inf
69.5 0.0 inf
70.5 0.0 inf
71.5 0.0 inf
72.5 0.0 inf
73.5 0.0 inf
74.5 0.0 inf
75.5 0.0 inf
76.5 0.0 inf
77.5 0.0 inf
78.5 0.0 inf
79.5 0.0 inf
80.5 0.0 inf
81.5 0.0 inf
82.5 0.0 inf
83.5 0.0 inf
84.5 0.0 inf
85.5 0.0 inf
86.5 0.0 inf
87.5 0.0 inf
88.5 0.0 inf
89.5 0.0 inf
90.5 0.0 inf
91.5 0.0 inf
92.5 0.0 inf
93.5 0.0 inf
94.5 0.0 inf
95.5 0.0 inf
96.5 0.0 inf
97.5 0.0 inf
