0.5 46.775400000000005 0.0014621476984315626
1.5 22.083000000000002 0.0021279967668092884
2.5 21.8749 0.00213809482237886
3.5 19.8054 0.0022470264830641642
4.5 17.1712 0.0024132353403782834
5.5 15.4295 0.0025457987775537993
6.5 13.5092 0.002720728364651033
7.5 11.899000000000001 0.0028989769865770325
8.5 10.629999999999999 0.0030671383606587217
9.5 9.226700000000001 0.00329212866303727
10.5 8.2776 0.0034757440018068726
11.5 7.259600000000001 0.003711450340345412
12.5 6.491099999999999 0.003925010745958193
13.5 5.6257 0.00421610788611708
14.5 4.9725 0.0044844852933087495
15.5 4.3266 0.004807581187000109
16.5 3.8207 0.005115976381146825
17.5 3.3094 0.005496995338973198
18.5 2.8160999999999996 0.005959035376988174
19.5 2.4102 0.0064412989957359276
20.5 2.0927 0.006912680950973144
21.5 1.7694999999999999 0.007517522151938655
22.5 1.4788000000000001 0.008223283805009607
23.5 1.2422 0.008972309321891575
24.5 1.0447 0.009783724224025202
25.5 0.8593 0.010787668544310283
26.5 0.7237 0.011754948037807859
27.5 0.5887 0.013033257689973352
28.5 0.5024 0.014108316199577508
29.5 0.3974 0.015863027189204314
30.5 0.3254 0.0175303757799037
31.5 0.2508 0.01996807659577179
32.5 0.2076 0.021947564065307356
33.5 0.1604 0.02496880847194612
34.5 0.1301 0.027724348650071385
35.5 0.1006 0.03152833305597158
36.5 0.08049999999999999 0.03524536884251207
37.5 0.0675 0.03849001794597505
38.5 0.0505 0.04449941594899847
39.5 0.036699999999999997 0.052199575097188054
40.5 0.0306 0.05716619504750295
41.5 0.0243 0.06415002990995841
42.5 0.0194 0.07179581586177382
43.5 0.013399999999999999 0.08638684255813601
44.5 0.0103 0.09853292781642932
45.5 0.008400000000000001 0.10910894511799617
46.5 0.0049 0.14285714285714285
47.5 0.0036 0.16666666666666666
48.5 0.0034000000000000002 0.17149858514250882
49.5 0.0018 0.23570226039551587
50.5 0.0014 0.2672612419124244
51.5 0.0009 0.3333333333333333
52.5 0.0007 0.3779644730092272
53.5 0.0005 0.4472135954999579
54.5 0.0006 0.4082482904638631
55.5 0.0003 0.5773502691896258
56.5 0.0002 0.7071067811865475
57.5 0.0005 0.4472135954999579
58.5 0.0 inf
59.5 0.0001 1.0
60.5 0.0 inf
61.5 0.0001 1.0
62.5 0.0002 0.7071067811865475
63.5 0.0 inf
64.5 0.0 inf
65.5 0.0 inf
66.5 0.0 inf
67.5 0.0 inf
68.5 0.0 inf
69.5 0.0 inf
70.5 0.0 inf
71.5 0.0 inf
72.5 0.0 inf
73.5 0.0 inf
74.5 0.0 inf
75.5 0.0 inf
76.5 0.0 inf
77.5 0.0 inf
78.5 0.0 inf
79.5 0.0 inf
80.5 0.0 inf
81.5 0.0 inf
82.5 0.0 inf
83.5 0.0 inf
84.5 0.0 inf
85.5 0.0 inf
86.5 0.0 inf
87.5 0.0 inf
88.5 0.0 inf
89.5 0.0 inf
90.5 0.0 inf
91.5 0.0 inf
92.5 0.0 inf
93.5 0.0 inf
94.5 0.0 inf
95.5 0.0 inf
96.5 0.0 inf
97.5 0.0 inf
