0.5 38.7712 0.001605999399330641
1.5 20.4845 0.002209465965359793
2.5 20.732599999999998 0.0021962062119039996
3.5 19.0552 0.0022908320172570808
4.5 16.8445 0.0024365253706337257
5.5 15.0459 0.002578047497667946
6.5 13.325700000000001 0.0027393970521959726
7.5 11.7777 0.002913867208347327
8.5 10.5156 0.0030837770436772023
9.5 9.1373 0.00330819467268522
10.5 8.2533 0.0034808570173137142
11.5 7.2332 0.0037182172655602446
12.5 6.4664 0.003932499871505569
13.5 5.6462 0.004208447087149702
14.5 4.9437 0.0044975287247254764
15.5 4.3171 0.0048128679446589025
16.5 3.8105 0.005122819063829998
17.5 3.2804 0.0055212396530513
18.5 2.8404 0.00593349045424087
19.5 2.4304 0.006414475072384818
20.5 2.1079 0.006887712296017265
21.5 1.7749 0.0075060776921943425
22.5 1.49 0.008192319205190405
23.5 1.2501 0.00894391416058758
24.5 1.0552000000000001 0.009734924972248867
25.5 0.8711 0.010714354045843187
26.5 0.7145 0.01183038514149988
27.5 0.5874999999999999 0.013046561461068844
28.5 0.503 0.014099899186081228
29.5 0.4148 0.015526752351113423
30.5 0.3254 0.0175303757799037
31.5 0.2589 0.019653231723767556
32.5 0.2037 0.02215666980146639
33.5 0.1653 0.02459594839716409
34.5 0.1281 0.02793993781135563
35.5 0.1063 0.030671383606587218
36.5 0.07869999999999999 0.035646150289975954
37.5 0.065 0.03922322702763681
38.5 0.0507 0.04441155916843276
39.5 0.0385 0.050964719143762556
40.5 0.0291 0.05862103817605492
41.5 0.0231 0.0657951694959769
42.5 0.0184 0.07372097807744857
43.5 0.0125 0.08944271909999159
44.5 0.0104 0.09805806756909202
45.5 0.007299999999999999 0.11704114719613057
46.5 0.0056 0.1336306209562122
47.5 0.0033 0.17407765595569785
48.5 0.0034000000000000002 0.17149858514250882
49.5 0.0018 0.23570226039551587
50.5 0.0021999999999999997 0.21320071635561047
51.5 0.0017000000000000001 0.24253562503633297
52.5 0.0006000000000000001 0.40824829046386296
53.5 0.0008 0.35355339059327373
54.5 0.0003 0.5773502691896258
55.5 0.0006000000000000001 0.40824829046386296
56.5 0.0004 0.5
57.5 0.0002 0.7071067811865475
58.5 0.0 inf
59.5 0.0001 1.0
60.5 0.0 inf
61.5 0.0 inf
62.5 0.0001 1.0
63.5 0.0001 1.0
64.5 0.0 inf
65.5 0.0 inf
66.5 0.0 inf
67.5 0.0 inf
68.5 0.0 inf
69.5 0.0 inf
70.5 0.0 inf
71.5 0.0 inf
72.5 0.0 inf
73.5 0.0 inf
74.5 0.0 inf
75.5 0.0 inf
76.5 0.0 inf
77.5 0.0 inf
78.5 0.0 inf
79.5 0.0 inf
80.5 0.0 inf
81.5 0.0 inf
82.5 0.0 inf
83.5 0.0 inf
84.5 0.0 inf
85.5 0.0 inf
86.5 0.0 inf
87.5 0.0 inf
88.5 0.0 inf
89.5 0.0 inf
90.5 0.0 inf
91.5 0.0 inf
92.5 0.0 inf
93.5 0.0 inf
94.5 0.0 inf
95.5 0.0 inf
96.5 0.0 inf
97.5 0.0 inf
