0.5 41.3996 0.0015541821885451735
1.5 22.009999999999998 0.0021315227815974377
2.5 22.3427 0.002115593251020008
3.5 20.511400000000002 0.0022080166704828083
4.5 18.1708 0.0023459188010292982
5.5 16.286 0.002477951402596282
6.5 14.3397 0.0026407662883220348
7.5 12.6861 0.002807604531966794
8.5 11.380700000000001 0.002964254667283508
9.5 9.9551 0.0031694009702578053
10.5 8.926 0.0033471221264304686
11.5 7.8447000000000005 0.0035703585350187637
12.5 7.0121 0.003776382266089794
13.5 6.1693 0.0040260768012314865
14.5 5.3553 0.004321237115653202
15.5 4.7092 0.004608148142620899
16.5 4.1185 0.004927543476754819
17.5 3.5892 0.005278386293496137
18.5 3.0481 0.005727767679856008
19.5 2.6198 0.00617825644796735
20.5 2.2531 0.006662078814310905
21.5 1.9478 0.0071651917841195215
22.5 1.6011 0.00790297796850783
23.5 1.361 0.00857177844707708
24.5 1.1587 0.009289973956988011
25.5 0.9332 0.010351722825317893
26.5 0.7785 0.011333673348634098
27.5 0.6226 0.012673467102202931
28.5 0.5538000000000001 0.013437656161169416
29.5 0.4351 0.015160218417872197
30.5 0.358 0.01671315676162189
31.5 0.281 0.018864566947613622
32.5 0.22360000000000002 0.021147746721890678
33.5 0.1772 0.023755716907278995
34.5 0.14100000000000001 0.02663118206456537
35.5 0.1194 0.028939954008661634
36.5 0.08549999999999999 0.03419927840283847
37.5 0.0702 0.03774256780481986
38.5 0.055099999999999996 0.042601432284230495
39.5 0.0437 0.047836487323493986
40.5 0.0312 0.05661385170722978
41.5 0.023 0.0659380473395787
42.5 0.0186 0.07332355751067665
43.5 0.0126 0.0890870806374748
44.5 0.0107 0.09667364890456635
45.5 0.0093 0.10369516947304253
46.5 0.005 0.1414213562373095
47.5 0.0053 0.13736056394868904
48.5 0.0037 0.1643989873053573
49.5 0.0018999999999999998 0.2294157338705618
50.5 0.0012000000000000001 0.28867513459481287
51.5 0.0012 0.2886751345948129
52.5 0.0014 0.2672612419124244
53.5 0.001 0.31622776601683794
54.5 0.0006 0.4082482904638631
55.5 0.0002 0.7071067811865475
56.5 0.0002 0.7071067811865475
57.5 0.0003 0.5773502691896258
58.5 0.0001 1.0
59.5 0.0 inf
60.5 0.0002 0.7071067811865475
61.5 0.0001 1.0
62.5 0.0 inf
63.5 0.0 inf
64.5 0.0 inf
65.5 0.0 inf
66.5 0.0 inf
67.5 0.0 inf
68.5 0.0 inf
69.5 0.0 inf
70.5 0.0 inf
71.5 0.0 inf
72.5 0.0 inf
73.5 0.0 inf
74.5 0.0 inf
75.5 0.0 inf
76.5 0.0 inf
77.5 0.0 inf
78.5 0.0 inf
79.5 0.0 inf
80.5 0.0 inf
81.5 0.0 inf
82.5 0.0 inf
83.5 0.0 inf
84.5 0.0 inf
85.5 0.0 inf
86.5 0.0 inf
87.5 0.0 inf
88.5 0.0 inf
89.5 0.0 inf
90.5 0.0 inf
91.5 0.0 inf
92.5 0.0 inf
93.5 0.0 inf
94.5 0.0 inf
95.5 0.0 inf
96.5 0.0 inf
97.5 0.0 inf
