0.5 9736.0 0.01013467245977322
1.5 5251.0 0.013799996964001
2.5 5183.0 0.013890228674633468
3.5 4574.0 0.014786041468221177
4.5 4038.0 0.01573681512166147
5.5 3426.0 0.01708465922552469
6.5 2940.0 0.01844277783908294
7.5 2485.0 0.020060271357125986
8.5 2279.0 0.020947289622255394
9.5 1893.0 0.022983951313055563
10.5 1699.0 0.024260699053001704
11.5 1384.0 0.026880166528523517
12.5 1211.0 0.02873610675690391
13.5 1051.0 0.030845984923781787
14.5 935.0 0.03270349700838643
15.5 772.0 0.035990787537434725
16.5 614.0 0.04035671561356309
17.5 498.0 0.04481107149482209
18.5 445.0 0.04740454631399772
19.5 356.0 0.052999894000318
20.5 332.0 0.05488212999484517
21.5 255.0 0.06262242910851495
22.5 234.0 0.06537204504606134
23.5 165.0 0.0778498944161523
24.5 138.0 0.08512565307587486
25.5 129.0 0.08804509063256238
26.5 88.0 0.10660035817780521
27.5 61.0 0.12803687993289598
28.5 50.0 0.1414213562373095
29.5 35.0 0.1690308509457033
30.5 33.0 0.17407765595569785
31.5 23.0 0.20851441405707477
32.5 14.0 0.2672612419124244
33.5 19.0 0.22941573387056174
34.5 15.0 0.2581988897471611
35.5 10.0 0.31622776601683794
36.5 6.0 0.4082482904638631
37.5 3.0 0.5773502691896258
38.5 1.0 1.0
39.5 1.0 1.0
40.5 1.0 1.0
41.5 0.0 inf
42.5 1.0 1.0
43.5 1.0 1.0
44.5 0.0 inf
45.5 0.0 inf
46.5 0.0 inf
47.5 0.0 inf
48.5 0.0 inf
49.5 0.0 inf
50.5 0.0 inf
51.5 0.0 inf
52.5 0.0 inf
53.5 0.0 inf
54.5 0.0 inf
55.5 0.0 inf
56.5 0.0 inf
57.5 0.0 inf
58.5 0.0 inf
59.5 0.0 inf
60.5 0.0 inf
61.5 0.0 inf
62.5 0.0 inf
63.5 0.0 inf
64.5 0.0 inf
65.5 0.0 inf
66.5 0.0 inf
67.5 0.0 inf
68.5 0.0 inf
69.5 0.0 inf
70.5 0.0 inf
71.5 0.0 inf
72.5 0.0 inf
73.5 0.0 inf
74.5 0.0 inf
75.5 0.0 inf
76.5 0.0 inf
77.5 0.0 inf
78.5 0.0 inf
79.5 0.0 inf
80.5 0.0 inf
81.5 0.0 inf
82.5 0.0 inf
83.5 0.0 inf
84.5 0.0 inf
85.5 0.0 inf
86.5 0.0 inf
87.5 0.0 inf
88.5 0.0 inf
89.5 0.0 inf
90.5 0.0 inf
91.5 0.0 inf
92.5 0.0 inf
93.5 0.0 inf
94.5 0.0 inf
95.5 0.0 inf
96.5 0.0 inf
97.5 0.0 inf
