0.5 49603.0 0.004489996766529993
1.5 25238.0 0.0062946636947020535
2.5 24152.0 0.006434628082167079
3.5 20512.0 0.0069822596684743195
4.5 17336.0 0.007594961047823161
5.5 14408.0 0.008331019482578379
6.5 12019.0 0.009121490967526714
7.5 9967.0 0.010016540950128366
8.5 8497.0 0.01084843749002823
9.5 6860.0 0.01207363221040738
10.5 5817.0 0.013111442300614298
11.5 4899.0 0.01428717223482108
12.5 4085.0 0.015646023188518772
13.5 3518.0 0.016859786954334186
14.5 2787.0 0.018942247884916413
15.5 2421.0 0.020323692028323077
16.5 2025.0 0.022222222222222223
17.5 1594.0 0.025047007249281213
18.5 1334.0 0.027379283909669677
19.5 1083.0 0.0303868562731382
20.5 955.0 0.03235924008452868
21.5 768.0 0.036084391824351615
22.5 604.0 0.04068942293855797
23.5 529.0 0.043478260869565216
24.5 354.0 0.05314940034527339
25.5 292.0 0.058520573598065284
26.5 260.0 0.062017367294604234
27.5 179.0 0.07474350927519359
28.5 157.0 0.07980868844676221
29.5 125.0 0.08944271909999159
30.5 97.0 0.10153461651336192
31.5 74.0 0.11624763874381928
32.5 55.0 0.13483997249264842
33.5 34.0 0.17149858514250882
34.5 29.0 0.18569533817705186
35.5 23.0 0.20851441405707477
36.5 16.0 0.25
37.5 15.0 0.2581988897471611
38.5 14.0 0.2672612419124244
39.5 5.0 0.4472135954999579
40.5 8.0 0.35355339059327373
41.5 1.0 1.0
42.5 8.0 0.35355339059327373
43.5 2.0 0.7071067811865475
44.5 3.0 0.5773502691896258
45.5 0.0 inf
46.5 0.0 inf
47.5 1.0 1.0
48.5 0.0 inf
49.5 0.0 inf
50.5 0.0 inf
51.5 0.0 inf
52.5 0.0 inf
53.5 0.0 inf
54.5 0.0 inf
55.5 0.0 inf
56.5 0.0 inf
57.5 0.0 inf
58.5 0.0 inf
59.5 0.0 inf
60.5 0.0 inf
61.5 0.0 inf
62.5 0.0 inf
63.5 0.0 inf
64.5 0.0 inf
65.5 0.0 inf
66.5 0.0 inf
67.5 0.0 inf
68.5 0.0 inf
69.5 0.0 inf
70.5 0.0 inf
71.5 0.0 inf
72.5 0.0 inf
73.5 0.0 inf
74.5 0.0 inf
75.5 0.0 inf
76.5 0.0 inf
77.5 0.0 inf
78.5 0.0 inf
79.5 0.0 inf
80.5 0.0 inf
81.5 0.0 inf
82.5 0.0 inf
83.5 0.0 inf
84.5 0.0 inf
85.5 0.0 inf
86.5 0.0 inf
87.5 0.0 inf
88.5 0.0 inf
89.5 0.0 inf
90.5 0.0 inf
91.5 0.0 inf
92.5 0.0 inf
93.5 0.0 inf
94.5 0.0 inf
95.5 0.0 inf
96.5 0.0 inf
97.5 0.0 inf
