0.5 40.0 0.15811388300841897
1.5 128.0 0.08838834764831843
2.5 127.0 0.08873565094161139
3.5 117.0 0.09245003270420485
4.5 82.0 0.11043152607484653
5.5 90.0 0.10540925533894598
6.5 60.0 0.12909944487358055
7.5 47.0 0.14586499149789456
8.5 55.0 0.13483997249264842
9.5 40.0 0.15811388300841897
10.5 54.0 0.13608276348795434
11.5 49.0 0.14285714285714285
12.5 39.0 0.16012815380508713
13.5 24.0 0.20412414523193154
14.5 22.0 0.21320071635561041
15.5 23.0 0.20851441405707477
16.5 17.0 0.24253562503633297
17.5 14.0 0.2672612419124244
18.5 14.0 0.2672612419124244
19.5 4.0 0.5
20.5 8.0 0.35355339059327373
21.5 3.0 0.5773502691896258
22.5 3.0 0.5773502691896258
23.5 5.0 0.4472135954999579
24.5 1.0 1.0
25.5 2.0 0.7071067811865475
26.5 0.0 inf
27.5 0.0 inf
28.5 0.0 inf
29.5 0.0 inf
30.5 0.0 inf
31.5 0.0 inf
32.5 0.0 inf
33.5 0.0 inf
34.5 0.0 inf
35.5 0.0 inf
36.5 0.0 inf
37.5 0.0 inf
38.5 0.0 inf
39.5 0.0 inf
40.5 0.0 inf
41.5 0.0 inf
42.5 0.0 inf
43.5 0.0 inf
44.5 0.0 inf
45.5 0.0 inf
46.5 0.0 inf
47.5 0.0 inf
48.5 0.0 inf
49.5 0.0 inf
50.5 0.0 inf
51.5 0.0 inf
52.5 0.0 inf
53.5 0.0 inf
54.5 0.0 inf
55.5 0.0 inf
56.5 0.0 inf
57.5 0.0 inf
58.5 0.0 inf
59.5 0.0 inf
60.5 0.0 inf
61.5 0.0 inf
62.5 0.0 inf
63.5 0.0 inf
64.5 0.0 inf
65.5 0.0 inf
66.5 0.0 inf
67.5 0.0 inf
68.5 0.0 inf
69.5 0.0 inf
70.5 0.0 inf
71.5 0.0 inf
72.5 0.0 inf
73.5 0.0 inf
74.5 0.0 inf
75.5 0.0 inf
76.5 0.0 inf
77.5 0.0 inf
78.5 0.0 inf
79.5 0.0 inf
80.5 0.0 inf
81.5 0.0 inf
82.5 0.0 inf
83.5 0.0 inf
84.5 0.0 inf
85.5 0.0 inf
86.5 0.0 inf
87.5 0.0 inf
88.5 0.0 inf
89.5 0.0 inf
90.5 0.0 inf
91.5 0.0 inf
92.5 0.0 inf
93.5 0.0 inf
94.5 0.0 inf
95.5 0.0 inf
96.5 0.0 inf
97.5 0.0 inf
