0.5 38.938 0.0016025558711797569
1.5 20.600099999999998 0.002203257898489303
2.5 20.8696 0.0021889857652732385
3.5 19.1539 0.002284922068035403
4.5 16.9453 0.002429267662258425
5.5 15.1587 0.002568437611352433
6.5 13.3163 0.0027403637542675855
7.5 11.828700000000001 0.002907578784613151
8.5 10.5976 0.003071823357443785
9.5 9.2727 0.0032839527164917077
10.5 8.239799999999999 0.00348370734971645
11.5 7.2471 0.0037146497678024557
12.5 6.5024999999999995 0.003921568627450981
13.5 5.681 0.004195537482254944
14.5 5.0349 0.004456609434735855
15.5 4.3458000000000006 0.004796949342750719
16.5 3.8223000000000003 0.005114905505103561
17.5 3.364 0.005452202862359275
18.5 2.8209999999999997 0.005953857786779656
19.5 2.4347 0.006408808166391581
20.5 2.0873999999999997 0.006921451187307275
21.5 1.7767 0.007502274471726127
22.5 1.5249000000000001 0.008098028815283395
23.5 1.2490999999999999 0.008947493587697137
24.5 1.062 0.0097037084956597
25.5 0.8798999999999999 0.010660641553259478
26.5 0.7365999999999999 0.011651561792628473
27.5 0.5932999999999999 0.012982634358099926
28.5 0.5047 0.014076132545204187
29.5 0.4021 0.015770046120355822
30.5 0.3295 0.017420968301749516
31.5 0.2603 0.019600308903302496
32.5 0.2066 0.022000616025873207
33.5 0.165 0.024618298195866545
34.5 0.1308 0.02765006318046655
35.5 0.10239999999999999 0.03125000000000001
36.5 0.0804 0.035267280792929914
37.5 0.0618 0.040225899335456484
38.5 0.048600000000000004 0.04536092116265144
39.5 0.040499999999999994 0.04969039949999533
40.5 0.029699999999999997 0.058025885318565944
41.5 0.020499999999999997 0.06984302957695783
42.5 0.0166 0.07761505257063328
43.5 0.013300000000000001 0.086710996952412
44.5 0.0107 0.09667364890456635
45.5 0.007 0.11952286093343936
46.5 0.0060999999999999995 0.12803687993289598
47.5 0.0052 0.1386750490563073
48.5 0.0025 0.2
49.5 0.0022 0.21320071635561041
50.5 0.0017 0.24253562503633297
51.5 0.0021000000000000003 0.21821789023599233
52.5 0.0005 0.4472135954999579
53.5 0.0005 0.4472135954999579
54.5 0.0006 0.4082482904638631
55.5 0.0002 0.7071067811865475
56.5 0.0002 0.7071067811865475
57.5 0.00030000000000000003 0.5773502691896257
58.5 0.0 inf
59.5 0.0 inf
60.5 0.0 inf
61.5 0.0 inf
62.5 0.0 inf
63.5 0.0 inf
64.5 0.0 inf
65.5 0.0 inf
66.5 0.0001 1.0
67.5 0.0001 1.0
68.5 0.0 inf
69.5 0.0 inf
70.5 0.0 inf
71.5 0.0 inf
72.5 0.0 inf
73.5 0.0 inf
74.5 0.0 inf
75.5 0.0 inf
76.5 0.0 inf
77.5 0.0 inf
78.5 0.0 inf
79.5 0.0 inf
80.5 0.0 inf
81.5 0.0 inf
82.5 0.0 inf
83.5 0.0 inf
84.5 0.0 inf
85.5 0.0 inf
86.5 0.0 inf
87.5 0.0 inf
88.5 0.0 inf
89.5 0.0 inf
90.5 0.0 inf
91.5 0.0 inf
92.5 0.0 inf
93.5 0.0 inf
94.5 0.0 inf
95.5 0.0 inf
96.5 0.0 inf
97.5 0.0 inf
