0.5 38.4464 0.0016127689738313726
1.5 20.2847 0.002220320687645488
2.5 20.525199999999998 0.0022072742720296067
3.5 18.898200000000003 0.0023003280731814426
4.5 16.6523 0.0024505461558824676
5.5 14.9285 0.00258816472505192
6.5 13.0837 0.0027646153259433775
7.5 11.677 0.002926404526537929
8.5 10.4238 0.0030973263339288564
9.5 9.1167 0.003311930144764208
10.5 8.142800000000001 0.003504395516398503
11.5 7.1189 0.0037479479746155104
12.5 6.405200000000001 0.003951242208985336
13.5 5.5905000000000005 0.004229360200119186
14.5 4.9222 0.004507340547225469
15.5 4.2697 0.004839509194122214
16.5 3.7396 0.005171153439613996
17.5 3.2759 0.005525030527604575
18.5 2.8097000000000003 0.005965818331272484
19.5 2.4071 0.006445445396391005
20.5 2.077 0.006938758170555183
21.5 1.7562 0.007545934195243367
22.5 1.4771 0.008228014548524891
23.5 1.236 0.008994784537014432
24.5 1.0394 0.009808636579513513
25.5 0.8664000000000001 0.010743376064838502
26.5 0.7050000000000001 0.011909826683508273
27.5 0.5745 0.013193346953272202
28.5 0.4857 0.014348812093082914
29.5 0.3893 0.016027205229701
30.5 0.316 0.0177892016741205
31.5 0.26180000000000003 0.019544077624852607
32.5 0.2127 0.02168284449008031
33.5 0.1595 0.02503915429180672
34.5 0.12669999999999998 0.02809387802771537
35.5 0.1053 0.030816677568068284
36.5 0.0796 0.03544406025041679
37.5 0.0644 0.03940552031195503
38.5 0.0494 0.04499212706658475
39.5 0.038400000000000004 0.05103103630798287
40.5 0.0258 0.062257280636469035
41.5 0.0203 0.07018624063435965
42.5 0.0184 0.07372097807744857
43.5 0.0137 0.0854357657716761
44.5 0.009999999999999998 0.1
45.5 0.0081 0.1111111111111111
46.5 0.0054 0.13608276348795434
47.5 0.0045 0.14907119849998599
48.5 0.0031000000000000003 0.17960530202677488
49.5 0.0040999999999999995 0.15617376188860607
50.5 0.0015 0.2581988897471611
51.5 0.0013 0.2773500981126146
52.5 0.0007999999999999999 0.3535533905932738
53.5 0.00039999999999999996 0.5000000000000001
54.5 0.00030000000000000003 0.5773502691896257
55.5 0.0002 0.7071067811865475
56.5 0.0003 0.5773502691896258
57.5 0.0001 1.0
58.5 0.0 inf
59.5 0.0 inf
60.5 0.0 inf
61.5 0.0 inf
62.5 0.0 inf
63.5 0.0 inf
64.5 0.0 inf
65.5 0.0 inf
66.5 0.0 inf
67.5 0.0 inf
68.5 0.0 inf
69.5 0.0 inf
70.5 0.0 inf
71.5 0.0 inf
72.5 0.0 inf
73.5 0.0 inf
74.5 0.0 inf
75.5 0.0 inf
76.5 0.0 inf
77.5 0.0 inf
78.5 0.0 inf
79.5 0.0 inf
80.5 0.0 inf
81.5 0.0 inf
82.5 0.0 inf
83.5 0.0 inf
84.5 0.0 inf
85.5 0.0 inf
86.5 0.0 inf
87.5 0.0 inf
88.5 0.0 inf
89.5 0.0 inf
90.5 0.0 inf
91.5 0.0 inf
92.5 0.0 inf
93.5 0.0 inf
94.5 0.0 inf
95.5 0.0 inf
96.5 0.0 inf
97.5 0.0 inf
