0.5 38.5417 0.001610773835962961
1.5 20.3236 0.0022181947886096304
2.5 20.586100000000002 0.0022040069565445832
3.5 18.9257 0.0022986562190792656
4.5 16.6768 0.002448745437287487
5.5 14.9494 0.002586354901178457
6.5 13.2019 0.0027522113441266834
7.5 11.6942 0.0029242516353810565
8.5 10.412400000000002 0.0030990214215575714
9.5 9.129100000000001 0.0033096800933432426
10.5 8.153500000000001 0.0035020953175802553
11.5 7.2357 0.003717574871166733
12.5 6.3932 0.003954948700099876
13.5 5.6008 0.004225469465173559
14.5 4.9414 0.004498575301873973
15.5 4.2705 0.004839055876162845
16.5 3.7619 0.005155803732640434
17.5 3.3005000000000004 0.005504401841286574
18.5 2.8026 0.0059733703396718935
19.5 2.3879 0.00647130594068258
20.5 2.0575 0.006971561743757498
21.5 1.7579 0.007542284615908735
22.5 1.4858 0.008203889894166778
23.5 1.2551 0.008926081239866305
24.5 1.0566 0.00972847342362965
25.5 0.8511 0.010839511357170368
26.5 0.7217 0.011771224628320583
27.5 0.5813 0.013115952600816716
28.5 0.4838 0.014376960117634726
29.5 0.3947 0.015917191334679576
30.5 0.32620000000000005 0.017508866108269325
31.5 0.2535 0.019861453057473933
32.5 0.2004 0.022338352580438516
33.5 0.1634 0.02473853479976467
34.5 0.12430000000000001 0.02836380138986998
35.5 0.1019 0.03132657448383193
36.5 0.0785 0.03569153051241249
37.5 0.0623 0.0400641540107502
38.5 0.0511 0.04423739552038088
39.5 0.0408 0.04950737714883371
40.5 0.0262 0.06178020632152154
41.5 0.0224 0.0668153104781061
42.5 0.0172 0.07624928516630233
43.5 0.011099999999999999 0.0949157995752499
44.5 0.011800000000000001 0.09205746178983235
45.5 0.0072 0.11785113019775793
46.5 0.0056 0.1336306209562122
47.5 0.0042 0.1543033499620919
48.5 0.0035 0.1690308509457033
49.5 0.0024000000000000002 0.20412414523193148
50.5 0.0015 0.2581988897471611
51.5 0.0015 0.2581988897471611
52.5 0.0009 0.3333333333333333
53.5 0.00039999999999999996 0.5000000000000001
54.5 0.0005 0.4472135954999579
55.5 0.0002 0.7071067811865475
56.5 0.0005 0.4472135954999579
57.5 0.0001 1.0
58.5 0.0001 1.0
59.5 0.0002 0.7071067811865475
60.5 0.0 inf
61.5 0.0001 1.0
62.5 0.0 inf
63.5 0.0 inf
64.5 0.0 inf
65.5 0.0 inf
66.5 0.0 inf
67.5 0.0 inf
68.5 0.0 inf
69.5 0.0 inf
70.5 0.0 inf
71.5 0.0 inf
72.5 0.0 inf
73.5 0.0 inf
74.5 0.0 inf
75.5 0.0 inf
76.5 0.0 inf
77.5 0.0 inf
78.5 0.0 inf
79.5 0.0 inf
80.5 0.0 inf
81.5 0.0 inf
82.5 0.0 inf
83.5 0.0 inf
84.5 0.0 inf
85.5 0.0 inf
86.5 0.0 inf
87.5 0.0 inf
88.5 0.0 inf
89.5 0.0 inf
90.5 0.0 inf
91.5 0.0 inf
92.5 0.0 inf
93.5 0.0 inf
94.5 0.0 inf
95.5 0.0 inf
96.5 0.0 inf
97.5 0.0 inf
