0.5 38.4712 0.0016122490638925924
1.5 20.2664 0.002221322905611153
2.5 20.5568 0.0022055771038768297
3.5 18.8985 0.0023003098150879255
4.5 16.6584 0.0024500974423129597
5.5 14.921 0.002588815110307586
6.5 13.064900000000002 0.0027666037102415495
7.5 11.636 0.0029315556558046274
8.5 10.4589 0.00309212466260716
9.5 9.0549 0.003323212943983226
10.5 8.2149 0.0034889830487664464
11.5 7.1602 0.0037371232696650877
12.5 6.3474 0.003969191624269572
13.5 5.5874 0.004230533303759687
14.5 4.9074 0.004514132170073162
15.5 4.2935 0.0048260772177084466
16.5 3.782 0.005142084838723526
17.5 3.2682 0.005531535286565769
18.5 2.8034 0.005972517975178446
19.5 2.401 0.006453627877894652
20.5 2.065 0.00695889000639221
21.5 1.7523 0.007554326818322276
22.5 1.4757 0.0082319165914826
23.5 1.2521 0.008936768174978337
24.5 1.0519 0.009750183122346417
25.5 0.8475999999999999 0.01086186813259453
26.5 0.7108 0.011861136133009563
27.5 0.5769 0.013165875092222739
28.5 0.4864 0.014338483366910109
29.5 0.3932 0.01594752330273742
30.5 0.3221 0.017619948616780765
31.5 0.2509 0.01996409690931557
32.5 0.1982 0.022461987174119142
33.5 0.1597 0.02502347051056742
34.5 0.1308 0.02765006318046655
35.5 0.1049 0.03087537605472192
36.5 0.0864 0.034020690871988585
37.5 0.0597 0.0409272754535029
38.5 0.048 0.04564354645876384
39.5 0.0402 0.049875466805381644
40.5 0.0288 0.05892556509887897
41.5 0.0216 0.06804138174397717
42.5 0.0175 0.07559289460184544
43.5 0.0127 0.08873565094161139
44.5 0.010100000000000001 0.0995037190209989
45.5 0.0066 0.12309149097933272
46.5 0.0051 0.14002800840280097
47.5 0.0031 0.1796053020267749
48.5 0.0028 0.1889822365046136
49.5 0.0023 0.20851441405707477
50.5 0.0017000000000000001 0.24253562503633297
51.5 0.0015 0.2581988897471611
52.5 0.001 0.31622776601683794
53.5 0.0006000000000000001 0.40824829046386296
54.5 0.0008 0.35355339059327373
55.5 0.00030000000000000003 0.5773502691896257
56.5 0.00039999999999999996 0.5000000000000001
57.5 0.0003 0.5773502691896258
58.5 0.0002 0.7071067811865475
59.5 0.0001 1.0
60.5 0.0001 1.0
61.5 0.0 inf
62.5 0.0001 1.0
63.5 0.0 inf
64.5 0.0 inf
65.5 0.0001 1.0
66.5 0.0 inf
67.5 0.0 inf
68.5 0.0 inf
69.5 0.0 inf
70.5 0.0 inf
71.5 0.0 inf
72.5 0.0 inf
73.5 0.0 inf
74.5 0.0 inf
75.5 0.0 inf
76.5 0.0 inf
77.5 0.0 inf
78.5 0.0 inf
79.5 0.0 inf
80.5 0.0 inf
81.5 0.0 inf
82.5 0.0 inf
83.5 0.0 inf
84.5 0.0 inf
85.5 0.0 inf
86.5 0.0 inf
87.5 0.0 inf
88.5 0.0 inf
89.5 0.0 inf
90.5 0.0 inf
91.5 0.0 inf
92.5 0.0 inf
93.5 0.0 inf
94.5 0.0 inf
95.5 0.0 inf
96.5 0.0 inf
97.5 0.0 inf
