0.5 38.4932 0.0016117882740801321
1.5 20.3803 0.002215107021410814
2.5 20.5817 0.0022042425326235546
3.5 18.9189 0.0022990692837393696
4.5 16.610599999999998 0.0024536202086221756
5.5 14.965 0.0025850064996838893
6.5 13.1348 0.002759232316187454
7.5 11.667300000000001 0.002927620755932063
8.5 10.4475 0.003093811219697341
9.5 9.1482 0.003306223242817739
10.5 8.2119 0.003489620294310429
11.5 7.1922 0.0037288002766328416
12.5 6.3731 0.003961180509462026
13.5 5.5597 0.0042410590670044525
14.5 4.9456 0.004496664711717127
15.5 4.3083 0.004817780744675136
16.5 3.7798 0.005143581074109749
17.5 3.2656 0.005533736892737147
18.5 2.8011 0.005974969507194365
19.5 2.4062 0.006446650690739979
20.5 2.0338000000000003 0.007012064116251354
21.5 1.7567 0.007544860239643199
22.5 1.4740000000000002 0.008236662258223169
23.5 1.2429999999999999 0.008969421549263869
24.5 1.061 0.009708280325593281
25.5 0.8409 0.010905054082523012
26.5 0.7181 0.011800693665161057
27.5 0.5899 0.013019994534207442
28.5 0.48929999999999996 0.014295929313323245
29.5 0.39790000000000003 0.015853057338939592
30.5 0.3201 0.01767490804100673
31.5 0.2499 0.020004001200400138
32.5 0.201 0.022304986837273527
33.5 0.1638 0.024708310555370042
34.5 0.1318 0.027544969439561987
35.5 0.10220000000000001 0.031280562354492725
36.5 0.07600000000000001 0.03627381250550058
37.5 0.0647 0.039314056698537575
38.5 0.049100000000000005 0.04512936824065242
39.5 0.0376 0.05157106231293967
40.5 0.0295 0.0582222509739582
41.5 0.0246 0.06375767130633382
42.5 0.0155 0.08032193289024989
43.5 0.0117 0.09245003270420485
44.5 0.0085 0.10846522890932808
45.5 0.0078 0.11322770341445956
46.5 0.004399999999999999 0.15075567228888184
47.5 0.0037 0.1643989873053573
48.5 0.0024000000000000002 0.20412414523193148
49.5 0.0022 0.21320071635561041
50.5 0.0013 0.2773500981126146
51.5 0.0014 0.2672612419124244
52.5 0.0009 0.3333333333333333
53.5 0.0009 0.3333333333333333
54.5 0.0004 0.5
55.5 0.0005 0.4472135954999579
56.5 0.0002 0.7071067811865475
57.5 0.0001 1.0
58.5 0.0 inf
59.5 0.0001 1.0
60.5 0.0 inf
61.5 0.0 inf
62.5 0.0 inf
63.5 0.0 inf
64.5 0.0 inf
65.5 0.0 inf
66.5 0.0 inf
67.5 0.0 inf
68.5 0.0 inf
69.5 0.0 inf
70.5 0.0 inf
71.5 0.0 inf
72.5 0.0 inf
73.5 0.0 inf
74.5 0.0 inf
75.5 0.0 inf
76.5 0.0 inf
77.5 0.0 inf
78.5 0.0 inf
79.5 0.0 inf
80.5 0.0 inf
81.5 0.0 inf
82.5 0.0 inf
83.5 0.0 inf
84.5 0.0 inf
85.5 0.0 inf
86.5 0.0 inf
87.5 0.0 inf
88.5 0.0 inf
89.5 0.0 inf
90.5 0.0 inf
91.5 0.0 inf
92.5 0.0 inf
93.5 0.0 inf
94.5 0.0 inf
95.5 0.0 inf
96.5 0.0 inf
97.5 0.0 inf
