0.5 38.685100000000006 0.0016077856128150411
1.5 20.410899999999998 0.00221344595554171
2.5 20.6092 0.002202771420105928
3.5 18.990099999999998 0.0022947552607366964
4.5 16.756700000000002 0.0024429003559031616
5.5 15.0564 0.002577148404266166
6.5 13.138300000000001 0.0027588647664907096
7.5 11.7011 0.002923389309969535
8.5 10.483799999999999 0.0030884504378322075
9.5 9.1737 0.0033016249148708782
10.5 8.207 0.0034906618800261534
11.5 7.1439 0.003741384275690007
12.5 6.431900000000001 0.003943032513530433
13.5 5.662599999999999 0.004202348424209809
14.5 4.9765 0.004482682666246346
15.5 4.2812 0.00483300496865064
16.5 3.7943 0.005133743513009806
17.5 3.2981 0.0055064042308424705
18.5 2.7992 0.005976996964379645
19.5 2.4025999999999996 0.006451478638678313
20.5 2.0695 0.00695132005067871
21.5 1.7757 0.007504386658054675
22.5 1.4832 0.008211077318035775
23.5 1.2557 0.008923948449925494
24.5 1.0775000000000001 0.00963366101718176
25.5 0.8534999999999999 0.010824260542220963
26.5 0.7136 0.01183784309525946
27.5 0.5895999999999999 0.013023306526765581
28.5 0.49660000000000004 0.014190465507408673
29.5 0.3901 0.01601076285016887
30.5 0.3197 0.017685961768191653
31.5 0.26480000000000004 0.01943305185841179
32.5 0.20800000000000002 0.021926450482675733
33.5 0.1673 0.024448489343954046
34.5 0.1169 0.029247769028706173
35.5 0.0993 0.03173404079876884
36.5 0.07780000000000001 0.03585173696910373
37.5 0.0632 0.0397778642087865
38.5 0.0502 0.04463218426774518
39.5 0.0402 0.049875466805381644
40.5 0.0287 0.059028133610095526
41.5 0.023 0.0659380473395787
42.5 0.019200000000000002 0.07216878364870322
43.5 0.0149 0.08192319205190406
44.5 0.0089 0.105999788000636
45.5 0.0066 0.12309149097933272
46.5 0.0067 0.12216944435630522
47.5 0.004 0.15811388300841897
48.5 0.0039 0.16012815380508713
49.5 0.0024000000000000002 0.20412414523193148
50.5 0.0014 0.2672612419124244
51.5 0.0013 0.2773500981126146
52.5 0.001 0.31622776601683794
53.5 0.0006000000000000001 0.40824829046386296
54.5 0.0005 0.4472135954999579
55.5 0.0004 0.5
56.5 0.0005 0.4472135954999579
57.5 0.0002 0.7071067811865475
58.5 0.0001 1.0
59.5 0.0002 0.7071067811865475
60.5 0.0001 1.0
61.5 0.0001 1.0
62.5 0.0 inf
63.5 0.0 inf
64.5 0.0 inf
65.5 0.0 inf
66.5 0.0 inf
67.5 0.0 inf
68.5 0.0 inf
69.5 0.0 inf
70.5 0.0 inf
71.5 0.0 inf
72.5 0.0 inf
73.5 0.0 inf
74.5 0.0 inf
75.5 0.0 inf
76.5 0.0 inf
77.5 0.0 inf
78.5 0.0 inf
79.5 0.0 inf
80.5 0.0 inf
81.5 0.0 inf
82.5 0.0 inf
83.5 0.0 inf
84.5 0.0 inf
85.5 0.0 inf
86.5 0.0 inf
87.5 0.0 inf
88.5 0.0 inf
89.5 0.0 inf
90.5 0.0 inf
91.5 0.0 inf
92.5 0.0 inf
93.5 0.0 inf
94.5 0.0 inf
95.5 0.0 inf
96.5 0.0 inf
97.5 0.0 inf
