0.5 41.4982 0.001552334716867962
1.5 21.9729 0.0021333215005428932
2.5 22.2089 0.0021219564953766793
3.5 20.2779 0.002220692938103635
4.5 17.9058 0.002363214460097515
5.5 15.967400000000001 0.002502550773563358
6.5 14.008700000000001 0.0026717823870996285
7.5 12.325299999999999 0.0028484017935427844
8.5 11.0474 0.003008638166235731
9.5 9.6395 0.0032208666617870177
10.5 8.6335 0.0034033495232000605
11.5 7.5796 0.003632259400704037
12.5 6.752800000000001 0.003848203731391931
13.5 5.8853 0.0041220731755853505
14.5 5.194 0.004387822263099651
15.5 4.4771 0.004726085808547595
16.5 3.9337 0.0050419598397700004
17.5 3.4242 0.005404063437938093
18.5 2.9391 0.005833011311389419
19.5 2.4999000000000002 0.006324681815238024
20.5 2.1431 0.006830913436511786
21.5 1.8372 0.007377713422537524
22.5 1.5442 0.008047263570795517
23.5 1.2928000000000002 0.008794969309128648
24.5 1.0779 0.009631873364351898
25.5 0.8877999999999999 0.010613104236149338
26.5 0.7486999999999999 0.011557025816904763
27.5 0.6044 0.012862866793895969
28.5 0.505 0.014071950894605839
29.5 0.4164 0.015496893184343592
30.5 0.3244 0.01755737468051559
31.5 0.27490000000000003 0.019072719867469376
32.5 0.20929999999999999 0.02185824984939871
33.5 0.17099999999999999 0.024182541670333724
34.5 0.1306 0.027671226645624276
35.5 0.10339999999999999 0.031098520678556146
36.5 0.07949999999999999 0.03546634510659544
37.5 0.0645 0.039374961547907886
38.5 0.054 0.04303314829119352
39.5 0.041999999999999996 0.048795003647426664
40.5 0.0343 0.05399492471560388
41.5 0.0232 0.06565321642986129
42.5 0.0161 0.07881104062391006
43.5 0.0118 0.09205746178983235
44.5 0.0109 0.09578262852211514
45.5 0.0082 0.11043152607484653
46.5 0.0056 0.1336306209562122
47.5 0.0048 0.14433756729740646
48.5 0.0031 0.1796053020267749
49.5 0.0028 0.1889822365046136
50.5 0.0014 0.2672612419124244
51.5 0.0018999999999999998 0.2294157338705618
52.5 0.001 0.31622776601683794
53.5 0.0009 0.3333333333333333
54.5 0.0003 0.5773502691896258
55.5 0.00030000000000000003 0.5773502691896257
56.5 0.0002 0.7071067811865475
57.5 0.0 inf
58.5 0.0 inf
59.5 0.0 inf
60.5 0.0001 1.0
61.5 0.0001 1.0
62.5 0.0 inf
63.5 0.0 inf
64.5 0.0 inf
65.5 0.0 inf
66.5 0.0001 1.0
67.5 0.0 inf
68.5 0.0 inf
69.5 0.0 inf
70.5 0.0 inf
71.5 0.0 inf
72.5 0.0 inf
73.5 0.0 inf
74.5 0.0 inf
75.5 0.0 inf
76.5 0.0 inf
77.5 0.0 inf
78.5 0.0 inf
79.5 0.0 inf
80.5 0.0 inf
81.5 0.0 inf
82.5 0.0 inf
83.5 0.0 inf
84.5 0.0 inf
85.5 0.0 inf
86.5 0.0 inf
87.5 0.0 inf
88.5 0.0 inf
89.5 0.0 inf
90.5 0.0 inf
91.5 0.0 inf
92.5 0.0 inf
93.5 0.0 inf
94.5 0.0 inf
95.5 0.0 inf
96.5 0.0 inf
97.5 0.0 inf
