0.5 43.4553 0.001516975699141232
1.5 22.914 0.0020890534199306827
2.5 23.1438 0.0020786562056422262
3.5 21.055799999999998 0.002179285486707168
4.5 18.4292 0.0023294144136304087
5.5 16.4525 0.0024653810317407164
6.5 14.4046 0.0026348105792760004
7.5 12.7049 0.0028055264949109803
8.5 11.3072 0.0029738733087486934
9.5 9.8384 0.003188142774453626
10.5 8.7627 0.00337816632428263
11.5 7.6888000000000005 0.0036063736224081397
12.5 6.8347 0.0038250777897245337
13.5 5.9808 0.004089030595942422
14.5 5.276 0.004353590798761745
15.5 4.5425 0.004691940888485881
16.5 4.006 0.004996254213483475
17.5 3.4511000000000003 0.005382960935781607
18.5 2.9417999999999997 0.005830333912201951
19.5 2.5044 0.006318997047499871
20.5 2.1684 0.006790946369378331
21.5 1.8338999999999999 0.007384348329462226
22.5 1.5669 0.007988759733879022
23.5 1.2955999999999999 0.008785460497148624
24.5 1.1054 0.009511308535046642
25.5 0.9019999999999999 0.010529232878566532
26.5 0.7311 0.011695306504229626
27.5 0.6056999999999999 0.012849055741528328
28.5 0.5073 0.014040014904887734
29.5 0.4259 0.015323083915482254
30.5 0.32489999999999997 0.01754385964912281
31.5 0.2633 0.019488327551336875
32.5 0.2094 0.02185302996876323
33.5 0.1718 0.02412617203266904
34.5 0.132 0.027524094128159017
35.5 0.1127 0.029787773436724965
36.5 0.08910000000000001 0.0335012605086404
37.5 0.0634 0.03971507353947688
38.5 0.050699999999999995 0.04441155916843276
39.5 0.036699999999999997 0.052199575097188054
40.5 0.030900000000000004 0.05688801239885743
41.5 0.0225 0.06666666666666667
42.5 0.019 0.07254762501100116
43.5 0.0108 0.09622504486493763
44.5 0.0095 0.10259783520851541
45.5 0.009000000000000001 0.10540925533894598
46.5 0.0053 0.13736056394868904
47.5 0.004200000000000001 0.1543033499620919
48.5 0.0035 0.1690308509457033
49.5 0.0021999999999999997 0.21320071635561047
50.5 0.0017000000000000001 0.24253562503633297
51.5 0.0008 0.35355339059327373
52.5 0.0011 0.30151134457776363
53.5 0.0009 0.3333333333333333
54.5 0.0001 1.0
55.5 0.0003 0.5773502691896258
56.5 0.00030000000000000003 0.5773502691896257
57.5 0.0005 0.4472135954999579
58.5 0.0002 0.7071067811865475
59.5 0.0002 0.7071067811865475
60.5 0.0 inf
61.5 0.0002 0.7071067811865475
62.5 0.0 inf
63.5 0.0 inf
64.5 0.0 inf
65.5 0.0 inf
66.5 0.0 inf
67.5 0.0 inf
68.5 0.0 inf
69.5 0.0 inf
70.5 0.0 inf
71.5 0.0 inf
72.5 0.0 inf
73.5 0.0 inf
74.5 0.0 inf
75.5 0.0 inf
76.5 0.0 inf
77.5 0.0 inf
78.5 0.0 inf
79.5 0.0 inf
80.5 0.0 inf
81.5 0.0 inf
82.5 0.0 inf
83.5 0.0 inf
84.5 0.0 inf
85.5 0.0 inf
86.5 0.0 inf
87.5 0.0 inf
88.5 0.0 inf
89.5 0.0 inf
90.5 0.0 inf
91.5 0.0 inf
92.5 0.0 inf
93.5 0.0 inf
94.5 0.0 inf
95.5 0.0 inf
96.5 0.0 inf
97.5 0.0 inf
