0.5 38.9131 0.0016030685167897855
1.5 20.541600000000003 0.0022063929744153823
2.5 20.846899999999998 0.002190177224374836
3.5 19.1674 0.0022841172671421834
4.5 16.877 0.0024341782344754082
5.5 15.1555 0.0025687087527384977
6.5 13.2761 0.002744509525838244
7.5 11.787199999999999 0.002912692742896894
8.5 10.589200000000002 0.0030730414948403626
9.5 9.1846 0.003299665199957379
10.5 8.252500000000001 0.0034810257309235318
11.5 7.2485 0.003714291020419534
12.5 6.5105 0.003919158505918911
13.5 5.6523 0.0042061755819931676
14.5 4.984999999999999 0.0044788592902238935
15.5 4.357799999999999 0.004790340150658076
16.5 3.8192 0.005116980938544662
17.5 3.3179 0.005489949553359827
18.5 2.7910000000000004 0.005985770778219569
19.5 2.4410999999999996 0.0064004014457684135
20.5 2.0751 0.006941934071501756
21.5 1.7955999999999999 0.007462686567164179
22.5 1.4985 0.008169051356597864
23.5 1.2666 0.008885466997542035
24.5 1.0411000000000001 0.009800625103804316
25.5 0.8691 0.010726675064226306
26.5 0.7192000000000001 0.011791665765914453
27.5 0.5892 0.013027726451049212
28.5 0.5039 0.014087301864593216
29.5 0.4042 0.015729026546513935
30.5 0.3303 0.017399858365729354
31.5 0.2621 0.0195328893341018
32.5 0.2072 0.02196873875818734
33.5 0.1743 0.02395252523826518
34.5 0.1263 0.028138330394167636
35.5 0.1075 0.030499714066520935
36.5 0.08030000000000001 0.03528923366202927
37.5 0.0633 0.039746431675858215
38.5 0.048799999999999996 0.04526787302125927
39.5 0.0366 0.05227083734893167
40.5 0.0279 0.05986843400892496
41.5 0.0225 0.06666666666666667
42.5 0.0189 0.07273929674533079
43.5 0.013600000000000001 0.08574929257125441
44.5 0.0091 0.10482848367219183
45.5 0.0055 0.13483997249264842
46.5 0.0055 0.13483997249264842
47.5 0.0031999999999999997 0.1767766952966369
48.5 0.0024 0.20412414523193154
49.5 0.0017 0.24253562503633297
50.5 0.0015 0.2581988897471611
51.5 0.001 0.31622776601683794
52.5 0.0014 0.2672612419124244
53.5 0.0007999999999999999 0.3535533905932738
54.5 0.0005 0.4472135954999579
55.5 0.00030000000000000003 0.5773502691896257
56.5 0.00030000000000000003 0.5773502691896257
57.5 0.0 inf
58.5 0.0002 0.7071067811865475
59.5 0.0 inf
60.5 0.0 inf
61.5 0.0 inf
62.5 0.0001 1.0
63.5 0.0001 1.0
64.5 0.0 inf
65.5 0.0 inf
66.5 0.0 inf
67.5 0.0 inf
68.5 0.0 inf
69.5 0.0 inf
70.5 0.0 inf
71.5 0.0 inf
72.5 0.0 inf
73.5 0.0 inf
74.5 0.0 inf
75.5 0.0 inf
76.5 0.0 inf
77.5 0.0 inf
78.5 0.0 inf
79.5 0.0 inf
80.5 0.0 inf
81.5 0.0 inf
82.5 0.0 inf
83.5 0.0 inf
84.5 0.0 inf
85.5 0.0 inf
86.5 0.0 inf
87.5 0.0 inf
88.5 0.0 inf
89.5 0.0 inf
90.5 0.0 inf
91.5 0.0 inf
92.5 0.0 inf
93.5 0.0 inf
94.5 0.0 inf
95.5 0.0 inf
96.5 0.0 inf
97.5 0.0 inf
