0.5 40.2054 0.0015770948239689773
1.5 21.2849 0.0021675253875539473
2.5 21.7927 0.002142123372692032
3.5 19.8502 0.0022444893889933194
4.5 17.460900000000002 0.0023931321841893934
5.5 15.811 0.002514897740364012
6.5 13.8386 0.00268815261776719
7.5 12.2472 0.002857469443742443
8.5 10.9836 0.003017363592186491
9.5 9.631599999999999 0.003222187295492436
10.5 8.669599999999999 0.00339625639997527
11.5 7.5293 0.0036443719824519947
12.5 6.768000000000001 0.0038438800334536878
13.5 5.9737 0.004091459868911696
14.5 5.1985 0.004385922727169565
15.5 4.5175 0.0047049056572954695
16.5 3.9564 0.005027474811723014
17.5 3.4696 0.005368590708727254
18.5 2.9218 0.005850254476978789
19.5 2.5568999999999997 0.006253787619963126
20.5 2.1813000000000002 0.00677083608839415
21.5 1.8569 0.007338473696021108
22.5 1.5633 0.007997952786096607
23.5 1.3393 0.008640941512978636
24.5 1.1103999999999998 0.009489870225014043
25.5 0.8897999999999999 0.010601170009686967
26.5 0.762 0.011455723277057845
27.5 0.6168 0.012732914342459056
28.5 0.5267999999999999 0.013777712461369822
29.5 0.4195 0.01543952792821099
30.5 0.3348 0.01728252824550709
31.5 0.27059999999999995 0.019223661202719813
32.5 0.2132 0.0216574040912105
33.5 0.16649999999999998 0.02450715406979359
34.5 0.1436 0.026388990698462976
35.5 0.1105 0.030082841879809342
36.5 0.0805 0.035245368842512066
37.5 0.061200000000000004 0.040422604172722164
38.5 0.0528 0.04351941398892446
39.5 0.0383 0.0510976130307596
40.5 0.0313 0.05652334189442215
41.5 0.024599999999999997 0.06375767130633384
42.5 0.0173 0.07602859212697055
43.5 0.0144 0.08333333333333333
44.5 0.0118 0.09205746178983235
45.5 0.0071 0.11867816581938533
46.5 0.0060999999999999995 0.12803687993289598
47.5 0.0043 0.15249857033260467
48.5 0.0044 0.15075567228888181
49.5 0.0028 0.1889822365046136
50.5 0.0014 0.2672612419124244
51.5 0.001 0.31622776601683794
52.5 0.0009 0.3333333333333333
53.5 0.0009 0.3333333333333333
54.5 0.0006000000000000001 0.40824829046386296
55.5 0.0004 0.5
56.5 0.0004 0.5
57.5 0.0001 1.0
58.5 0.0001 1.0
59.5 0.0001 1.0
60.5 0.0 inf
61.5 0.0 inf
62.5 0.0 inf
63.5 0.0 inf
64.5 0.0 inf
65.5 0.0 inf
66.5 0.0 inf
67.5 0.0 inf
68.5 0.0 inf
69.5 0.0 inf
70.5 0.0 inf
71.5 0.0 inf
72.5 0.0 inf
73.5 0.0 inf
74.5 0.0 inf
75.5 0.0 inf
76.5 0.0 inf
77.5 0.0 inf
78.5 0.0 inf
79.5 0.0 inf
80.5 0.0 inf
81.5 0.0 inf
82.5 0.0 inf
83.5 0.0 inf
84.5 0.0 inf
85.5 0.0 inf
86.5 0.0 inf
87.5 0.0 inf
88.5 0.0 inf
89.5 0.0 inf
90.5 0.0 inf
91.5 0.0 inf
92.5 0.0 inf
93.5 0.0 inf
94.5 0.0 inf
95.5 0.0 inf
96.5 0.0 inf
97.5 0.0 inf
