0.5 39.3601 0.0015939397578377849
1.5 20.857 0.0021896468636179597
2.5 21.1398 0.0021749514297988645
3.5 19.4374 0.0022681977430947403
4.5 17.0963 0.002418515833486385
5.5 15.383199999999999 0.0025496270423379696
6.5 13.4836 0.0027233099310633594
7.5 11.956199999999999 0.0028920341331913546
8.5 10.7508 0.0030498579256777215
9.5 9.3779 0.003265481301654934
10.5 8.4223 0.0034457569960947587
11.5 7.362 0.0036855481840570537
12.5 6.5870999999999995 0.003896304335198176
13.5 5.795999999999999 0.00415370655232689
14.5 5.065799999999999 0.004442996592573917
15.5 4.4131 0.004760231958426165
16.5 3.8449 0.005099850857042496
17.5 3.354 0.005460324724246339
18.5 2.8728 0.005899936045039906
19.5 2.4591000000000003 0.00637693374961737
20.5 2.1356 0.006842897644552002
21.5 1.8201 0.007412289535080223
22.5 1.5303 0.008083728351002408
23.5 1.2932000000000001 0.008793609016906588
24.5 1.0786 0.0096287473650786
25.5 0.8775999999999999 0.010674602031568248
26.5 0.7466999999999999 0.011572492935465351
27.5 0.5979 0.01293259636877291
28.5 0.5122 0.01397269608362584
29.5 0.41790000000000005 0.015469056098486703
30.5 0.3249 0.017543859649122806
31.5 0.2658 0.01939646163228027
32.5 0.19940000000000002 0.022394296451119462
33.5 0.1633 0.02474610820719749
34.5 0.13290000000000002 0.02743073910242014
35.5 0.10880000000000001 0.03031695312954162
36.5 0.07819999999999999 0.035759926992607584
37.5 0.0717 0.03734568434866355
38.5 0.052 0.043852900965351466
39.5 0.039999999999999994 0.05
40.5 0.03 0.05773502691896257
41.5 0.024 0.06454972243679027
42.5 0.0195 0.0716114874039433
43.5 0.0115 0.09325048082403138
44.5 0.0114 0.0936585811581694
45.5 0.0077 0.11396057645963795
46.5 0.0052 0.1386750490563073
47.5 0.0037 0.1643989873053573
48.5 0.0036 0.16666666666666666
49.5 0.0024 0.20412414523193154
50.5 0.0024000000000000002 0.20412414523193148
51.5 0.0006000000000000001 0.40824829046386296
52.5 0.0005 0.4472135954999579
53.5 0.0007 0.3779644730092272
54.5 0.0002 0.7071067811865475
55.5 0.0007999999999999999 0.3535533905932738
56.5 0.00030000000000000003 0.5773502691896257
57.5 0.0002 0.7071067811865475
58.5 0.0 inf
59.5 0.0002 0.7071067811865475
60.5 0.0001 1.0
61.5 0.0 inf
62.5 0.0 inf
63.5 0.0 inf
64.5 0.0 inf
65.5 0.0 inf
66.5 0.0 inf
67.5 0.0 inf
68.5 0.0 inf
69.5 0.0001 1.0
70.5 0.0 inf
71.5 0.0 inf
72.5 0.0 inf
73.5 0.0 inf
74.5 0.0 inf
75.5 0.0 inf
76.5 0.0 inf
77.5 0.0 inf
78.5 0.0 inf
79.5 0.0 inf
80.5 0.0 inf
81.5 0.0 inf
82.5 0.0 inf
83.5 0.0 inf
84.5 0.0 inf
85.5 0.0 inf
86.5 0.0 inf
87.5 0.0 inf
88.5 0.0 inf
89.5 0.0 inf
90.5 0.0 inf
91.5 0.0 inf
92.5 0.0 inf
93.5 0.0 inf
94.5 0.0 inf
95.5 0.0 inf
96.5 0.0 inf
97.5 0.0 inf
