0.5 5302158.0 0.0004342838381268635
1.5 1358017.0 0.0008581187603607817
2.5 919543.0 0.0010428311099675341
3.5 574009.0 0.001319898845772663
4.5 363827.0 0.0016578778808792427
5.5 245376.0 0.002018756596297955
6.5 167608.0 0.0024426015484461205
7.5 119304.0 0.002895159518130005
8.5 87733.0 0.0033761249381648747
9.5 63792.0 0.0039592861512131655
10.5 48722.0 0.004530409364086035
11.5 36436.0 0.005238834191541467
12.5 28220.0 0.005952802792922383
13.5 21512.0 0.006818040951022352
14.5 17075.0 0.00765278731793381
15.5 13147.0 0.008721409298247742
16.5 10300.0 0.009853292781642932
17.5 7993.0 0.011185234498522531
18.5 6253.0 0.012646075946565945
19.5 4870.0 0.01432964790338226
20.5 3817.0 0.016185977040758175
21.5 3040.0 0.01813690625275029
22.5 2302.0 0.020842381469843886
23.5 1822.0 0.023427492832506086
24.5 1432.0 0.026425821129084495
25.5 1085.0 0.030358837035945812
26.5 856.0 0.034179296351233165
27.5 689.0 0.03809696588797296
28.5 544.0 0.042874646285627205
29.5 421.0 0.04873701788285793
30.5 285.0 0.05923488777590923
31.5 223.0 0.06696495301824251
32.5 175.0 0.07559289460184544
33.5 170.0 0.07669649888473704
34.5 100.0 0.1
35.5 77.0 0.11396057645963795
36.5 63.0 0.1259881576697424
37.5 39.0 0.16012815380508713
38.5 32.0 0.17677669529663687
39.5 29.0 0.18569533817705186
40.5 12.0 0.2886751345948129
41.5 7.0 0.3779644730092272
42.5 9.0 0.3333333333333333
43.5 3.0 0.5773502691896258
44.5 6.0 0.4082482904638631
45.5 3.0 0.5773502691896258
46.5 1.0 1.0
47.5 3.0 0.5773502691896258
48.5 0.0 inf
49.5 0.0 inf
50.5 0.0 inf
51.5 0.0 inf
52.5 1.0 1.0
53.5 1.0 1.0
54.5 0.0 inf
55.5 0.0 inf
56.5 0.0 inf
57.5 0.0 inf
58.5 0.0 inf
59.5 0.0 inf
60.5 0.0 inf
61.5 0.0 inf
62.5 0.0 inf
63.5 0.0 inf
64.5 0.0 inf
65.5 0.0 inf
66.5 0.0 inf
67.5 0.0 inf
68.5 0.0 inf
69.5 0.0 inf
70.5 0.0 inf
71.5 0.0 inf
72.5 0.0 inf
73.5 0.0 inf
74.5 0.0 inf
75.5 0.0 inf
76.5 0.0 inf
77.5 0.0 inf
78.5 0.0 inf
79.5 0.0 inf
80.5 0.0 inf
81.5 0.0 inf
82.5 0.0 inf
83.5 0.0 inf
84.5 0.0 inf
85.5 0.0 inf
86.5 0.0 inf
87.5 0.0 inf
88.5 0.0 inf
89.5 0.0 inf
90.5 0.0 inf
91.5 0.0 inf
92.5 0.0 inf
93.5 0.0 inf
94.5 0.0 inf
95.5 0.0 inf
96.5 0.0 inf
97.5 0.0 inf
