0.5 23631609.0 0.00020570902881921429
1.5 3191056.0 0.0005597998620938136
2.5 1805559.0 0.0007442076976759391
3.5 982396.0 0.0010089199443312827
4.5 566442.0 0.0013286857468319685
5.5 356924.0 0.0016738329940921483
6.5 233673.0 0.0020686915137055405
7.5 158925.0 0.0025084409961022677
8.5 113934.0 0.002962602108304189
9.5 81382.0 0.0035053857809587683
10.5 60643.0 0.004060781867554008
11.5 44813.0 0.004723870579320833
12.5 34155.0 0.005410941706196377
13.5 25818.0 0.006223557433771996
14.5 19812.0 0.0071045379809864355
15.5 15164.0 0.00812069336790406
16.5 11725.0 0.009235141930792203
17.5 9268.0 0.010387403147655365
18.5 7149.0 0.011827075016885142
19.5 5519.0 0.013460766879042041
20.5 4312.0 0.015228622596829316
21.5 3403.0 0.01714229740350895
22.5 2582.0 0.019679854401103796
23.5 2085.0 0.02190014399392014
24.5 1587.0 0.025102185616940248
25.5 1205.0 0.02880756009578387
26.5 931.0 0.032773676267223106
27.5 722.0 0.03721614637823934
28.5 567.0 0.0419960525565808
29.5 421.0 0.04873701788285793
30.5 342.0 0.05407380704358752
31.5 245.0 0.06388765649999399
32.5 160.0 0.07905694150420949
33.5 131.0 0.0873704056661038
34.5 98.0 0.10101525445522107
35.5 85.0 0.10846522890932808
36.5 61.0 0.12803687993289598
37.5 43.0 0.15249857033260467
38.5 36.0 0.16666666666666666
39.5 30.0 0.18257418583505536
40.5 19.0 0.22941573387056174
41.5 15.0 0.2581988897471611
42.5 8.0 0.35355339059327373
43.5 6.0 0.4082482904638631
44.5 5.0 0.4472135954999579
45.5 2.0 0.7071067811865475
46.5 1.0 1.0
47.5 1.0 1.0
48.5 4.0 0.5
49.5 0.0 inf
50.5 0.0 inf
51.5 0.0 inf
52.5 0.0 inf
53.5 0.0 inf
54.5 0.0 inf
55.5 0.0 inf
56.5 0.0 inf
57.5 0.0 inf
58.5 1.0 1.0
59.5 0.0 inf
60.5 0.0 inf
61.5 0.0 inf
62.5 0.0 inf
63.5 0.0 inf
64.5 0.0 inf
65.5 0.0 inf
66.5 0.0 inf
67.5 0.0 inf
68.5 0.0 inf
69.5 0.0 inf
70.5 0.0 inf
71.5 0.0 inf
72.5 0.0 inf
73.5 0.0 inf
74.5 0.0 inf
75.5 0.0 inf
76.5 0.0 inf
77.5 0.0 inf
78.5 0.0 inf
79.5 0.0 inf
80.5 0.0 inf
81.5 0.0 inf
82.5 0.0 inf
83.5 0.0 inf
84.5 0.0 inf
85.5 0.0 inf
86.5 0.0 inf
87.5 0.0 inf
88.5 0.0 inf
89.5 0.0 inf
90.5 0.0 inf
91.5 0.0 inf
92.5 0.0 inf
93.5 0.0 inf
94.5 0.0 inf
95.5 0.0 inf
96.5 0.0 inf
97.5 0.0 inf
