0.5 41.9536 0.00154388654881229
1.5 22.424799999999998 0.0021117169740189315
2.5 22.6504 0.0021011742121049043
3.5 20.902 0.0021872885438483716
4.5 18.427300000000002 0.002329534501036209
5.5 16.5519 0.002457967142709677
6.5 14.452000000000002 0.0026304861745561144
7.5 12.929 0.002781105937555019
8.5 11.6065 0.002935278828591366
9.5 10.1022 0.0031462412363587977
10.5 9.093599999999999 0.0033161340388305795
11.5 7.9899000000000004 0.0035377678271777185
12.5 7.0992999999999995 0.003753118142630595
13.5 6.192500000000001 0.004018527941260978
14.5 5.447800000000001 0.004284394196179152
15.5 4.7701 0.004578637471104369
16.5 4.2166999999999994 0.004869828287281629
17.5 3.6601 0.005227012328108673
18.5 3.1234 0.005658302960509023
19.5 2.6654999999999998 0.00612506436136601
20.5 2.3040000000000003 0.0065880784586841235
21.5 1.9595 0.0071437683959249395
22.5 1.6406999999999998 0.007807022139407276
23.5 1.3775 0.0085202864568461
24.5 1.1766999999999999 0.009218645683151883
25.5 0.9591000000000001 0.01021099478774288
26.5 0.7599 0.011471541425028297
27.5 0.6466000000000001 0.012436041133915634
28.5 0.5474 0.013515981960609363
29.5 0.44720000000000004 0.01495371511386448
30.5 0.3569 0.0167388927220441
31.5 0.2858 0.0187054813220765
32.5 0.2283 0.02092893090740305
33.5 0.1763 0.023816275411477045
34.5 0.1418 0.026555952586407233
35.5 0.117 0.029235267310234306
36.5 0.0922 0.03293324609693921
37.5 0.0732 0.03696106354772864
38.5 0.056900000000000006 0.04192218081503185
39.5 0.0426 0.04845015831115092
40.5 0.03 0.05773502691896257
41.5 0.0263 0.061662641597820735
42.5 0.019299999999999998 0.07198157507486945
43.5 0.0135 0.08606629658238704
44.5 0.0093 0.10369516947304253
45.5 0.008400000000000001 0.10910894511799617
46.5 0.0055 0.13483997249264842
47.5 0.0046 0.14744195615489714
48.5 0.0036 0.16666666666666666
49.5 0.0026 0.19611613513818404
50.5 0.0021 0.2182178902359924
51.5 0.0017000000000000001 0.24253562503633297
52.5 0.0009000000000000001 0.3333333333333333
53.5 0.0005 0.4472135954999579
54.5 0.0003 0.5773502691896258
55.5 0.0007999999999999999 0.3535533905932738
56.5 0.0 inf
57.5 0.0 inf
58.5 0.0002 0.7071067811865475
59.5 0.0001 1.0
60.5 0.0 inf
61.5 0.0002 0.7071067811865475
62.5 0.0 inf
63.5 0.0 inf
64.5 0.0 inf
65.5 0.0 inf
66.5 0.0 inf
67.5 0.0 inf
68.5 0.0 inf
69.5 0.0 inf
70.5 0.0 inf
71.5 0.0 inf
72.5 0.0 inf
73.5 0.0 inf
74.5 0.0 inf
75.5 0.0 inf
76.5 0.0 inf
77.5 0.0 inf
78.5 0.0 inf
79.5 0.0 inf
80.5 0.0 inf
81.5 0.0 inf
82.5 0.0 inf
83.5 0.0 inf
84.5 0.0 inf
85.5 0.0 inf
86.5 0.0 inf
87.5 0.0 inf
88.5 0.0 inf
89.5 0.0 inf
90.5 0.0 inf
91.5 0.0 inf
92.5 0.0 inf
93.5 0.0 inf
94.5 0.0 inf
95.5 0.0 inf
96.5 0.0 inf
97.5 0.0 inf
