0.5 38.7192 0.0016070774684587813
1.5 20.4499 0.002211334317126214
2.5 20.6826 0.002198859263849451
3.5 19.014499999999998 0.0022932824372973197
4.5 16.735300000000002 0.002444461766987973
5.5 15.0753 0.0025755324038935845
6.5 13.1903 0.0027534212724660578
7.5 11.749400000000001 0.0029173743170615783
8.5 10.4994 0.003086155176363711
9.5 9.183900000000001 0.0032997909483664894
10.5 8.2379 0.003484109069957788
11.5 7.2048000000000005 0.0037255383232972722
12.5 6.4053 0.003951211365327499
13.5 5.6812000000000005 0.004195463632110474
14.5 4.9651 0.004487825894258275
15.5 4.2938 0.004825908620142726
16.5 3.7872 0.005138553466485061
17.5 3.3242 0.00548474482969083
18.5 2.8213 0.00595354122972779
19.5 2.4038 0.006449868117669982
20.5 2.0399000000000003 0.007001572029400712
21.5 1.7739 0.0075081930933276215
22.5 1.4891999999999999 0.00819451937152662
23.5 1.2534999999999998 0.008931776164276818
24.5 1.0375 0.00981761387347632
25.5 0.8563000000000001 0.01080654902409244
26.5 0.7332 0.011678545896676292
27.5 0.5771 0.013163593509137896
28.5 0.49670000000000003 0.014189036961020857
29.5 0.40149999999999997 0.01578182506843426
30.5 0.322 0.017622684421256033
31.5 0.2622 0.019529164171612677
32.5 0.2091 0.02186870084203477
33.5 0.1558 0.025334729596906996
34.5 0.13040000000000002 0.027692438781085564
35.5 0.1059 0.030729254193150105
36.5 0.0786 0.03566881875032108
37.5 0.0626 0.039968038348871575
38.5 0.0523 0.04372694694466261
39.5 0.0404 0.04975185951049946
40.5 0.0288 0.05892556509887897
41.5 0.0222 0.06711560552140243
42.5 0.018099999999999998 0.07432941462471664
43.5 0.015300000000000001 0.08084520834544433
44.5 0.0085 0.10846522890932808
45.5 0.0079 0.11250879009260237
46.5 0.0063 0.1259881576697424
47.5 0.0038 0.16222142113076254
48.5 0.0034999999999999996 0.16903085094570333
49.5 0.0021999999999999997 0.21320071635561047
50.5 0.0024000000000000002 0.20412414523193148
51.5 0.0014 0.2672612419124244
52.5 0.0007999999999999999 0.3535533905932738
53.5 0.0007999999999999999 0.3535533905932738
54.5 0.0009 0.3333333333333333
55.5 0.0004 0.5
56.5 0.0006 0.4082482904638631
57.5 0.0001 1.0
58.5 0.0004 0.5
59.5 0.0 inf
60.5 0.0001 1.0
61.5 0.0 inf
62.5 0.0 inf
63.5 0.0 inf
64.5 0.0 inf
65.5 0.0001 1.0
66.5 0.0 inf
67.5 0.0 inf
68.5 0.0 inf
69.5 0.0 inf
70.5 0.0001 1.0
71.5 0.0 inf
72.5 0.0 inf
73.5 0.0 inf
74.5 0.0 inf
75.5 0.0 inf
76.5 0.0 inf
77.5 0.0 inf
78.5 0.0 inf
79.5 0.0 inf
80.5 0.0 inf
81.5 0.0 inf
82.5 0.0 inf
83.5 0.0 inf
84.5 0.0 inf
85.5 0.0 inf
86.5 0.0 inf
87.5 0.0 inf
88.5 0.0 inf
89.5 0.0 inf
90.5 0.0 inf
91.5 0.0 inf
92.5 0.0 inf
93.5 0.0 inf
94.5 0.0 inf
95.5 0.0 inf
96.5 0.0 inf
97.5 0.0 inf
