0.5 39.2518 0.0015961371700312008
1.5 20.7773 0.0021938424958492073
2.5 21.0619 0.0021789698788051573
3.5 19.3725 0.00227199392196999
4.5 16.9633 0.0024279784548557706
5.5 15.281600000000001 0.002558088622647627
6.5 13.4816 0.0027235119255549305
7.5 11.95 0.0028927842707018583
8.5 10.6841 0.0030593631258549726
9.5 9.3239 0.00327492377805949
10.5 8.373899999999999 0.003455700651313052
11.5 7.3404 0.003690966782695974
12.5 6.553 0.003906428826213441
13.5 5.7412 0.004173483125855133
14.5 5.0325 0.004457671986919932
15.5 4.396 0.004769481385251275
16.5 3.8842 0.005073985339268237
17.5 3.378 0.0054408929020284885
18.5 2.8508 0.005922657585728614
19.5 2.4535 0.0063842071295117505
20.5 2.1498 0.006820260623506669
21.5 1.7962 0.007461440050649736
22.5 1.5086 0.008141659742301079
23.5 1.2689 0.008877410474846125
24.5 1.0777 0.00963276706635933
25.5 0.8865000000000001 0.010620883131286103
26.5 0.7306 0.01169930777243805
27.5 0.5897 0.013022202248430044
28.5 0.5082 0.014027577269281081
29.5 0.4109 0.015600263334667653
30.5 0.32330000000000003 0.017587218033813176
31.5 0.26539999999999997 0.019411072904885092
32.5 0.2087 0.021889647878295008
33.5 0.1661 0.024536645240595824
34.5 0.1312 0.027607881518711633
35.5 0.09989999999999999 0.03163859985841663
36.5 0.08349999999999999 0.03460642701029914
37.5 0.06559999999999999 0.03904344047215152
38.5 0.052199999999999996 0.04376881095324085
39.5 0.0392 0.050507627227610534
40.5 0.031 0.05679618342470648
41.5 0.020999999999999998 0.06900655593423542
42.5 0.017 0.07669649888473704
43.5 0.0121 0.09090909090909091
44.5 0.0101 0.09950371902099892
45.5 0.0073 0.11704114719613057
46.5 0.0072 0.11785113019775793
47.5 0.0046 0.14744195615489714
48.5 0.0037999999999999996 0.16222142113076254
49.5 0.0021 0.2182178902359924
50.5 0.0016 0.25
51.5 0.0010999999999999998 0.3015113445777637
52.5 0.0006000000000000001 0.40824829046386296
53.5 0.0006 0.4082482904638631
54.5 0.0007999999999999999 0.3535533905932738
55.5 0.0 inf
56.5 0.0002 0.7071067811865475
57.5 0.0001 1.0
58.5 0.0001 1.0
59.5 0.0002 0.7071067811865475
60.5 0.0003 0.5773502691896258
61.5 0.0 inf
62.5 0.0001 1.0
63.5 0.0 inf
64.5 0.0 inf
65.5 0.0 inf
66.5 0.0 inf
67.5 0.0 inf
68.5 0.0 inf
69.5 0.0 inf
70.5 0.0 inf
71.5 0.0 inf
72.5 0.0 inf
73.5 0.0 inf
74.5 0.0 inf
75.5 0.0 inf
76.5 0.0 inf
77.5 0.0 inf
78.5 0.0 inf
79.5 0.0 inf
80.5 0.0 inf
81.5 0.0 inf
82.5 0.0 inf
83.5 0.0 inf
84.5 0.0 inf
85.5 0.0 inf
86.5 0.0 inf
87.5 0.0 inf
88.5 0.0 inf
89.5 0.0 inf
90.5 0.0 inf
91.5 0.0 inf
92.5 0.0 inf
93.5 0.0 inf
94.5 0.0 inf
95.5 0.0 inf
96.5 0.0 inf
97.5 0.0 inf
