0.5 59.6306 0.001294987005097227
1.5 32.5199 0.0017535792557368758
2.5 32.9481 0.001742147059721723
3.5 30.4482 0.001812254505696069
4.5 26.8804 0.001928777523556297
5.5 24.185200000000002 0.0020334109523701613
6.5 21.3511 0.0021641625262076567
7.5 19.0092 0.0022936021127659537
8.5 16.9589 0.002428293404892513
9.5 14.8179 0.002597805728913052
10.5 13.341000000000001 0.002737825775731995
11.5 11.740300000000001 0.0029185047380842905
12.5 10.5575 0.0030776516013980484
13.5 9.1402 0.003307669819528383
14.5 8.0567 0.0035230710664451914
15.5 6.9771 0.0037858423594508573
16.5 6.18 0.004022589933545648
17.5 5.4254999999999995 0.0042931900691089726
18.5 4.5855999999999995 0.004669839083853515
19.5 3.9363 0.005040294410178822
20.5 3.3916000000000004 0.005429973207492299
21.5 2.8864 0.0058860201168501386
22.5 2.4416 0.006399746063114223
23.5 2.0574 0.006971731168201762
24.5 1.7378 0.007585777559103601
25.5 1.4028999999999998 0.008442802739506894
26.5 1.1936 0.009153150324227656
27.5 0.9440999999999999 0.01029179201824064
28.5 0.8073 0.011129676054902962
29.5 0.6449 0.012452421468701413
30.5 0.5254 0.013796056546950987
31.5 0.41900000000000004 0.015448737310436523
32.5 0.3355 0.01726448936819622
33.5 0.2621 0.0195328893341018
34.5 0.2116 0.021739130434782608
35.5 0.16599999999999998 0.0245440346836908
36.5 0.1264 0.028127197523150592
37.5 0.1031 0.03114373299321498
38.5 0.08729999999999999 0.03384487217112064
39.5 0.0628 0.03990434422338111
40.5 0.046 0.04662524041201569
41.5 0.0368 0.05212860351426869
42.5 0.0303 0.0574484989621426
43.5 0.0232 0.06565321642986129
44.5 0.0156 0.08006407690254357
45.5 0.0106 0.09712858623572641
46.5 0.0077 0.11396057645963795
47.5 0.0074 0.11624763874381928
48.5 0.0051 0.14002800840280097
49.5 0.0039 0.16012815380508713
50.5 0.0027 0.19245008972987526
51.5 0.0027 0.19245008972987526
52.5 0.0016 0.25
53.5 0.0009 0.3333333333333333
54.5 0.0007 0.3779644730092272
55.5 0.0007 0.3779644730092272
56.5 0.0005 0.4472135954999579
57.5 0.0006 0.4082482904638631
58.5 0.0 inf
59.5 0.0002 0.7071067811865475
60.5 0.0001 1.0
61.5 0.00030000000000000003 0.5773502691896257
62.5 0.0001 1.0
63.5 0.0001 1.0
64.5 0.0002 0.7071067811865475
65.5 0.0 inf
66.5 0.0001 1.0
67.5 0.0 inf
68.5 0.0 inf
69.5 0.0 inf
70.5 0.0 inf
71.5 0.0 inf
72.5 0.0 inf
73.5 0.0 inf
74.5 0.0 inf
75.5 0.0 inf
76.5 0.0 inf
77.5 0.0 inf
78.5 0.0 inf
79.5 0.0 inf
80.5 0.0 inf
81.5 0.0 inf
82.5 0.0 inf
83.5 0.0 inf
84.5 0.0 inf
85.5 0.0 inf
86.5 0.0 inf
87.5 0.0 inf
88.5 0.0 inf
89.5 0.0 inf
90.5 0.0 inf
91.5 0.0 inf
92.5 0.0 inf
93.5 0.0 inf
94.5 0.0 inf
95.5 0.0 inf
96.5 0.0 inf
97.5 0.0 inf
