0.5 40.5691 0.0015700096195569093
1.5 21.5155 0.002155878485091635
2.5 21.802599999999998 0.002141636975901577
3.5 20.046799999999998 0.0022334563604613014
4.5 17.7224 0.002375410833138256
5.5 15.883199999999999 0.0025091752652486574
6.5 13.9571 0.002676716678030913
7.5 12.395 0.0028403818866129804
8.5 11.1419 0.002995852118347219
9.5 9.6799 0.0032141383346632104
10.5 8.7716 0.0033764520811226492
11.5 7.6317 0.0036198398350422464
12.5 6.7938 0.0038365743696447425
13.5 5.9867 0.004087015192847165
14.5 5.2625 0.004359171400267729
15.5 4.5481 0.004689051444332158
16.5 4.0296 0.004981602045910107
17.5 3.4634 0.005373393847163864
18.5 3.0204 0.005753972331331044
19.5 2.5875 0.006216698721602091
20.5 2.181 0.006771301741989034
21.5 1.8845 0.007284536590278214
22.5 1.5752 0.007967684860201742
23.5 1.3248 0.008688100585711449
24.5 1.1278000000000001 0.00941637953685998
25.5 0.9104000000000001 0.010480545203757963
26.5 0.7662 0.011424282299148578
27.5 0.6203000000000001 0.012696941230902418
28.5 0.5263 0.013784255517473736
29.5 0.4379 0.015111672305609227
30.5 0.345 0.017025130615174973
31.5 0.28200000000000003 0.018831089428867732
32.5 0.21350000000000002 0.021642182767490248
33.5 0.1747 0.023925088201495553
34.5 0.1384 0.026880166528523517
35.5 0.1112 0.02998800719520336
36.5 0.0886 0.03359565703416979
37.5 0.0659 0.03895446935658099
38.5 0.0536 0.04319342127906801
39.5 0.0407 0.04956815970966096
40.5 0.031 0.05679618342470648
41.5 0.0247 0.06362847629757777
42.5 0.015099999999999999 0.08137884587711594
43.5 0.010499999999999999 0.09759000729485333
44.5 0.0109 0.09578262852211514
45.5 0.0074 0.11624763874381928
46.5 0.0068000000000000005 0.12126781251816648
47.5 0.005 0.1414213562373095
48.5 0.0031999999999999997 0.1767766952966369
49.5 0.0025 0.2
50.5 0.0015 0.2581988897471611
51.5 0.0021 0.2182178902359924
52.5 0.00039999999999999996 0.5000000000000001
53.5 0.0002 0.7071067811865475
54.5 0.0005 0.4472135954999579
55.5 0.0005 0.4472135954999579
56.5 0.0002 0.7071067811865475
57.5 0.0 inf
58.5 0.0002 0.7071067811865475
59.5 0.0 inf
60.5 0.0003 0.5773502691896258
61.5 0.0003 0.5773502691896258
62.5 0.0 inf
63.5 0.0 inf
64.5 0.0 inf
65.5 0.0 inf
66.5 0.0 inf
67.5 0.0 inf
68.5 0.0 inf
69.5 0.0 inf
70.5 0.0 inf
71.5 0.0 inf
72.5 0.0 inf
73.5 0.0 inf
74.5 0.0 inf
75.5 0.0 inf
76.5 0.0 inf
77.5 0.0 inf
78.5 0.0 inf
79.5 0.0 inf
80.5 0.0 inf
81.5 0.0 inf
82.5 0.0 inf
83.5 0.0 inf
84.5 0.0 inf
85.5 0.0 inf
86.5 0.0 inf
87.5 0.0 inf
88.5 0.0 inf
89.5 0.0 inf
90.5 0.0 inf
91.5 0.0 inf
92.5 0.0 inf
93.5 0.0 inf
94.5 0.0 inf
95.5 0.0 inf
96.5 0.0 inf
97.5 0.0 inf
