0.5 22132.0 0.006721863193031414
1.5 11577.0 0.009293985345385577
2.5 11274.0 0.009418049848099172
3.5 9921.0 0.010039735588973565
4.5 8461.0 0.010871492046706063
5.5 7222.0 0.01176714914274736
6.5 6063.0 0.012842696396550068
7.5 5159.0 0.013922500304598205
8.5 4491.0 0.014922049367861507
9.5 3775.0 0.01627576917542319
10.5 3159.0 0.017792017089454125
11.5 2644.0 0.019447746039610348
12.5 2310.0 0.020806259464411975
13.5 1870.0 0.023124864503144014
14.5 1610.0 0.024922239313961342
15.5 1406.0 0.026669037353133248
16.5 1191.0 0.028976379389987237
17.5 1045.0 0.030934411244487297
18.5 813.0 0.03507153119159472
19.5 690.0 0.03806934938134405
20.5 579.0 0.04155858174616913
21.5 458.0 0.046726931351599776
22.5 349.0 0.05352877275721892
23.5 311.0 0.05670479771237427
24.5 233.0 0.06551217820804184
25.5 192.0 0.07216878364870323
26.5 174.0 0.07580980435789034
27.5 101.0 0.09950371902099892
28.5 103.0 0.09853292781642932
29.5 88.0 0.10660035817780521
30.5 51.0 0.14002800840280097
31.5 51.0 0.14002800840280097
32.5 38.0 0.16222142113076254
33.5 29.0 0.18569533817705186
34.5 15.0 0.2581988897471611
35.5 10.0 0.31622776601683794
36.5 15.0 0.2581988897471611
37.5 8.0 0.35355339059327373
38.5 9.0 0.3333333333333333
39.5 2.0 0.7071067811865475
40.5 3.0 0.5773502691896258
41.5 3.0 0.5773502691896258
42.5 2.0 0.7071067811865475
43.5 1.0 1.0
44.5 1.0 1.0
45.5 1.0 1.0
46.5 2.0 0.7071067811865475
47.5 0.0 inf
48.5 0.0 inf
49.5 0.0 inf
50.5 0.0 inf
51.5 1.0 1.0
52.5 0.0 inf
53.5 0.0 inf
54.5 0.0 inf
55.5 0.0 inf
56.5 0.0 inf
57.5 0.0 inf
58.5 0.0 inf
59.5 0.0 inf
60.5 0.0 inf
61.5 0.0 inf
62.5 0.0 inf
63.5 0.0 inf
64.5 0.0 inf
65.5 0.0 inf
66.5 0.0 inf
67.5 0.0 inf
68.5 0.0 inf
69.5 0.0 inf
70.5 0.0 inf
71.5 0.0 inf
72.5 0.0 inf
73.5 0.0 inf
74.5 0.0 inf
75.5 0.0 inf
76.5 0.0 inf
77.5 0.0 inf
78.5 0.0 inf
79.5 0.0 inf
80.5 0.0 inf
81.5 0.0 inf
82.5 0.0 inf
83.5 0.0 inf
84.5 0.0 inf
85.5 0.0 inf
86.5 0.0 inf
87.5 0.0 inf
88.5 0.0 inf
89.5 0.0 inf
90.5 0.0 inf
91.5 0.0 inf
92.5 0.0 inf
93.5 0.0 inf
94.5 0.0 inf
95.5 0.0 inf
96.5 0.0 inf
97.5 0.0 inf
