0.5 44.6059 0.0014972828383397001
1.5 23.813000000000002 0.0020492405640905437
2.5 24.2922 0.0020289277213440065
3.5 22.3029 0.002117480070232409
4.5 19.7074 0.0022526065066404955
5.5 17.7569 0.0023731021103720606
6.5 15.5336 0.0025372539728245975
7.5 13.8885 0.002683319139730673
8.5 12.3448 0.002846151218938549
9.5 10.875399999999999 0.0030323364077220567
10.5 9.6806 0.003214022126085849
11.5 8.549399999999999 0.003420047844067953
12.5 7.606 0.003625950236785164
13.5 6.6839 0.003867987199428119
14.5 5.9125 0.004112580605763324
15.5 5.1129 0.0044224848175113
16.5 4.5261 0.004700433658511672
17.5 3.8558 0.005092637345475094
18.5 3.35 0.005463583647081531
19.5 2.8424 0.005931402593782043
20.5 2.4767 0.006354235373587057
21.5 2.093 0.006912185518913238
22.5 1.771 0.007514337885441285
23.5 1.4950999999999999 0.008178334682770027
24.5 1.2674 0.008882662241475459
25.5 1.0394999999999999 0.009808164772274997
26.5 0.8474 0.010863149844574045
27.5 0.692 0.012021175920858627
28.5 0.5976999999999999 0.012934759914813772
29.5 0.4817 0.014408264645597368
30.5 0.37829999999999997 0.016258550689592158
31.5 0.31120000000000003 0.017925868484551865
32.5 0.23759999999999998 0.020515248496555453
33.5 0.18830000000000002 0.023044900641260895
34.5 0.1604 0.02496880847194612
35.5 0.1184 0.02906190968595482
36.5 0.09190000000000001 0.032986956237702106
37.5 0.079 0.035578403348241
38.5 0.0569 0.04192218081503185
39.5 0.0441 0.047619047619047616
40.5 0.0332 0.05488212999484517
41.5 0.026099999999999998 0.061898446059017294
42.5 0.0206 0.06967330142916177
43.5 0.014700000000000001 0.08247860988423225
44.5 0.013000000000000001 0.08770580193070293
45.5 0.0082 0.11043152607484653
46.5 0.0068000000000000005 0.12126781251816648
47.5 0.0053 0.13736056394868904
48.5 0.004399999999999999 0.15075567228888184
49.5 0.003 0.18257418583505536
50.5 0.0021000000000000003 0.21821789023599233
51.5 0.0021 0.2182178902359924
52.5 0.0012000000000000001 0.28867513459481287
53.5 0.0006000000000000001 0.40824829046386296
54.5 0.0005 0.4472135954999579
55.5 0.0007 0.3779644730092272
56.5 0.0002 0.7071067811865475
57.5 0.0002 0.7071067811865475
58.5 0.0001 1.0
59.5 0.0001 1.0
60.5 0.0001 1.0
61.5 0.0001 1.0
62.5 0.0 inf
63.5 0.0 inf
64.5 0.0 inf
65.5 0.0 inf
66.5 0.0 inf
67.5 0.0 inf
68.5 0.0 inf
69.5 0.0 inf
70.5 0.0 inf
71.5 0.0001 1.0
72.5 0.0 inf
73.5 0.0 inf
74.5 0.0 inf
75.5 0.0 inf
76.5 0.0 inf
77.5 0.0 inf
78.5 0.0 inf
79.5 0.0 inf
80.5 0.0 inf
81.5 0.0 inf
82.5 0.0 inf
83.5 0.0 inf
84.5 0.0 inf
85.5 0.0 inf
86.5 0.0 inf
87.5 0.0 inf
88.5 0.0 inf
89.5 0.0 inf
90.5 0.0 inf
91.5 0.0 inf
92.5 0.0 inf
93.5 0.0 inf
94.5 0.0 inf
95.5 0.0 inf
96.5 0.0 inf
97.5 0.0 inf
