0.5 1699.0 0.024260699053001704
1.5 1074.0 0.030513909884867668
2.5 1008.0 0.0314970394174356
3.5 946.0 0.03251280443811776
4.5 816.0 0.03500700210070024
5.5 718.0 0.0373196685431038
6.5 649.0 0.03925343359894298
7.5 582.0 0.041451333614483915
8.5 488.0 0.045267873021259265
9.5 427.0 0.048393391849582724
10.5 353.0 0.05322462954123495
11.5 303.0 0.0574484989621426
12.5 297.0 0.058025885318565944
13.5 236.0 0.06509445549041194
14.5 239.0 0.06468462273531508
15.5 179.0 0.07474350927519359
16.5 163.0 0.07832604499879574
17.5 141.0 0.0842151921066519
18.5 121.0 0.09090909090909091
19.5 82.0 0.11043152607484653
20.5 81.0 0.1111111111111111
21.5 54.0 0.13608276348795434
22.5 54.0 0.13608276348795434
23.5 42.0 0.1543033499620919
24.5 35.0 0.1690308509457033
25.5 38.0 0.16222142113076254
26.5 17.0 0.24253562503633297
27.5 10.0 0.31622776601683794
28.5 11.0 0.30151134457776363
29.5 13.0 0.2773500981126146
30.5 6.0 0.4082482904638631
31.5 5.0 0.4472135954999579
32.5 5.0 0.4472135954999579
33.5 3.0 0.5773502691896258
34.5 2.0 0.7071067811865475
35.5 1.0 1.0
36.5 1.0 1.0
37.5 0.0 inf
38.5 0.0 inf
39.5 2.0 0.7071067811865475
40.5 1.0 1.0
41.5 0.0 inf
42.5 0.0 inf
43.5 0.0 inf
44.5 0.0 inf
45.5 0.0 inf
46.5 0.0 inf
47.5 0.0 inf
48.5 0.0 inf
49.5 0.0 inf
50.5 0.0 inf
51.5 0.0 inf
52.5 0.0 inf
53.5 0.0 inf
54.5 0.0 inf
55.5 0.0 inf
56.5 0.0 inf
57.5 0.0 inf
58.5 0.0 inf
59.5 0.0 inf
60.5 0.0 inf
61.5 0.0 inf
62.5 0.0 inf
63.5 0.0 inf
64.5 0.0 inf
65.5 0.0 inf
66.5 0.0 inf
67.5 0.0 inf
68.5 0.0 inf
69.5 0.0 inf
70.5 0.0 inf
71.5 0.0 inf
72.5 0.0 inf
73.5 0.0 inf
74.5 0.0 inf
75.5 0.0 inf
76.5 0.0 inf
77.5 0.0 inf
78.5 0.0 inf
79.5 0.0 inf
80.5 0.0 inf
81.5 0.0 inf
82.5 0.0 inf
83.5 0.0 inf
84.5 0.0 inf
85.5 0.0 inf
86.5 0.0 inf
87.5 0.0 inf
88.5 0.0 inf
89.5 0.0 inf
90.5 0.0 inf
91.5 0.0 inf
92.5 0.0 inf
93.5 0.0 inf
94.5 0.0 inf
95.5 0.0 inf
96.5 0.0 inf
97.5 0.0 inf
