0.5 20026017.0 0.00022346150004108874
1.5 2948223.0 0.0005823979465277256
2.5 1701681.0 0.0007665860733210634
3.5 940180.0 0.0010313225073411104
4.5 545789.0 0.00135359147578084
5.5 345926.0 0.0017002328288229676
6.5 227183.0 0.00209803188871996
7.5 155966.0 0.0025321243693758096
8.5 111407.0 0.0029960134603517347
9.5 79773.0 0.003540560644723383
10.5 59207.0 0.004109731715812547
11.5 44054.0 0.004764390239590963
12.5 33348.0 0.005476020982925978
13.5 25586.0 0.006251709685645219
14.5 19559.0 0.007150339729649162
15.5 15052.0 0.008150849892673399
16.5 11805.0 0.009203796428632236
17.5 9211.0 0.01041949351864594
18.5 7063.0 0.011898861155004214
19.5 5511.0 0.013470533444360345
20.5 4270.0 0.015303334194570998
21.5 3365.0 0.017238817250844786
22.5 2494.0 0.020024043286581833
23.5 2089.0 0.021879166839686815
24.5 1534.0 0.02553214605940826
25.5 1212.0 0.0287242494810713
26.5 936.0 0.03268602252303067
27.5 689.0 0.03809696588797296
28.5 610.0 0.0404888165089458
29.5 429.0 0.04828045495852676
30.5 299.0 0.05783149319662402
31.5 244.0 0.06401843996644799
32.5 155.0 0.08032193289024989
33.5 120.0 0.09128709291752768
34.5 113.0 0.09407208683835973
35.5 99.0 0.10050378152592121
36.5 61.0 0.12803687993289598
37.5 36.0 0.16666666666666666
38.5 34.0 0.17149858514250882
39.5 30.0 0.18257418583505536
40.5 17.0 0.24253562503633297
41.5 14.0 0.2672612419124244
42.5 6.0 0.4082482904638631
43.5 7.0 0.3779644730092272
44.5 6.0 0.4082482904638631
45.5 2.0 0.7071067811865475
46.5 3.0 0.5773502691896258
47.5 4.0 0.5
48.5 0.0 inf
49.5 0.0 inf
50.5 0.0 inf
51.5 0.0 inf
52.5 1.0 1.0
53.5 0.0 inf
54.5 0.0 inf
55.5 0.0 inf
56.5 0.0 inf
57.5 0.0 inf
58.5 0.0 inf
59.5 0.0 inf
60.5 0.0 inf
61.5 0.0 inf
62.5 0.0 inf
63.5 0.0 inf
64.5 0.0 inf
65.5 0.0 inf
66.5 0.0 inf
67.5 0.0 inf
68.5 0.0 inf
69.5 0.0 inf
70.5 0.0 inf
71.5 0.0 inf
72.5 0.0 inf
73.5 0.0 inf
74.5 0.0 inf
75.5 0.0 inf
76.5 0.0 inf
77.5 0.0 inf
78.5 0.0 inf
79.5 0.0 inf
80.5 0.0 inf
81.5 0.0 inf
82.5 0.0 inf
83.5 0.0 inf
84.5 0.0 inf
85.5 0.0 inf
86.5 0.0 inf
87.5 0.0 inf
88.5 0.0 inf
89.5 0.0 inf
90.5 0.0 inf
91.5 0.0 inf
92.5 0.0 inf
93.5 0.0 inf
94.5 0.0 inf
95.5 0.0 inf
96.5 0.0 inf
97.5 0.0 inf
