0.5 39.733599999999996 0.001586430468842636
1.5 21.0649 0.0021788147120966805
2.5 21.3252 0.0021654763427408547
3.5 19.5782 0.0022600269586663616
4.5 17.3078 0.0024036933721638012
5.5 15.502500000000001 0.0025397977258648646
6.5 13.6198 0.0027096589677961373
7.5 12.1719 0.002866294512038544
8.5 10.8625 0.003034136432253532
9.5 9.45 0.003253000243161777
10.5 8.5192 0.003426104402885623
11.5 7.429600000000001 0.003668742947421703
12.5 6.6731 0.0038711159831382623
13.5 5.7867999999999995 0.004157007074541998
14.5 5.124 0.004417692058367185
15.5 4.4733 0.004728092751262234
16.5 3.9574 0.005026839572367443
17.5 3.4227 0.005405247474988724
18.5 2.9143999999999997 0.0058576770060042
19.5 2.4915 0.006335334559241807
20.5 2.1278 0.006855428374997326
21.5 1.8249 0.007402534913930061
22.5 1.5508 0.008030121266988958
23.5 1.3037 0.008758125562345233
24.5 1.0861 0.009595444396790566
25.5 0.8802 0.010658824656517988
26.5 0.7501 0.01154623566040508
27.5 0.6083000000000001 0.01282156657572937
28.5 0.5131 0.013960436343049089
29.5 0.4161 0.015502478656928756
30.5 0.33440000000000003 0.017292861596651866
31.5 0.26680000000000004 0.019360077316559157
32.5 0.2086 0.02189489404922193
33.5 0.17659999999999998 0.023796037813647447
34.5 0.1306 0.027671226645624276
35.5 0.1077 0.03047138176680026
36.5 0.0866 0.03398138330152924
37.5 0.061700000000000005 0.04025848411142373
38.5 0.0528 0.04351941398892446
39.5 0.0408 0.04950737714883371
40.5 0.0318 0.056077215409204434
41.5 0.0208 0.06933752452815364
42.5 0.0178 0.07495316889958614
43.5 0.0102 0.09901475429766741
44.5 0.0121 0.09090909090909091
45.5 0.0076 0.11470786693528087
46.5 0.006500000000000001 0.12403473458920847
47.5 0.0043 0.15249857033260467
48.5 0.0033 0.17407765595569785
49.5 0.0017000000000000001 0.24253562503633297
50.5 0.0018999999999999998 0.2294157338705618
51.5 0.0021000000000000003 0.21821789023599233
52.5 0.0004 0.5
53.5 0.00039999999999999996 0.5000000000000001
54.5 0.0004 0.5
55.5 0.00030000000000000003 0.5773502691896257
56.5 0.0001 1.0
57.5 0.0002 0.7071067811865475
58.5 0.0002 0.7071067811865475
59.5 0.0 inf
60.5 0.0 inf
61.5 0.0 inf
62.5 0.0 inf
63.5 0.0002 0.7071067811865475
64.5 0.0 inf
65.5 0.0 inf
66.5 0.0 inf
67.5 0.0 inf
68.5 0.0 inf
69.5 0.0 inf
70.5 0.0 inf
71.5 0.0 inf
72.5 0.0 inf
73.5 0.0 inf
74.5 0.0 inf
75.5 0.0 inf
76.5 0.0 inf
77.5 0.0 inf
78.5 0.0 inf
79.5 0.0 inf
80.5 0.0 inf
81.5 0.0 inf
82.5 0.0 inf
83.5 0.0 inf
84.5 0.0 inf
85.5 0.0 inf
86.5 0.0 inf
87.5 0.0 inf
88.5 0.0 inf
89.5 0.0 inf
90.5 0.0 inf
91.5 0.0 inf
92.5 0.0 inf
93.5 0.0 inf
94.5 0.0 inf
95.5 0.0 inf
96.5 0.0 inf
97.5 0.0 inf
