0.5 2000492.0 0.0007070198230959004
1.5 668955.0 0.0012226482988288274
2.5 504359.0 0.0014080890217964834
3.5 346911.0 0.001697817339244011
4.5 235258.0 0.002061711055205102
5.5 167376.0 0.002444293808164027
6.5 119186.0 0.0028965923387114425
7.5 87201.0 0.0033864078899722176
8.5 66308.0 0.0038834438987125496
9.5 49603.0 0.004489996766529993
10.5 38624.0 0.00508828438133316
11.5 28925.0 0.0058798103203785475
12.5 23042.0 0.006587792536393397
13.5 17932.0 0.0074676788878700415
14.5 13872.0 0.008490445135141555
15.5 10758.0 0.009641269661416076
16.5 8720.0 0.010708823421952984
17.5 6978.0 0.011971112645719177
18.5 5411.0 0.013594437206877093
19.5 4363.0 0.015139355722091897
20.5 3439.0 0.01705233720429863
21.5 2603.0 0.019600308903302492
22.5 2030.0 0.022194838080923766
23.5 1634.0 0.02473853479976467
24.5 1237.0 0.028432506701809173
25.5 1003.0 0.03157544889753363
26.5 722.0 0.03721614637823934
27.5 632.0 0.0397778642087865
28.5 514.0 0.04410810913912309
29.5 365.0 0.052342392259021375
30.5 264.0 0.06154574548966636
31.5 189.0 0.07273929674533079
32.5 145.0 0.08304547985373997
33.5 109.0 0.09578262852211514
34.5 94.0 0.10314212462587934
35.5 63.0 0.1259881576697424
36.5 48.0 0.14433756729740646
37.5 33.0 0.17407765595569785
38.5 26.0 0.19611613513818404
39.5 21.0 0.2182178902359924
40.5 16.0 0.25
41.5 11.0 0.30151134457776363
42.5 5.0 0.4472135954999579
43.5 9.0 0.3333333333333333
44.5 4.0 0.5
45.5 1.0 1.0
46.5 4.0 0.5
47.5 2.0 0.7071067811865475
48.5 2.0 0.7071067811865475
49.5 0.0 inf
50.5 0.0 inf
51.5 1.0 1.0
52.5 0.0 inf
53.5 0.0 inf
54.5 0.0 inf
55.5 0.0 inf
56.5 0.0 inf
57.5 0.0 inf
58.5 0.0 inf
59.5 0.0 inf
60.5 0.0 inf
61.5 0.0 inf
62.5 0.0 inf
63.5 0.0 inf
64.5 0.0 inf
65.5 0.0 inf
66.5 0.0 inf
67.5 0.0 inf
68.5 0.0 inf
69.5 0.0 inf
70.5 0.0 inf
71.5 0.0 inf
72.5 0.0 inf
73.5 0.0 inf
74.5 0.0 inf
75.5 0.0 inf
76.5 0.0 inf
77.5 0.0 inf
78.5 0.0 inf
79.5 0.0 inf
80.5 0.0 inf
81.5 0.0 inf
82.5 0.0 inf
83.5 0.0 inf
84.5 0.0 inf
85.5 0.0 inf
86.5 0.0 inf
87.5 0.0 inf
88.5 0.0 inf
89.5 0.0 inf
90.5 0.0 inf
91.5 0.0 inf
92.5 0.0 inf
93.5 0.0 inf
94.5 0.0 inf
95.5 0.0 inf
96.5 0.0 inf
97.5 0.0 inf
