0.5 39.5449 0.001590211021566597
1.5 20.943199999999997 0.002185136039660335
2.5 21.2483 0.002169391355576367
3.5 19.5078 0.0022641012933035023
4.5 17.162300000000002 0.002413860985273502
5.5 15.4376 0.0025451308085778094
6.5 13.511500000000002 0.0027204967863079495
7.5 12.096499999999999 0.002875213739653414
8.5 10.805399999999999 0.0030421426566299647
9.5 9.428 0.0032567934285999646
10.5 8.4407 0.003441999220132557
11.5 7.4231 0.003670348854057995
12.5 6.5939 0.003894294773045801
13.5 5.7299 0.004177596385323257
14.5 5.1387 0.0044113688071129665
15.5 4.4299 0.004751197007006814
16.5 3.8888 0.005070983482799216
17.5 3.3871 0.0054335790604280775
18.5 2.886 0.005886428004319313
19.5 2.4992 0.006325567492115719
20.5 2.1525999999999996 0.006815823444323804
21.5 1.8422 0.007367694523563825
22.5 1.5253 0.008096966917978113
23.5 1.2803 0.008837799145921671
24.5 1.0915 0.00957167909875708
25.5 0.8932 0.010580973892262122
26.5 0.7265 0.011732273826488664
27.5 0.5952 0.012961896184130316
28.5 0.518 0.01389425035941821
29.5 0.415 0.015523010514126658
30.5 0.3276 0.017471413945365305
31.5 0.27190000000000003 0.0191776503486336
32.5 0.2059 0.022037982136063
33.5 0.173 0.024042351841717255
34.5 0.1301 0.027724348650071385
35.5 0.1056 0.03077287274483318
36.5 0.0834 0.03462716805322218
37.5 0.063 0.03984095364447979
38.5 0.051000000000000004 0.044280744277004756
39.5 0.043 0.04822428221704121
40.5 0.032 0.05590169943749474
41.5 0.022600000000000002 0.06651901052377392
42.5 0.0182 0.07412493166611012
43.5 0.012400000000000001 0.08980265101338744
44.5 0.009899999999999999 0.10050378152592121
45.5 0.0059 0.13018891098082389
46.5 0.0051 0.14002800840280097
47.5 0.0057 0.13245323570650439
48.5 0.0026 0.19611613513818404
49.5 0.0018999999999999998 0.2294157338705618
50.5 0.0017000000000000001 0.24253562503633297
51.5 0.0025 0.2
52.5 0.0007 0.3779644730092272
53.5 0.0006000000000000001 0.40824829046386296
54.5 0.0007 0.3779644730092272
55.5 0.0 inf
56.5 0.0004 0.5
57.5 0.0 inf
58.5 0.0002 0.7071067811865475
59.5 0.0 inf
60.5 0.0 inf
61.5 0.0001 1.0
62.5 0.0 inf
63.5 0.0001 1.0
64.5 0.0001 1.0
65.5 0.0 inf
66.5 0.0 inf
67.5 0.0 inf
68.5 0.0 inf
69.5 0.0 inf
70.5 0.0 inf
71.5 0.0 inf
72.5 0.0 inf
73.5 0.0 inf
74.5 0.0 inf
75.5 0.0 inf
76.5 0.0 inf
77.5 0.0 inf
78.5 0.0 inf
79.5 0.0 inf
80.5 0.0 inf
81.5 0.0 inf
82.5 0.0 inf
83.5 0.0 inf
84.5 0.0 inf
85.5 0.0 inf
86.5 0.0 inf
87.5 0.0 inf
88.5 0.0 inf
89.5 0.0 inf
90.5 0.0 inf
91.5 0.0 inf
92.5 0.0 inf
93.5 0.0 inf
94.5 0.0 inf
95.5 0.0 inf
96.5 0.0 inf
97.5 0.0 inf
