0.5 38.5024
1.5 20.293599999999998
2.5 20.517699999999998
3.5 18.8432
4.5 16.6784
5.5 14.8773
6.5 13.1304
7.5 11.600000000000001
8.5 10.4817
9.5 9.0704
10.5 8.1394
11.5 7.1888000000000005
12.5 6.2835
13.5 5.4505
14.5 4.7417
15.5 4.0038
16.5 3.3258
17.5 2.7285000000000004
18.5 2.1587
19.5 1.6185999999999998
20.5 1.2374
21.5 0.8904
22.5 0.6203000000000001
23.5 0.4271
24.5 0.2758
25.5 0.1735
26.5 0.1137
27.5 0.0628
28.5 0.0388
29.5 0.020700000000000003
30.5 0.0102
31.5 0.0049
32.5 0.0031
33.5 0.0011
34.5 0.0005
35.5 0.0004
36.5 0.0
37.5 0.0002
38.5 0.0002
39.5 0.0
40.5 0.0
41.5 0.0
42.5 0.0
43.5 0.0
44.5 0.0
45.5 0.0
46.5 0.0
47.5 0.0
48.5 0.0
49.5 0.0
50.5 0.0
51.5 0.0
52.5 0.0
53.5 0.0
54.5 0.0
55.5 0.0
56.5 0.0
57.5 0.0
58.5 0.0
59.5 0.0
60.5 0.0
61.5 0.0
62.5 0.0
63.5 0.0
64.5 0.0
65.5 0.0
66.5 0.0
67.5 0.0
68.5 0.0
69.5 0.0
70.5 0.0
71.5 0.0
72.5 0.0
73.5 0.0
74.5 0.0
75.5 0.0
76.5 0.0
77.5 0.0
78.5 0.0
79.5 0.0
80.5 0.0
81.5 0.0
82.5 0.0
83.5 0.0
84.5 0.0
85.5 0.0
86.5 0.0
87.5 0.0
88.5 0.0
89.5 0.0
90.5 0.0
91.5 0.0
92.5 0.0
93.5 0.0
94.5 0.0
95.5 0.0
96.5 0.0
97.5 0.0
98.5 0.0
