0.5 38.525000000000006 0.0016111229210832158
1.5 20.329900000000002 0.002217851065571649
2.5 20.5781 0.002204435332884321
3.5 18.947 0.002297363794271613
4.5 16.6525 0.0024505314400529296
5.5 14.9836 0.0025834015432106665
6.5 13.1268 0.0027600729817106426
7.5 11.5916 0.0029371647463667695
8.5 10.467500000000001 0.003090854171260908
9.5 9.104099999999999 0.003314221194467168
10.5 8.1732 0.003497872191959941
11.5 7.1987 0.0037271164534801037
12.5 6.4114 0.003949331266987587
13.5 5.610799999999999 0.004221702307295783
14.5 4.9075 0.004514086177661889
15.5 4.2873 0.0048295655284043785
16.5 3.7377000000000002 0.005172467609187904
17.5 3.2953 0.005508743116240169
18.5 2.8080999999999996 0.005967517692056467
19.5 2.4177999999999997 0.006431167387914806
20.5 2.064 0.0069605755798713064
21.5 1.7434 0.00757358456777444
22.5 1.4954 0.008177514292416423
23.5 1.2444 0.008964374649555988
24.5 1.0481 0.00976784230266285
25.5 0.8471 0.010865073263571839
26.5 0.7129 0.011843653487339989
27.5 0.5663 0.013288523206886237
28.5 0.4951 0.014211945612807335
29.5 0.3967 0.015877016633223832
30.5 0.3201 0.01767490804100673
31.5 0.26480000000000004 0.01943305185841179
32.5 0.2027 0.02221125640747988
33.5 0.1612 0.024906774069335894
34.5 0.1253 0.02825039109405883
35.5 0.10830000000000001 0.0303868562731382
36.5 0.079 0.035578403348241
37.5 0.06559999999999999 0.03904344047215152
38.5 0.0542 0.04295367795875577
39.5 0.0372 0.05184758473652126
40.5 0.0271 0.0607456739230787
41.5 0.020200000000000003 0.07035975447302918
42.5 0.0199 0.07088812050083358
43.5 0.015300000000000001 0.08084520834544433
44.5 0.0097 0.10153461651336192
45.5 0.0058 0.13130643285972257
46.5 0.0053 0.13736056394868904
47.5 0.0045000000000000005 0.14907119849998599
48.5 0.003 0.18257418583505536
49.5 0.0021 0.2182178902359924
50.5 0.0018 0.23570226039551587
51.5 0.0009 0.3333333333333333
52.5 0.001 0.31622776601683794
53.5 0.0005 0.4472135954999579
54.5 0.0007999999999999999 0.3535533905932738
55.5 0.0005 0.4472135954999579
56.5 0.0002 0.7071067811865475
57.5 0.00030000000000000003 0.5773502691896257
58.5 0.0 inf
59.5 0.0 inf
60.5 0.0001 1.0
61.5 0.0 inf
62.5 0.0 inf
63.5 0.0001 1.0
64.5 0.0 inf
65.5 0.0 inf
66.5 0.0 inf
67.5 0.0 inf
68.5 0.0 inf
69.5 0.0 inf
70.5 0.0 inf
71.5 0.0 inf
72.5 0.0 inf
73.5 0.0 inf
74.5 0.0 inf
75.5 0.0 inf
76.5 0.0 inf
77.5 0.0 inf
78.5 0.0 inf
79.5 0.0 inf
80.5 0.0 inf
81.5 0.0 inf
82.5 0.0 inf
83.5 0.0 inf
84.5 0.0 inf
85.5 0.0 inf
86.5 0.0 inf
87.5 0.0 inf
88.5 0.0 inf
89.5 0.0 inf
90.5 0.0 inf
91.5 0.0 inf
92.5 0.0 inf
93.5 0.0 inf
94.5 0.0 inf
95.5 0.0 inf
96.5 0.0 inf
97.5 0.0 inf
