0.5 46.5255 0.0014660692185882837
1.5 24.919800000000002 0.0020032157391400717
2.5 25.348300000000002 0.001986211905685274
3.5 23.3506 0.002069431130109096
4.5 20.6182 0.0022022906044506436
5.5 18.4732 0.0023266386266005295
6.5 16.1524 0.002488178135726142
7.5 14.441600000000001 0.002631433165635635
8.5 12.8882 0.0027855045138573155
9.5 11.236699999999999 0.0029831878869958977
10.5 10.0562 0.003153428939880636
11.5 8.864 0.003358807593127869
12.5 7.8806 0.00356221688458285
13.5 6.8957999999999995 0.003808094099716193
14.5 6.1187000000000005 0.004042689810726016
15.5 5.2611 0.0043597513582629
16.5 4.6793 0.004622847373904132
17.5 4.0843 0.004948130930582982
18.5 3.4449 0.005387802782399033
19.5 2.9808000000000003 0.005792067057140965
20.5 2.5469 0.006266052846345526
21.5 2.1571 0.0068087103716177174
22.5 1.7912 0.007471846817472804
23.5 1.52 0.008111071056538128
24.5 1.2732 0.008862406881518398
25.5 1.0517 0.009751110166144314
26.5 0.8857999999999999 0.010625078858299792
27.5 0.7099 0.01186865243196471
28.5 0.6086 0.012818406089281685
29.5 0.4987 0.014160556328208415
30.5 0.3945 0.01592122559943443
31.5 0.3127 0.017882822232191637
32.5 0.25339999999999996 0.019865371663225287
33.5 0.2007 0.022321651006080835
34.5 0.1479 0.02600254837461719
35.5 0.12769999999999998 0.027983662310423867
36.5 0.09809999999999999 0.031927542840705044
37.5 0.07519999999999999 0.03646624787447364
38.5 0.0639 0.03955938860646178
39.5 0.0503 0.04458779620677098
40.5 0.036699999999999997 0.052199575097188054
41.5 0.026099999999999998 0.061898446059017294
42.5 0.020999999999999998 0.06900655593423542
43.5 0.016399999999999998 0.07808688094430304
44.5 0.0129 0.08804509063256238
45.5 0.0087 0.10721125348377948
46.5 0.0085 0.10846522890932808
47.5 0.0052 0.1386750490563073
48.5 0.0035 0.1690308509457033
49.5 0.0027 0.19245008972987526
50.5 0.0024000000000000002 0.20412414523193148
51.5 0.002 0.22360679774997896
52.5 0.0009 0.3333333333333333
53.5 0.0007 0.3779644730092272
54.5 0.0006000000000000001 0.40824829046386296
55.5 0.00030000000000000003 0.5773502691896257
56.5 0.00039999999999999996 0.5000000000000001
57.5 0.00030000000000000003 0.5773502691896257
58.5 0.0 inf
59.5 0.0 inf
60.5 0.0 inf
61.5 0.0001 1.0
62.5 0.0 inf
63.5 0.0001 1.0
64.5 0.0 inf
65.5 0.0 inf
66.5 0.0 inf
67.5 0.0 inf
68.5 0.0 inf
69.5 0.0 inf
70.5 0.0 inf
71.5 0.0 inf
72.5 0.0 inf
73.5 0.0 inf
74.5 0.0 inf
75.5 0.0 inf
76.5 0.0 inf
77.5 0.0 inf
78.5 0.0 inf
79.5 0.0 inf
80.5 0.0 inf
81.5 0.0 inf
82.5 0.0 inf
83.5 0.0 inf
84.5 0.0 inf
85.5 0.0 inf
86.5 0.0 inf
87.5 0.0 inf
88.5 0.0 inf
89.5 0.0 inf
90.5 0.0 inf
91.5 0.0 inf
92.5 0.0 inf
93.5 0.0 inf
94.5 0.0 inf
95.5 0.0 inf
96.5 0.0 inf
97.5 0.0 inf
