0.5 27444.0 0.006036376152129083
1.5 7809.0 0.011316243621521513
2.5 5576.0 0.013391789600139503
3.5 3535.0 0.01681919829838161
4.5 2446.0 0.020219563399637347
5.5 1696.0 0.024282146558931603
6.5 1138.0 0.02964345833643761
7.5 803.0 0.035289233662029275
8.5 615.0 0.04032389192727559
9.5 433.0 0.04805693313322127
10.5 370.0 0.05198752449100364
11.5 251.0 0.06311944030978031
12.5 200.0 0.07071067811865475
13.5 153.0 0.08084520834544433
14.5 104.0 0.09805806756909202
15.5 97.0 0.10153461651336192
16.5 67.0 0.12216944435630522
17.5 52.0 0.1386750490563073
18.5 35.0 0.1690308509457033
19.5 27.0 0.19245008972987526
20.5 21.0 0.2182178902359924
21.5 20.0 0.22360679774997896
22.5 7.0 0.3779644730092272
23.5 8.0 0.35355339059327373
24.5 4.0 0.5
25.5 3.0 0.5773502691896258
26.5 3.0 0.5773502691896258
27.5 1.0 1.0
28.5 2.0 0.7071067811865475
29.5 2.0 0.7071067811865475
30.5 1.0 1.0
31.5 0.0 inf
32.5 0.0 inf
33.5 0.0 inf
34.5 0.0 inf
35.5 0.0 inf
36.5 0.0 inf
37.5 0.0 inf
38.5 0.0 inf
39.5 0.0 inf
40.5 0.0 inf
41.5 0.0 inf
42.5 0.0 inf
43.5 0.0 inf
44.5 0.0 inf
45.5 0.0 inf
46.5 0.0 inf
47.5 0.0 inf
48.5 0.0 inf
49.5 0.0 inf
50.5 0.0 inf
51.5 0.0 inf
52.5 0.0 inf
53.5 0.0 inf
54.5 0.0 inf
55.5 0.0 inf
56.5 0.0 inf
57.5 0.0 inf
58.5 0.0 inf
59.5 0.0 inf
60.5 0.0 inf
61.5 0.0 inf
62.5 0.0 inf
63.5 0.0 inf
64.5 0.0 inf
65.5 0.0 inf
66.5 0.0 inf
67.5 0.0 inf
68.5 0.0 inf
69.5 0.0 inf
70.5 0.0 inf
71.5 0.0 inf
72.5 0.0 inf
73.5 0.0 inf
74.5 0.0 inf
75.5 0.0 inf
76.5 0.0 inf
77.5 0.0 inf
78.5 0.0 inf
79.5 0.0 inf
80.5 0.0 inf
81.5 0.0 inf
82.5 0.0 inf
83.5 0.0 inf
84.5 0.0 inf
85.5 0.0 inf
86.5 0.0 inf
87.5 0.0 inf
88.5 0.0 inf
89.5 0.0 inf
90.5 0.0 inf
91.5 0.0 inf
92.5 0.0 inf
93.5 0.0 inf
94.5 0.0 inf
95.5 0.0 inf
96.5 0.0 inf
97.5 0.0 inf
