0.5 39.8181 0.0015847462527381533
1.5 21.0966 0.002177177140363723
2.5 21.3609 0.002163666029667975
3.5 19.746699999999997 0.0022503638147842783
4.5 17.348300000000002 0.0024008859943748908
5.5 15.4822 0.002541462250430016
6.5 13.7187 0.002699874148299797
7.5 12.1561 0.002868156653150927
8.5 10.8342 0.0030380965798181875
9.5 9.4803 0.0032477976235118044
10.5 8.499099999999999 0.003430153304008782
11.5 7.4442 0.003665143505180977
12.5 6.683199999999999 0.0038681897610860724
13.5 5.85 0.004134491152973615
14.5 5.151199999999999 0.004406013200364827
15.5 4.474 0.0047277228591753795
16.5 3.9544 0.005028746013243171
17.5 3.4168000000000003 0.0054099122497710105
18.5 2.9484000000000004 0.005823804648455101
19.5 2.4945 0.006331523831342585
20.5 2.1285 0.006854301009605541
21.5 1.8466 0.007358911573840819
22.5 1.5309 0.008082144082814532
23.5 1.301 0.008767208837884009
24.5 1.0774 0.009634108085934684
25.5 0.8918999999999999 0.010588682299829932
26.5 0.7414000000000001 0.01161378305456124
27.5 0.6067 0.012838462075170039
28.5 0.5133 0.013957716335942309
29.5 0.4127 0.015566205714900918
30.5 0.3414 0.01711465865025371
31.5 0.2662 0.019381883305055494
32.5 0.2173 0.021452116007007204
33.5 0.1708 0.024196695924791362
34.5 0.13590000000000002 0.027126281959038646
35.5 0.1062 0.030685820596610777
36.5 0.0822 0.03487900532075779
37.5 0.0654 0.039103094350288754
38.5 0.0521 0.04381079543383235
39.5 0.0436 0.04789131426105757
40.5 0.0299 0.05783149319662402
41.5 0.0258 0.062257280636469035
42.5 0.0172 0.07624928516630233
43.5 0.012900000000000002 0.08804509063256237
44.5 0.0104 0.09805806756909202
45.5 0.0084 0.1091089451179962
46.5 0.006200000000000001 0.1270001270001905
47.5 0.0049 0.14285714285714285
48.5 0.0027 0.19245008972987526
49.5 0.002 0.22360679774997896
50.5 0.002 0.22360679774997896
51.5 0.0014 0.2672612419124244
52.5 0.0007 0.3779644730092272
53.5 0.0006000000000000001 0.40824829046386296
54.5 0.0008 0.35355339059327373
55.5 0.0002 0.7071067811865475
56.5 0.0004 0.5
57.5 0.0001 1.0
58.5 0.0001 1.0
59.5 0.0002 0.7071067811865475
60.5 0.0 inf
61.5 0.0001 1.0
62.5 0.0 inf
63.5 0.0002 0.7071067811865475
64.5 0.0 inf
65.5 0.0 inf
66.5 0.0 inf
67.5 0.0 inf
68.5 0.0 inf
69.5 0.0 inf
70.5 0.0 inf
71.5 0.0 inf
72.5 0.0 inf
73.5 0.0 inf
74.5 0.0 inf
75.5 0.0 inf
76.5 0.0 inf
77.5 0.0 inf
78.5 0.0 inf
79.5 0.0 inf
80.5 0.0 inf
81.5 0.0 inf
82.5 0.0 inf
83.5 0.0 inf
84.5 0.0 inf
85.5 0.0 inf
86.5 0.0 inf
87.5 0.0 inf
88.5 0.0 inf
89.5 0.0 inf
90.5 0.0 inf
91.5 0.0 inf
92.5 0.0 inf
93.5 0.0 inf
94.5 0.0 inf
95.5 0.0 inf
96.5 0.0 inf
97.5 0.0 inf
