0.5 38.5202 0.0016112232989255154
1.5 20.316699999999997 0.0022185714306021008
2.5 20.593 0.0022036376824683813
3.5 18.8855 0.0023011013981328937
4.5 16.677300000000002 0.002448708729250343
5.5 14.9912 0.002582746614293242
6.5 13.1069 0.0027621674746889685
7.5 11.6918 0.002924551753575071
8.5 10.400500000000001 0.003100793827312926
9.5 9.0954 0.003315805887423231
10.5 8.1558 0.003501601473494379
11.5 7.152200000000001 0.0037392127407794794
12.5 6.4084 0.003950255570051424
13.5 5.61 0.0042220033092074906
14.5 4.9374 0.004500397177577155
15.5 4.2765 0.0048356600470595935
16.5 3.7936 0.005134217133673492
17.5 3.2902 0.0055130108980259674
18.5 2.8001 0.005976036332690251
19.5 2.4053 0.0064478566615098565
20.5 2.0581 0.006970545456416095
21.5 1.7609 0.007535857079063114
22.5 1.4613 0.008272376798005621
23.5 1.2343 0.00900097665895412
24.5 1.0599 0.009713316809700386
25.5 0.8597999999999999 0.01078453140854025
26.5 0.7098 0.011869488458622455
27.5 0.5860000000000001 0.013063248606829104
28.5 0.4945 0.014220565008492751
29.5 0.4014 0.015783790793679277
30.5 0.30569999999999997 0.018086406211029225
31.5 0.248 0.02008048322256247
32.5 0.201 0.022304986837273527
33.5 0.1656 0.024573659359149524
34.5 0.1304 0.02769243878108557
35.5 0.1058 0.030743773095067282
36.5 0.078 0.03580574370197165
37.5 0.06620000000000001 0.03886610371682358
38.5 0.0489 0.045221563164613454
39.5 0.0349 0.05352877275721892
40.5 0.0309 0.05688801239885743
41.5 0.021400000000000002 0.06835859270246632
42.5 0.0182 0.07412493166611012
43.5 0.0126 0.0890870806374748
44.5 0.0092 0.10425720702853739
45.5 0.0071 0.11867816581938533
46.5 0.0057 0.13245323570650439
47.5 0.004699999999999999 0.14586499149789456
48.5 0.0034000000000000002 0.17149858514250882
49.5 0.0015999999999999999 0.25000000000000006
50.5 0.0019000000000000002 0.22941573387056174
51.5 0.0012000000000000001 0.28867513459481287
52.5 0.002 0.22360679774997896
53.5 0.0009 0.3333333333333333
54.5 0.00039999999999999996 0.5000000000000001
55.5 0.0004 0.5
56.5 0.0002 0.7071067811865475
57.5 0.0005 0.4472135954999579
58.5 0.0002 0.7071067811865475
59.5 0.0 inf
60.5 0.0 inf
61.5 0.0002 0.7071067811865475
62.5 0.0001 1.0
63.5 0.0 inf
64.5 0.0 inf
65.5 0.0001 1.0
66.5 0.0 inf
67.5 0.0 inf
68.5 0.0 inf
69.5 0.0 inf
70.5 0.0 inf
71.5 0.0 inf
72.5 0.0 inf
73.5 0.0 inf
74.5 0.0 inf
75.5 0.0 inf
76.5 0.0 inf
77.5 0.0 inf
78.5 0.0 inf
79.5 0.0 inf
80.5 0.0 inf
81.5 0.0 inf
82.5 0.0 inf
83.5 0.0 inf
84.5 0.0 inf
85.5 0.0 inf
86.5 0.0 inf
87.5 0.0 inf
88.5 0.0 inf
89.5 0.0 inf
90.5 0.0 inf
91.5 0.0 inf
92.5 0.0 inf
93.5 0.0 inf
94.5 0.0 inf
95.5 0.0 inf
96.5 0.0 inf
97.5 0.0 inf
