0.5 201382.0 0.0022283821714697686
1.5 25258.0 0.006292171054642846
2.5 14273.0 0.00837032588949748
3.5 7519.0 0.011532406908228411
4.5 4384.0 0.015103052333254425
5.5 2857.0 0.018708754658582804
6.5 1743.0 0.02395252523826518
7.5 1260.0 0.02817180849095055
8.5 912.0 0.033113308926626096
9.5 611.0 0.04045566970313674
10.5 448.0 0.0472455591261534
11.5 343.0 0.05399492471560388
12.5 265.0 0.06142951168339512
13.5 205.0 0.06984302957695782
14.5 151.0 0.08137884587711594
15.5 118.0 0.09205746178983235
16.5 100.0 0.1
17.5 66.0 0.12309149097933272
18.5 35.0 0.1690308509457033
19.5 31.0 0.1796053020267749
20.5 20.0 0.22360679774997896
21.5 22.0 0.21320071635561041
22.5 23.0 0.20851441405707477
23.5 6.0 0.4082482904638631
24.5 4.0 0.5
25.5 5.0 0.4472135954999579
26.5 2.0 0.7071067811865475
27.5 5.0 0.4472135954999579
28.5 1.0 1.0
29.5 1.0 1.0
30.5 0.0 inf
31.5 1.0 1.0
32.5 1.0 1.0
33.5 0.0 inf
34.5 0.0 inf
35.5 0.0 inf
36.5 0.0 inf
37.5 0.0 inf
38.5 0.0 inf
39.5 0.0 inf
40.5 0.0 inf
41.5 0.0 inf
42.5 0.0 inf
43.5 0.0 inf
44.5 0.0 inf
45.5 0.0 inf
46.5 0.0 inf
47.5 0.0 inf
48.5 0.0 inf
49.5 0.0 inf
50.5 0.0 inf
51.5 0.0 inf
52.5 0.0 inf
53.5 0.0 inf
54.5 0.0 inf
55.5 0.0 inf
56.5 0.0 inf
57.5 0.0 inf
58.5 0.0 inf
59.5 0.0 inf
60.5 0.0 inf
61.5 0.0 inf
62.5 0.0 inf
63.5 0.0 inf
64.5 0.0 inf
65.5 0.0 inf
66.5 0.0 inf
67.5 0.0 inf
68.5 0.0 inf
69.5 0.0 inf
70.5 0.0 inf
71.5 0.0 inf
72.5 0.0 inf
73.5 0.0 inf
74.5 0.0 inf
75.5 0.0 inf
76.5 0.0 inf
77.5 0.0 inf
78.5 0.0 inf
79.5 0.0 inf
80.5 0.0 inf
81.5 0.0 inf
82.5 0.0 inf
83.5 0.0 inf
84.5 0.0 inf
85.5 0.0 inf
86.5 0.0 inf
87.5 0.0 inf
88.5 0.0 inf
89.5 0.0 inf
90.5 0.0 inf
91.5 0.0 inf
92.5 0.0 inf
93.5 0.0 inf
94.5 0.0 inf
95.5 0.0 inf
96.5 0.0 inf
97.5 0.0 inf
