0.5 38.4777 0.0016121128803170332
1.5 20.2744 0.002220884610603708
2.5 20.629399999999997 0.0022016926955557114
3.5 18.8476 0.0023034138396169665
4.5 16.7074 0.0024465019418425733
5.5 14.8535 0.0025946907269186487
6.5 13.1358 0.0027591272869988324
7.5 11.6585 0.0029287254522011156
8.5 10.429 0.0030965540592572233
9.5 9.073 0.0033198965005200244
10.5 8.184000000000001 0.0034955634498413917
11.5 7.1598 0.003737227660041221
12.5 6.422700000000001 0.003945855541061288
13.5 5.5746 0.004235387443752233
14.5 4.9558 0.004492034823035778
15.5 4.2762 0.004835829668753074
16.5 3.8094 0.005123558641484205
17.5 3.2777000000000003 0.0055235132409866446
18.5 2.7971 0.005979240241099565
19.5 2.3696 0.006496246254184287
20.5 2.0784000000000002 0.006936420820223286
21.5 1.7508 0.007557562214769518
22.5 1.4593 0.008278043586447976
23.5 1.2328999999999999 0.009006085666996778
24.5 1.0524 0.00974786666912365
25.5 0.8511 0.010839511357170368
26.5 0.7116 0.011854466952761744
27.5 0.5751999999999999 0.013185316568747246
28.5 0.4931 0.014240738076707171
29.5 0.4002 0.01580743693546698
30.5 0.315 0.017817416127494958
31.5 0.2526 0.019896804232983473
32.5 0.20550000000000002 0.02205941986694528
33.5 0.1604 0.02496880847194612
34.5 0.12390000000000001 0.028409549486356805
35.5 0.10980000000000001 0.030178582014172842
36.5 0.0839 0.034523833987986266
37.5 0.06420000000000001 0.03946685189819291
38.5 0.0485 0.045407660918649985
39.5 0.038000000000000006 0.0512989176042577
40.5 0.0269 0.06097107608496923
41.5 0.025 0.06324555320336758
42.5 0.019200000000000002 0.07216878364870322
43.5 0.011 0.09534625892455924
44.5 0.0101 0.09950371902099892
45.5 0.007299999999999999 0.11704114719613057
46.5 0.0054 0.13608276348795434
47.5 0.0044 0.15075567228888181
48.5 0.0029 0.18569533817705186
49.5 0.0027 0.19245008972987526
50.5 0.002 0.22360679774997896
51.5 0.0012000000000000001 0.28867513459481287
52.5 0.0007999999999999999 0.3535533905932738
53.5 0.0010999999999999998 0.3015113445777637
54.5 0.0007 0.3779644730092272
55.5 0.0005 0.4472135954999579
56.5 0.00039999999999999996 0.5000000000000001
57.5 0.00030000000000000003 0.5773502691896257
58.5 0.0 inf
59.5 0.0 inf
60.5 0.0001 1.0
61.5 0.0 inf
62.5 0.0 inf
63.5 0.0 inf
64.5 0.0001 1.0
65.5 0.0 inf
66.5 0.0 inf
67.5 0.0 inf
68.5 0.0 inf
69.5 0.0 inf
70.5 0.0 inf
71.5 0.0 inf
72.5 0.0 inf
73.5 0.0 inf
74.5 0.0 inf
75.5 0.0 inf
76.5 0.0 inf
77.5 0.0 inf
78.5 0.0 inf
79.5 0.0 inf
80.5 0.0 inf
81.5 0.0 inf
82.5 0.0 inf
83.5 0.0 inf
84.5 0.0 inf
85.5 0.0 inf
86.5 0.0 inf
87.5 0.0 inf
88.5 0.0 inf
89.5 0.0 inf
90.5 0.0 inf
91.5 0.0 inf
92.5 0.0 inf
93.5 0.0 inf
94.5 0.0 inf
95.5 0.0 inf
96.5 0.0 inf
97.5 0.0 inf
