0.5 67.2056 0.0012198242662334047
1.5 36.4352 0.001656683020344074
2.5 37.014399999999995 0.0016436700548600192
3.5 33.8818 0.0017179746955941855
4.5 29.761400000000002 0.001833045822276817
5.5 26.683 0.0019358988948224487
6.5 23.3109 0.002071192569310741
7.5 20.668799999999997 0.0021995932008588752
8.5 18.4097 0.002330647773190661
9.5 16.0631 0.0024950848458359367
10.5 14.3533 0.002639514905959167
11.5 12.5201 0.002826155808178915
12.5 11.0606 0.003006842337808688
13.5 9.6709 0.003215633568717096
14.5 8.455 0.003439087249804544
15.5 7.396100000000001 0.003677042188474864
16.5 6.4559 0.0039356965189962165
17.5 5.5854 0.004231290663063944
18.5 4.7102 0.004607658949725474
19.5 4.057 0.00496475127653546
20.5 3.4637000000000002 0.00537316114036753
21.5 2.9360999999999997 0.005835990529782444
22.5 2.4557 0.006381346763263264
23.5 2.0568 0.006972747974328105
24.5 1.7479 0.00756382911996327
25.5 1.4106 0.00841972796971955
26.5 1.185 0.009186304243492507
27.5 0.9441999999999999 0.010291247003173229
28.5 0.8010999999999999 0.011172661321440834
29.5 0.6518999999999999 0.01238538495133269
30.5 0.5206 0.013859511338876257
31.5 0.4188 0.015452425680385325
32.5 0.3235 0.017581780649842196
33.5 0.2602 0.01960407493444558
34.5 0.2097 0.021837392736013945
35.5 0.1674 0.024441185836892216
36.5 0.1286 0.027885569326658022
37.5 0.1001 0.0316069770620507
38.5 0.07719999999999999 0.035990787537434725
39.5 0.06509999999999999 0.03919309008348103
40.5 0.0438 0.04778184825674966
41.5 0.038 0.051298917604257706
42.5 0.0304 0.057353933467640436
43.5 0.019799999999999998 0.07106690545187015
44.5 0.014 0.08451542547285165
45.5 0.011300000000000001 0.09407208683835973
46.5 0.0103 0.09853292781642932
47.5 0.0054 0.13608276348795434
48.5 0.005 0.1414213562373095
49.5 0.004699999999999999 0.14586499149789456
50.5 0.0031999999999999997 0.1767766952966369
51.5 0.0023 0.20851441405707477
52.5 0.0015 0.2581988897471611
53.5 0.0007999999999999999 0.3535533905932738
54.5 0.0004 0.5
55.5 0.0003 0.5773502691896258
56.5 0.0006000000000000001 0.40824829046386296
57.5 0.0005 0.4472135954999579
58.5 0.00030000000000000003 0.5773502691896257
59.5 0.0001 1.0
60.5 0.0 inf
61.5 0.0 inf
62.5 0.0001 1.0
63.5 0.0 inf
64.5 0.0 inf
65.5 0.0 inf
66.5 0.0 inf
67.5 0.0 inf
68.5 0.0 inf
69.5 0.0 inf
70.5 0.0 inf
71.5 0.0 inf
72.5 0.0 inf
73.5 0.0 inf
74.5 0.0 inf
75.5 0.0 inf
76.5 0.0 inf
77.5 0.0 inf
78.5 0.0 inf
79.5 0.0 inf
80.5 0.0 inf
81.5 0.0 inf
82.5 0.0 inf
83.5 0.0 inf
84.5 0.0 inf
85.5 0.0 inf
86.5 0.0 inf
87.5 0.0 inf
88.5 0.0 inf
89.5 0.0 inf
90.5 0.0 inf
91.5 0.0 inf
92.5 0.0 inf
93.5 0.0 inf
94.5 0.0 inf
95.5 0.0 inf
96.5 0.0 inf
97.5 0.0 inf
