0.5 39.296 0.0015952392527817372
1.5 20.813200000000002 0.002191949636099204
2.5 21.027 0.002180777424346075
3.5 19.4041 0.0022701431723425062
4.5 17.122 0.002416700064349715
5.5 15.3103 0.0025556898590089346
6.5 13.4342 0.002728312389834382
7.5 11.9859 0.002888448808399217
8.5 10.695599999999999 0.003057717956897037
9.5 9.368500000000001 0.003267119121391964
10.5 8.3985 0.003450635902958464
11.5 7.3187999999999995 0.0036964093515643535
12.5 6.5602 0.00390428453113629
13.5 5.737299999999999 0.004174901373034004
14.5 5.068099999999999 0.004441988320064704
15.5 4.3971 0.004768884769563329
16.5 3.8778 0.005078170717379912
17.5 3.3907 0.005430693803776242
18.5 2.8773999999999997 0.00589521814670918
19.5 2.4656000000000002 0.0063685225264083455
20.5 2.1028000000000002 0.006896059751692682
21.5 1.7862 0.007482297250308717
22.5 1.5218 0.008106272709944799
23.5 1.2767 0.008850250653710789
24.5 1.0772 0.009635002410196155
25.5 0.8806 0.010656403571953759
26.5 0.7264999999999999 0.011732273826488664
27.5 0.5947 0.012967343961525527
28.5 0.5033 0.01409569632468742
29.5 0.4133 0.015554902647418758
30.5 0.3245 0.017554669175502143
31.5 0.2713 0.019198845032223247
32.5 0.2067 0.021995293510729184
33.5 0.16799999999999998 0.024397501823713332
34.5 0.1271 0.02804963567266072
35.5 0.10300000000000001 0.03115884764248779
36.5 0.0821 0.0349002406379888
37.5 0.0655 0.03907323325822818
38.5 0.052500000000000005 0.04364357804719848
39.5 0.038400000000000004 0.05103103630798287
40.5 0.0293 0.0584206237836986
41.5 0.021400000000000002 0.06835859270246632
42.5 0.0174 0.07580980435789034
43.5 0.010700000000000001 0.09667364890456635
44.5 0.011099999999999999 0.0949157995752499
45.5 0.0068000000000000005 0.12126781251816648
46.5 0.0066 0.12309149097933272
47.5 0.0033 0.17407765595569785
48.5 0.0044 0.15075567228888181
49.5 0.0023 0.20851441405707477
50.5 0.0021 0.2182178902359924
51.5 0.0012 0.2886751345948129
52.5 0.0014 0.2672612419124244
53.5 0.0009 0.3333333333333333
54.5 0.00030000000000000003 0.5773502691896257
55.5 0.0002 0.7071067811865475
56.5 0.0 inf
57.5 0.0003 0.5773502691896258
58.5 0.0 inf
59.5 0.0 inf
60.5 0.0 inf
61.5 0.0 inf
62.5 0.0002 0.7071067811865475
63.5 0.0001 1.0
64.5 0.0 inf
65.5 0.0 inf
66.5 0.0 inf
67.5 0.0 inf
68.5 0.0 inf
69.5 0.0 inf
70.5 0.0 inf
71.5 0.0 inf
72.5 0.0 inf
73.5 0.0 inf
74.5 0.0 inf
75.5 0.0 inf
76.5 0.0 inf
77.5 0.0 inf
78.5 0.0 inf
79.5 0.0 inf
80.5 0.0 inf
81.5 0.0 inf
82.5 0.0 inf
83.5 0.0 inf
84.5 0.0 inf
85.5 0.0 inf
86.5 0.0 inf
87.5 0.0 inf
88.5 0.0 inf
89.5 0.0 inf
90.5 0.0 inf
91.5 0.0 inf
92.5 0.0 inf
93.5 0.0 inf
94.5 0.0 inf
95.5 0.0 inf
96.5 0.0 inf
97.5 0.0 inf
