0.5 38.5041 0.0016115601199911485
1.5 20.307100000000002 0.0022190957735458254
2.5 20.5945 0.0022035574300535593
3.5 18.916800000000002 0.0022991968928357813
4.5 16.6411 0.002451370665694546
5.5 14.9101 0.0025897612115876717
6.5 13.0962 0.0027632956323823394
7.5 11.701699999999999 0.002923314361198378
8.5 10.4219 0.003097608655378943
9.5 9.1486 0.0033061509637940033
10.5 8.177299999999999 0.0034969951864646243
11.5 7.1419 0.003741908103016119
12.5 6.3296 0.003974768754680584
13.5 5.6006 0.004225544911228313
14.5 4.9786 0.004481737156817115
15.5 4.2568 0.004846836581209847
16.5 3.7889999999999997 0.005137332762472948
17.5 3.2794 0.00552208139526238
18.5 2.7893 0.0059875945799489705
19.5 2.4031000000000002 0.0064508074416562726
20.5 2.0588 0.006969360349401764
21.5 1.7746 0.007506712124783881
22.5 1.4853999999999998 0.008204994423272311
23.5 1.2428 0.00897014323100855
24.5 1.0525 0.009747403576571587
25.5 0.8434999999999999 0.010888234270284593
26.5 0.7061999999999999 0.011899703582075611
27.5 0.5725 0.013216372009101795
28.5 0.4878 0.014317892652918591
29.5 0.3954 0.01590309552075113
30.5 0.3264 0.01750350105035012
31.5 0.2562 0.01975651949233999
32.5 0.21050000000000002 0.021795857001338646
33.5 0.1619 0.024852871573478333
34.5 0.127 0.028060676663315687
35.5 0.105 0.030860669992418384
36.5 0.079 0.035578403348241
37.5 0.0669 0.038662233651352955
38.5 0.05 0.044721359549995794
39.5 0.037500000000000006 0.051639777949432225
40.5 0.0282 0.05954913341754137
41.5 0.0219 0.06757373783994859
42.5 0.0182 0.07412493166611012
43.5 0.0122 0.09053574604251853
44.5 0.009000000000000001 0.10540925533894598
45.5 0.0069 0.1203858530857692
46.5 0.0056 0.1336306209562122
47.5 0.0055 0.13483997249264842
48.5 0.003 0.18257418583505536
49.5 0.0022 0.21320071635561041
50.5 0.001 0.31622776601683794
51.5 0.0014 0.2672612419124244
52.5 0.0005 0.4472135954999579
53.5 0.0007 0.3779644730092272
54.5 0.00030000000000000003 0.5773502691896257
55.5 0.0005 0.4472135954999579
56.5 0.0005 0.4472135954999579
57.5 0.0 inf
58.5 0.0 inf
59.5 0.0001 1.0
60.5 0.0 inf
61.5 0.0 inf
62.5 0.0 inf
63.5 0.0 inf
64.5 0.0 inf
65.5 0.0 inf
66.5 0.0 inf
67.5 0.0 inf
68.5 0.0 inf
69.5 0.0 inf
70.5 0.0 inf
71.5 0.0 inf
72.5 0.0 inf
73.5 0.0 inf
74.5 0.0 inf
75.5 0.0 inf
76.5 0.0 inf
77.5 0.0 inf
78.5 0.0 inf
79.5 0.0 inf
80.5 0.0 inf
81.5 0.0 inf
82.5 0.0 inf
83.5 0.0 inf
84.5 0.0 inf
85.5 0.0 inf
86.5 0.0 inf
87.5 0.0 inf
88.5 0.0 inf
89.5 0.0 inf
90.5 0.0 inf
91.5 0.0 inf
92.5 0.0 inf
93.5 0.0 inf
94.5 0.0 inf
95.5 0.0 inf
96.5 0.0 inf
97.5 0.0 inf
