0.5 38.4785 0.0016120961216465062
1.5 20.2561 0.002221887592746353
2.5 20.564799999999998 0.0022051480616987716
3.5 18.921 0.002298941695888124
4.5 16.668 0.00244939176907185
5.5 14.9388 0.0025872723276268513
6.5 13.1204 0.002760746067648211
7.5 11.6445 0.002930485503713467
8.5 10.4015 0.0031006447686022375
9.5 9.1192 0.003311476136029246
10.5 8.1721 0.0034981075984002667
11.5 7.1579999999999995 0.003737697525013013
12.5 6.3605 0.003965102070723452
13.5 5.5847 0.004231555834931448
14.5 4.9295 0.004504001894563755
15.5 4.2843 0.004831256138435649
16.5 3.7752 0.005146713791566344
17.5 3.2704 0.00552967444004761
18.5 2.8122 0.005963165983999986
19.5 2.3853999999999997 0.006474696153685684
20.5 2.0827 0.006929256557331165
21.5 1.7595 0.007538854550531677
22.5 1.4824000000000002 0.008213292636386628
23.5 1.2315 0.009011203384637463
24.5 1.042 0.009796391673838651
25.5 0.858 0.010795837927188261
26.5 0.6960999999999999 0.011985721524847668
27.5 0.5777 0.013156755870285523
28.5 0.5 0.01414213562373095
29.5 0.4037 0.015738764073941116
30.5 0.31420000000000003 0.017840084605017844
31.5 0.2566 0.019741114796436383
32.5 0.2025 0.022222222222222223
33.5 0.1656 0.024573659359149524
34.5 0.13119999999999998 0.02760788151871164
35.5 0.099 0.03178208630818641
36.5 0.07500000000000001 0.03651483716701107
37.5 0.0623 0.0400641540107502
38.5 0.0529 0.043478260869565216
39.5 0.039900000000000005 0.05006261743217588
40.5 0.0274 0.0604122093330177
41.5 0.0221 0.06726727939963124
42.5 0.019299999999999998 0.07198157507486945
43.5 0.0116 0.09284766908852593
44.5 0.0102 0.09901475429766741
45.5 0.0071 0.11867816581938533
46.5 0.005299999999999999 0.13736056394868904
47.5 0.004 0.15811388300841897
48.5 0.0026 0.19611613513818404
49.5 0.0021999999999999997 0.21320071635561047
50.5 0.0015999999999999999 0.25000000000000006
51.5 0.0013 0.2773500981126146
52.5 0.00030000000000000003 0.5773502691896257
53.5 0.0005 0.4472135954999579
54.5 0.00039999999999999996 0.5000000000000001
55.5 0.00039999999999999996 0.5000000000000001
56.5 0.00030000000000000003 0.5773502691896257
57.5 0.0001 1.0
58.5 0.0 inf
59.5 0.0 inf
60.5 0.0 inf
61.5 0.0 inf
62.5 0.0 inf
63.5 0.0 inf
64.5 0.0001 1.0
65.5 0.0 inf
66.5 0.0 inf
67.5 0.0 inf
68.5 0.0 inf
69.5 0.0 inf
70.5 0.0 inf
71.5 0.0 inf
72.5 0.0 inf
73.5 0.0 inf
74.5 0.0 inf
75.5 0.0 inf
76.5 0.0 inf
77.5 0.0 inf
78.5 0.0 inf
79.5 0.0 inf
80.5 0.0 inf
81.5 0.0 inf
82.5 0.0 inf
83.5 0.0 inf
84.5 0.0 inf
85.5 0.0 inf
86.5 0.0 inf
87.5 0.0 inf
88.5 0.0 inf
89.5 0.0 inf
90.5 0.0 inf
91.5 0.0 inf
92.5 0.0 inf
93.5 0.0 inf
94.5 0.0 inf
95.5 0.0 inf
96.5 0.0 inf
97.5 0.0 inf
