0.5 97058.0 0.0032098469937713713
1.5 17715.0 0.007513277362129894
2.5 10757.0 0.009641717790336879
3.5 6204.0 0.01269591790297564
4.5 3664.0 0.016520465011377244
5.5 2442.0 0.020236116462908824
6.5 1561.0 0.025310373177627687
7.5 1063.0 0.030671383606587218
8.5 833.0 0.03464794643376185
9.5 557.0 0.042371359860703575
10.5 442.0 0.047565149415449405
11.5 303.0 0.0574484989621426
12.5 281.0 0.05965499862718936
13.5 168.0 0.07715167498104596
14.5 131.0 0.0873704056661038
15.5 107.0 0.09667364890456635
16.5 68.0 0.12126781251816648
17.5 60.0 0.12909944487358055
18.5 58.0 0.13130643285972254
19.5 37.0 0.1643989873053573
20.5 32.0 0.17677669529663687
21.5 11.0 0.30151134457776363
22.5 16.0 0.25
23.5 9.0 0.3333333333333333
24.5 5.0 0.4472135954999579
25.5 4.0 0.5
26.5 5.0 0.4472135954999579
27.5 4.0 0.5
28.5 1.0 1.0
29.5 0.0 inf
30.5 0.0 inf
31.5 1.0 1.0
32.5 0.0 inf
33.5 0.0 inf
34.5 0.0 inf
35.5 0.0 inf
36.5 0.0 inf
37.5 0.0 inf
38.5 0.0 inf
39.5 0.0 inf
40.5 0.0 inf
41.5 0.0 inf
42.5 0.0 inf
43.5 0.0 inf
44.5 0.0 inf
45.5 0.0 inf
46.5 0.0 inf
47.5 0.0 inf
48.5 0.0 inf
49.5 0.0 inf
50.5 0.0 inf
51.5 0.0 inf
52.5 0.0 inf
53.5 0.0 inf
54.5 0.0 inf
55.5 0.0 inf
56.5 0.0 inf
57.5 0.0 inf
58.5 0.0 inf
59.5 0.0 inf
60.5 0.0 inf
61.5 0.0 inf
62.5 0.0 inf
63.5 0.0 inf
64.5 0.0 inf
65.5 0.0 inf
66.5 0.0 inf
67.5 0.0 inf
68.5 0.0 inf
69.5 0.0 inf
70.5 0.0 inf
71.5 0.0 inf
72.5 0.0 inf
73.5 0.0 inf
74.5 0.0 inf
75.5 0.0 inf
76.5 0.0 inf
77.5 0.0 inf
78.5 0.0 inf
79.5 0.0 inf
80.5 0.0 inf
81.5 0.0 inf
82.5 0.0 inf
83.5 0.0 inf
84.5 0.0 inf
85.5 0.0 inf
86.5 0.0 inf
87.5 0.0 inf
88.5 0.0 inf
89.5 0.0 inf
90.5 0.0 inf
91.5 0.0 inf
92.5 0.0 inf
93.5 0.0 inf
94.5 0.0 inf
95.5 0.0 inf
96.5 0.0 inf
97.5 0.0 inf
