0.5 162204.0 0.0024829571234797412
1.5 22952.0 0.006600696014083522
2.5 13188.0 0.008707841807677036
3.5 7272.0 0.011726625745504865
4.5 4186.0 0.015456116693379658
5.5 2700.0 0.019245008972987525
6.5 1757.0 0.02385690599332349
7.5 1218.0 0.02865341275306264
8.5 866.0 0.03398138330152924
9.5 580.0 0.041522739926869986
10.5 447.0 0.047298376984040214
11.5 367.0 0.052199575097188054
12.5 232.0 0.06565321642986127
13.5 194.0 0.07179581586177382
14.5 156.0 0.08006407690254357
15.5 124.0 0.08980265101338746
16.5 81.0 0.1111111111111111
17.5 77.0 0.11396057645963795
18.5 40.0 0.15811388300841897
19.5 33.0 0.17407765595569785
20.5 24.0 0.20412414523193154
21.5 17.0 0.24253562503633297
22.5 10.0 0.31622776601683794
23.5 13.0 0.2773500981126146
24.5 9.0 0.3333333333333333
25.5 3.0 0.5773502691896258
26.5 4.0 0.5
27.5 5.0 0.4472135954999579
28.5 2.0 0.7071067811865475
29.5 0.0 inf
30.5 0.0 inf
31.5 0.0 inf
32.5 0.0 inf
33.5 0.0 inf
34.5 0.0 inf
35.5 0.0 inf
36.5 0.0 inf
37.5 0.0 inf
38.5 0.0 inf
39.5 0.0 inf
40.5 0.0 inf
41.5 0.0 inf
42.5 0.0 inf
43.5 0.0 inf
44.5 0.0 inf
45.5 0.0 inf
46.5 0.0 inf
47.5 0.0 inf
48.5 0.0 inf
49.5 0.0 inf
50.5 0.0 inf
51.5 0.0 inf
52.5 0.0 inf
53.5 0.0 inf
54.5 0.0 inf
55.5 0.0 inf
56.5 0.0 inf
57.5 0.0 inf
58.5 0.0 inf
59.5 0.0 inf
60.5 0.0 inf
61.5 0.0 inf
62.5 0.0 inf
63.5 0.0 inf
64.5 0.0 inf
65.5 0.0 inf
66.5 0.0 inf
67.5 0.0 inf
68.5 0.0 inf
69.5 0.0 inf
70.5 0.0 inf
71.5 0.0 inf
72.5 0.0 inf
73.5 0.0 inf
74.5 0.0 inf
75.5 0.0 inf
76.5 0.0 inf
77.5 0.0 inf
78.5 0.0 inf
79.5 0.0 inf
80.5 0.0 inf
81.5 0.0 inf
82.5 0.0 inf
83.5 0.0 inf
84.5 0.0 inf
85.5 0.0 inf
86.5 0.0 inf
87.5 0.0 inf
88.5 0.0 inf
89.5 0.0 inf
90.5 0.0 inf
91.5 0.0 inf
92.5 0.0 inf
93.5 0.0 inf
94.5 0.0 inf
95.5 0.0 inf
96.5 0.0 inf
97.5 0.0 inf
