0.5 245939.0 0.0020164446182090027
1.5 27497.0 0.006030555839936288
2.5 15268.0 0.008092988520379088
3.5 7971.0 0.01120065951424887
4.5 4589.0 0.014761856225269075
5.5 2890.0 0.018601633295108114
6.5 1900.0 0.022941573387056175
7.5 1246.0 0.028329634983503674
8.5 906.0 0.03322277470925477
9.5 662.0 0.038866103716823586
10.5 474.0 0.04593152121746254
11.5 346.0 0.053760333057047034
12.5 282.0 0.05954913341754137
13.5 206.0 0.06967330142916177
14.5 129.0 0.08804509063256238
15.5 106.0 0.09712858623572641
16.5 87.0 0.10721125348377948
17.5 74.0 0.11624763874381928
18.5 50.0 0.1414213562373095
19.5 37.0 0.1643989873053573
20.5 34.0 0.17149858514250882
21.5 20.0 0.22360679774997896
22.5 11.0 0.30151134457776363
23.5 11.0 0.30151134457776363
24.5 2.0 0.7071067811865475
25.5 4.0 0.5
26.5 4.0 0.5
27.5 1.0 1.0
28.5 1.0 1.0
29.5 4.0 0.5
30.5 0.0 inf
31.5 1.0 1.0
32.5 0.0 inf
33.5 0.0 inf
34.5 0.0 inf
35.5 0.0 inf
36.5 0.0 inf
37.5 0.0 inf
38.5 0.0 inf
39.5 0.0 inf
40.5 0.0 inf
41.5 0.0 inf
42.5 0.0 inf
43.5 0.0 inf
44.5 0.0 inf
45.5 0.0 inf
46.5 0.0 inf
47.5 0.0 inf
48.5 0.0 inf
49.5 0.0 inf
50.5 0.0 inf
51.5 0.0 inf
52.5 0.0 inf
53.5 0.0 inf
54.5 0.0 inf
55.5 0.0 inf
56.5 0.0 inf
57.5 0.0 inf
58.5 0.0 inf
59.5 0.0 inf
60.5 0.0 inf
61.5 0.0 inf
62.5 0.0 inf
63.5 0.0 inf
64.5 0.0 inf
65.5 0.0 inf
66.5 0.0 inf
67.5 0.0 inf
68.5 0.0 inf
69.5 0.0 inf
70.5 0.0 inf
71.5 0.0 inf
72.5 0.0 inf
73.5 0.0 inf
74.5 0.0 inf
75.5 0.0 inf
76.5 0.0 inf
77.5 0.0 inf
78.5 0.0 inf
79.5 0.0 inf
80.5 0.0 inf
81.5 0.0 inf
82.5 0.0 inf
83.5 0.0 inf
84.5 0.0 inf
85.5 0.0 inf
86.5 0.0 inf
87.5 0.0 inf
88.5 0.0 inf
89.5 0.0 inf
90.5 0.0 inf
91.5 0.0 inf
92.5 0.0 inf
93.5 0.0 inf
94.5 0.0 inf
95.5 0.0 inf
96.5 0.0 inf
97.5 0.0 inf
