0.5 40.3202 0.0015748480650034466
1.5 21.4399 0.0021596761005173433
2.5 21.7594 0.0021437618700255886
3.5 19.9676 0.0022378813961629273
4.5 17.5562 0.0023866280477308484
5.5 15.7544 0.002519411260206469
6.5 13.906400000000001 0.0026815916301383066
7.5 12.3478 0.002845805449961817
8.5 11.022300000000001 0.0030120618561687465
9.5 9.6447 0.0032199982695733952
10.5 8.6281 0.0034044143701992898
11.5 7.5847 0.003631038018316308
12.5 6.8123000000000005 0.0038313613814644504
13.5 5.9337 0.004105227291328766
14.5 5.2165 0.004378349178820521
15.5 4.5166 0.004705374395303038
16.5 4.0046 0.004997127477313522
17.5 3.5181 0.005331456990650836
18.5 2.9566999999999997 0.0058156246590419765
19.5 2.5568999999999997 0.006253787619963126
20.5 2.2005 0.006741232618991747
21.5 1.871 0.007310769751261449
22.5 1.5588000000000002 0.008009488855536878
23.5 1.2995 0.008772267329797079
24.5 1.1094 0.00949414628985728
25.5 0.9074 0.01049785603183589
26.5 0.7433000000000001 0.01159893016402023
27.5 0.6020000000000001 0.012888481555661675
28.5 0.5185 0.013887549490757716
29.5 0.424 0.01535737792084878
30.5 0.33540000000000003 0.017267062892749263
31.5 0.2719 0.019177650348633602
32.5 0.2148 0.021576592600105155
33.5 0.1711 0.024175473851486187
34.5 0.1341 0.027307730683968016
35.5 0.10969999999999999 0.03019233393195842
36.5 0.0863 0.03404039587848988
37.5 0.066 0.03892494720807615
38.5 0.0537 0.04315318520021031
39.5 0.039099999999999996 0.05057217374241737
40.5 0.033299999999999996 0.0547996624351191
41.5 0.0238 0.06482037235521643
42.5 0.0199 0.07088812050083358
43.5 0.0149 0.08192319205190406
44.5 0.0085 0.10846522890932808
45.5 0.008199999999999999 0.11043152607484656
46.5 0.0060999999999999995 0.12803687993289598
47.5 0.0049 0.14285714285714285
48.5 0.0024 0.20412414523193154
49.5 0.0025 0.2
50.5 0.0013 0.2773500981126146
51.5 0.0018 0.23570226039551587
52.5 0.0013 0.2773500981126146
53.5 0.0005 0.4472135954999579
54.5 0.0001 1.0
55.5 0.00030000000000000003 0.5773502691896257
56.5 0.00030000000000000003 0.5773502691896257
57.5 0.00039999999999999996 0.5000000000000001
58.5 0.0001 1.0
59.5 0.0 inf
60.5 0.0 inf
61.5 0.0001 1.0
62.5 0.0 inf
63.5 0.0002 0.7071067811865475
64.5 0.0 inf
65.5 0.0 inf
66.5 0.0 inf
67.5 0.0 inf
68.5 0.0 inf
69.5 0.0 inf
70.5 0.0 inf
71.5 0.0 inf
72.5 0.0 inf
73.5 0.0 inf
74.5 0.0 inf
75.5 0.0 inf
76.5 0.0 inf
77.5 0.0 inf
78.5 0.0 inf
79.5 0.0 inf
80.5 0.0 inf
81.5 0.0 inf
82.5 0.0 inf
83.5 0.0 inf
84.5 0.0 inf
85.5 0.0 inf
86.5 0.0 inf
87.5 0.0 inf
88.5 0.0 inf
89.5 0.0 inf
90.5 0.0 inf
91.5 0.0 inf
92.5 0.0 inf
93.5 0.0 inf
94.5 0.0 inf
95.5 0.0 inf
96.5 0.0 inf
97.5 0.0 inf
