0.5 38.5156 0.0016113195119650588
1.5 20.2927 0.0022198829855042666
2.5 20.578699999999998 0.0022044031959942145
3.5 18.8554 0.0023029373584386877
4.5 16.6804 0.002448481176260481
5.5 14.883600000000001 0.0025920656994542586
6.5 13.155000000000001 0.0027571130495358622
7.5 11.671700000000001 0.002927068876361152
8.5 10.4156 0.0030985453265481864
9.5 9.115400000000001 0.0033121663031165966
10.5 8.1891 0.0034944747984579946
11.5 7.1494 0.003739944884090378
12.5 6.3914 0.003955505573907573
13.5 5.5565999999999995 0.004242241935117848
14.5 4.9282 0.0045045959062090645
15.5 4.277200000000001 0.0048352643325105076
16.5 3.7526 0.00516218854632985
17.5 3.2661 0.005533313302775433
18.5 2.8102 0.005965287578681977
19.5 2.4082999999999997 0.0064438393883769415
20.5 2.0595 0.0069681758466448385
21.5 1.7675 0.007521774144446015
22.5 1.4604 0.008274925412227222
23.5 1.2423000000000002 0.008971948197771492
24.5 1.04 0.009805806756909202
25.5 0.8466 0.010868281233544478
26.5 0.7253000000000001 0.01174197526736341
27.5 0.5739 0.013200241830645526
28.5 0.4977 0.014174775185418742
29.5 0.3976 0.01585903699238878
30.5 0.32530000000000003 0.017533070066522223
31.5 0.2625 0.019518001458970664
32.5 0.1993 0.02239991398449545
33.5 0.17020000000000002 0.024239308278185975
34.5 0.1271 0.02804963567266072
35.5 0.0995 0.031702131247412065
36.5 0.0766 0.036131468676496206
37.5 0.059800000000000006 0.04089304100547653
38.5 0.056 0.042257712736425826
39.5 0.0382 0.05116445100966508
40.5 0.0281 0.05965499862718936
41.5 0.022199999999999998 0.06711560552140243
42.5 0.0151 0.08137884587711594
43.5 0.012 0.09128709291752768
44.5 0.0092 0.10425720702853739
45.5 0.006699999999999999 0.12216944435630522
46.5 0.0068000000000000005 0.12126781251816648
47.5 0.0046 0.14744195615489714
48.5 0.0028 0.1889822365046136
49.5 0.0018999999999999998 0.2294157338705618
50.5 0.0013 0.2773500981126146
51.5 0.0021 0.2182178902359924
52.5 0.0010999999999999998 0.3015113445777637
53.5 0.0007 0.3779644730092272
54.5 0.00039999999999999996 0.5000000000000001
55.5 0.0001 1.0
56.5 0.0 inf
57.5 0.00030000000000000003 0.5773502691896257
58.5 0.0001 1.0
59.5 0.0 inf
60.5 0.0001 1.0
61.5 0.0001 1.0
62.5 0.0001 1.0
63.5 0.0 inf
64.5 0.0 inf
65.5 0.0 inf
66.5 0.0 inf
67.5 0.0 inf
68.5 0.0 inf
69.5 0.0 inf
70.5 0.0 inf
71.5 0.0 inf
72.5 0.0 inf
73.5 0.0 inf
74.5 0.0 inf
75.5 0.0 inf
76.5 0.0 inf
77.5 0.0 inf
78.5 0.0 inf
79.5 0.0 inf
80.5 0.0 inf
81.5 0.0 inf
82.5 0.0 inf
83.5 0.0 inf
84.5 0.0 inf
85.5 0.0 inf
86.5 0.0 inf
87.5 0.0 inf
88.5 0.0 inf
89.5 0.0 inf
90.5 0.0 inf
91.5 0.0 inf
92.5 0.0 inf
93.5 0.0 inf
94.5 0.0 inf
95.5 0.0 inf
96.5 0.0 inf
97.5 0.0 inf
