0.5 38.5888 0.001609790511630092
1.5 20.3382 0.0022173984679397032
2.5 20.6555 0.002200301241861428
3.5 18.8874 0.0023009856542344238
4.5 16.760199999999998 0.002442645269517852
5.5 14.8961 0.002590977910658869
6.5 13.1572 0.0027568825330776614
7.5 11.653 0.0029294165227309083
8.5 10.4856 0.0030881853385823954
9.5 9.1013 0.003314730962616992
10.5 8.1813 0.003496140206760034
11.5 7.1529 0.0037390297721262658
12.5 6.378 0.003959658597115049
13.5 5.6087 0.004222492574660969
14.5 4.9455 0.004496710173672246
15.5 4.3100000000000005 0.00481683050859088
16.5 3.7748 0.005146986472368229
17.5 3.2921 0.0055114197810359694
18.5 2.8129 0.005962423960480985
19.5 2.4283 0.006417248100141293
20.5 2.0865 0.006922943790822589
21.5 1.7666 0.007523689896385163
22.5 1.4745 0.008235265621967563
23.5 1.2443 0.008964734859897064
24.5 1.0377 0.009816667734229342
25.5 0.8753 0.010688617499098876
26.5 0.7244999999999999 0.011748456280837356
27.5 0.5832999999999999 0.013093447518004477
28.5 0.4929 0.014243626957572003
29.5 0.3993 0.015825241450517984
30.5 0.3186 0.017716466781757798
31.5 0.25949999999999995 0.01963049807622355
32.5 0.20529999999999998 0.02207016221959901
33.5 0.1595 0.02503915429180672
34.5 0.124 0.02839809171235324
35.5 0.1016 0.03137279025690793
36.5 0.0802 0.03531122757732244
37.5 0.0648 0.039283710065919304
38.5 0.0509 0.04432422071779363
39.5 0.0398 0.05012547071170855
40.5 0.0275 0.060302268915552716
41.5 0.022600000000000002 0.06651901052377392
42.5 0.017 0.07669649888473704
43.5 0.0131 0.0873704056661038
44.5 0.009399999999999999 0.10314212462587935
45.5 0.0075 0.11547005383792514
46.5 0.005299999999999999 0.13736056394868904
47.5 0.0036 0.16666666666666666
48.5 0.0034999999999999996 0.16903085094570333
49.5 0.0021999999999999997 0.21320071635561047
50.5 0.0016 0.25
51.5 0.0012 0.2886751345948129
52.5 0.0007 0.3779644730092272
53.5 0.00030000000000000003 0.5773502691896257
54.5 0.0004 0.5
55.5 0.00030000000000000003 0.5773502691896257
56.5 0.0001 1.0
57.5 0.0001 1.0
58.5 0.0002 0.7071067811865475
59.5 0.0002 0.7071067811865475
60.5 0.0 inf
61.5 0.0 inf
62.5 0.0002 0.7071067811865475
63.5 0.0001 1.0
64.5 0.0 inf
65.5 0.0 inf
66.5 0.0 inf
67.5 0.0001 1.0
68.5 0.0 inf
69.5 0.0 inf
70.5 0.0 inf
71.5 0.0 inf
72.5 0.0 inf
73.5 0.0 inf
74.5 0.0 inf
75.5 0.0 inf
76.5 0.0 inf
77.5 0.0 inf
78.5 0.0 inf
79.5 0.0 inf
80.5 0.0 inf
81.5 0.0 inf
82.5 0.0 inf
83.5 0.0 inf
84.5 0.0 inf
85.5 0.0 inf
86.5 0.0 inf
87.5 0.0 inf
88.5 0.0 inf
89.5 0.0 inf
90.5 0.0 inf
91.5 0.0 inf
92.5 0.0 inf
93.5 0.0 inf
94.5 0.0 inf
95.5 0.0 inf
96.5 0.0 inf
97.5 0.0 inf
