0.5 45.8448 0.0014769131548965266
1.5 24.3791 0.0020253084076992923
2.5 24.627699999999997 0.002015060420150018
3.5 22.5715 0.0021048433971891443
4.5 19.778100000000002 0.0022485767500043945
5.5 17.6495 0.0023803115103281634
6.5 15.4313 0.0025456502945537217
7.5 13.721900000000002 0.002699559319412028
8.5 12.1815 0.002865164854330491
9.5 10.6155 0.0030692323896587704
10.5 9.4787 0.003248071725283432
11.5 8.2167 0.003488600868969908
12.5 7.353400000000001 0.0036877027283868523
13.5 6.456300000000001 0.003935574599089152
14.5 5.6498 0.004207106081830226
15.5 4.845 0.004543108504242547
16.5 4.2916 0.004827145412791937
17.5 3.7022 0.005197207562949517
18.5 3.1909 0.005598135459621827
19.5 2.6715 0.006118182264404632
20.5 2.3171999999999997 0.00656928706476369
21.5 1.9718 0.007121452286267509
22.5 1.6844 0.007705084104919317
23.5 1.3894 0.008483720513250134
24.5 1.1467 0.009338456363079405
25.5 0.9584 0.010214723080567962
26.5 0.8121 0.011096735764960789
27.5 0.6414 0.012486350514609246
28.5 0.5453 0.013541982591169637
29.5 0.4488 0.014927035850663304
30.5 0.34709999999999996 0.01697355035627247
31.5 0.2912 0.01853123291652753
32.5 0.2259 0.02103981343659344
33.5 0.18 0.023570226039551584
34.5 0.1417 0.02656532141809275
35.5 0.1109 0.03002854067691021
36.5 0.086 0.034099716973523674
37.5 0.0731 0.036986336072765455
38.5 0.0523 0.04372694694466261
39.5 0.0444 0.04745789978762495
40.5 0.03 0.05773502691896257
41.5 0.0236 0.06509445549041194
42.5 0.021400000000000002 0.06835859270246632
43.5 0.0138 0.08512565307587486
44.5 0.0097 0.10153461651336192
45.5 0.0076 0.11470786693528087
46.5 0.0071 0.11867816581938533
47.5 0.0053 0.13736056394868904
48.5 0.003 0.18257418583505536
49.5 0.0031999999999999997 0.1767766952966369
50.5 0.001 0.31622776601683794
51.5 0.0018999999999999998 0.2294157338705618
52.5 0.0008 0.35355339059327373
53.5 0.0005 0.4472135954999579
54.5 0.0006 0.4082482904638631
55.5 0.0002 0.7071067811865475
56.5 0.0004 0.5
57.5 0.0001 1.0
58.5 0.0 inf
59.5 0.0 inf
60.5 0.0 inf
61.5 0.0 inf
62.5 0.0001 1.0
63.5 0.0001 1.0
64.5 0.0001 1.0
65.5 0.0 inf
66.5 0.0 inf
67.5 0.0 inf
68.5 0.0 inf
69.5 0.0 inf
70.5 0.0 inf
71.5 0.0 inf
72.5 0.0 inf
73.5 0.0 inf
74.5 0.0 inf
75.5 0.0 inf
76.5 0.0 inf
77.5 0.0 inf
78.5 0.0 inf
79.5 0.0 inf
80.5 0.0 inf
81.5 0.0 inf
82.5 0.0 inf
83.5 0.0 inf
84.5 0.0 inf
85.5 0.0 inf
86.5 0.0 inf
87.5 0.0 inf
88.5 0.0 inf
89.5 0.0 inf
90.5 0.0 inf
91.5 0.0 inf
92.5 0.0 inf
93.5 0.0 inf
94.5 0.0 inf
95.5 0.0 inf
96.5 0.0 inf
97.5 0.0 inf
