0.5 38.5273 0.001611074830015012
1.5 20.3768 0.00221529725102703
2.5 20.5367 0.002206656178356703
3.5 18.9563 0.002296800179420157
4.5 16.6877 0.002447945576155585
5.5 14.960899999999999 0.0025853606829423412
6.5 13.1364 0.0027590642752423414
7.5 11.6211 0.0029334344016676856
8.5 10.4652 0.0030911938004147626
9.5 9.1591 0.003304255333217076
10.5 8.2081 0.0034904279734752504
11.5 7.1653 0.003735793058695758
12.5 6.3841 0.003957766420460514
13.5 5.6026 0.004224790632485539
14.5 4.9503 0.004494529553953217
15.5 4.2529 0.004849058398218988
16.5 3.7711 0.0051495108261427535
17.5 3.2871 0.005515609892016497
18.5 2.7736 0.006004517095923291
19.5 2.4175 0.006431566413843314
20.5 2.0762 0.006940094860640894
21.5 1.7558 0.00754679369000044
22.5 1.4879 0.008198098425665244
23.5 1.2543 0.008928927339975256
24.5 1.0390000000000001 0.009810524489564584
25.5 0.8607 0.010778891454484931
26.5 0.718 0.011801515411874575
27.5 0.5646 0.013308513917229332
28.5 0.5001 0.014140721622265264
29.5 0.4054 0.015705730024402176
30.5 0.3304 0.017397225015980525
31.5 0.2587 0.01966082717592504
32.5 0.201 0.022304986837273527
33.5 0.1647 0.024640709031819093
34.5 0.1269 0.028071730702217294
35.5 0.1055 0.030787453590353963
36.5 0.079 0.035578403348241
37.5 0.0597 0.0409272754535029
38.5 0.0478 0.045738935374634825
39.5 0.0337 0.05447347107028433
40.5 0.0252 0.0629940788348712
41.5 0.0248 0.06350006350009525
42.5 0.017599999999999998 0.07537783614444092
43.5 0.0118 0.09205746178983235
44.5 0.0097 0.10153461651336192
45.5 0.0089 0.105999788000636
46.5 0.0054 0.13608276348795434
47.5 0.0042 0.1543033499620919
48.5 0.0028 0.1889822365046136
49.5 0.002 0.22360679774997896
50.5 0.0019 0.22941573387056174
51.5 0.0015 0.2581988897471611
52.5 0.0004 0.5
53.5 0.0009 0.3333333333333333
54.5 0.00030000000000000003 0.5773502691896257
55.5 0.00030000000000000003 0.5773502691896257
56.5 0.0002 0.7071067811865475
57.5 0.0001 1.0
58.5 0.0 inf
59.5 0.0001 1.0
60.5 0.0 inf
61.5 0.0001 1.0
62.5 0.0001 1.0
63.5 0.0 inf
64.5 0.0 inf
65.5 0.0 inf
66.5 0.0001 1.0
67.5 0.0 inf
68.5 0.0 inf
69.5 0.0 inf
70.5 0.0 inf
71.5 0.0 inf
72.5 0.0 inf
73.5 0.0 inf
74.5 0.0 inf
75.5 0.0 inf
76.5 0.0 inf
77.5 0.0 inf
78.5 0.0 inf
79.5 0.0 inf
80.5 0.0 inf
81.5 0.0 inf
82.5 0.0 inf
83.5 0.0 inf
84.5 0.0 inf
85.5 0.0 inf
86.5 0.0 inf
87.5 0.0 inf
88.5 0.0 inf
89.5 0.0 inf
90.5 0.0 inf
91.5 0.0 inf
92.5 0.0 inf
93.5 0.0 inf
94.5 0.0 inf
95.5 0.0 inf
96.5 0.0 inf
97.5 0.0 inf
