0.5 39.388400000000004 0.0015933670435296329
1.5 20.826999999999998 0.0021912233212823596
2.5 21.198 0.0021719636673481453
3.5 19.3654 0.002272410378086627
4.5 17.1738 0.0024130526595103597
5.5 15.3857 0.002549419891329074
6.5 13.457699999999999 0.002725929242811724
7.5 11.996 0.002887232591487181
8.5 10.6876 0.0030588621411748074
9.5 9.318200000000001 0.003275925270392674
10.5 8.455 0.003439087249804544
11.5 7.3424 0.0036904640563172686
12.5 6.562200000000001 0.0039036895200029237
13.5 5.7654 0.004164714913885678
14.5 5.0349 0.004456609434735855
15.5 4.3881 0.004773772759608878
16.5 3.9095 0.0050575407567515305
17.5 3.3467000000000002 0.005466276655667007
18.5 2.8753 0.005897370565323073
19.5 2.4816000000000003 0.00634795895148782
20.5 2.1358 0.006842577246675456
21.5 1.7936 0.007466846138618736
22.5 1.5352999999999999 0.008070554507707457
23.5 1.2629000000000001 0.008898473642247332
24.5 1.0862 0.009595002688760006
25.5 0.8802000000000001 0.010658824656517987
26.5 0.7262 0.011734696932189313
27.5 0.5804 0.013126117818567132
28.5 0.5006 0.014133657971481205
29.5 0.41000000000000003 0.015617376188860606
30.5 0.3233 0.017587218033813176
31.5 0.2637 0.019473541261232866
32.5 0.2148 0.021576592600105155
33.5 0.1631 0.024761275912089115
34.5 0.13169999999999998 0.027555424922739644
35.5 0.10930000000000001 0.030247530200945175
36.5 0.0817 0.03498557142706598
37.5 0.06459999999999999 0.03934447376823169
38.5 0.0552 0.04256282653793743
39.5 0.0394 0.05037927218598784
40.5 0.0286 0.05913123959890826
41.5 0.0208 0.06933752452815364
42.5 0.0176 0.07537783614444091
43.5 0.0136 0.08574929257125441
44.5 0.0101 0.09950371902099892
45.5 0.0062 0.1270001270001905
46.5 0.0049 0.14285714285714285
47.5 0.0034000000000000002 0.17149858514250882
48.5 0.0034000000000000002 0.17149858514250882
49.5 0.0024999999999999996 0.2
50.5 0.0018 0.23570226039551587
51.5 0.0015 0.2581988897471611
52.5 0.0009 0.3333333333333333
53.5 0.0012 0.2886751345948129
54.5 0.00039999999999999996 0.5000000000000001
55.5 0.0002 0.7071067811865475
56.5 0.00030000000000000003 0.5773502691896257
57.5 0.00030000000000000003 0.5773502691896257
58.5 0.00030000000000000003 0.5773502691896257
59.5 0.0 inf
60.5 0.0 inf
61.5 0.0 inf
62.5 0.0001 1.0
63.5 0.0 inf
64.5 0.0 inf
65.5 0.0 inf
66.5 0.0 inf
67.5 0.0 inf
68.5 0.0 inf
69.5 0.0 inf
70.5 0.0 inf
71.5 0.0 inf
72.5 0.0 inf
73.5 0.0 inf
74.5 0.0 inf
75.5 0.0 inf
76.5 0.0 inf
77.5 0.0 inf
78.5 0.0 inf
79.5 0.0 inf
80.5 0.0 inf
81.5 0.0 inf
82.5 0.0 inf
83.5 0.0 inf
84.5 0.0 inf
85.5 0.0 inf
86.5 0.0 inf
87.5 0.0 inf
88.5 0.0 inf
89.5 0.0 inf
90.5 0.0 inf
91.5 0.0 inf
92.5 0.0 inf
93.5 0.0 inf
94.5 0.0 inf
95.5 0.0 inf
96.5 0.0 inf
97.5 0.0 inf
