0.5 40.9669 0.0015623684095696024
1.5 21.745199999999997 0.002144461712990478
2.5 22.0569 0.002129255427250039
3.5 20.1941 0.0022252958025011536
4.5 17.814999999999998 0.002369229255167587
5.5 16.0246 0.0024980803383264664
6.5 14.0719 0.0026657758539766338
7.5 12.492 0.0028293326561043496
8.5 11.1374 0.0029964572853091857
9.5 9.715399999999999 0.003208260741685403
10.5 8.7031 0.0033897136573892727
11.5 7.6693999999999996 0.0036109319620635325
12.5 6.8239 0.0038281035160442766
13.5 5.9649 0.0040944768161506225
14.5 5.203 0.004384025656094656
15.5 4.566599999999999 0.004679543770465938
16.5 4.0313 0.004980551563871815
17.5 3.4873 0.005354949075144998
18.5 2.9791 0.005793719420218546
19.5 2.5495 0.006262856946535753
20.5 2.1898 0.00675768236101098
21.5 1.865 0.007322520259382124
22.5 1.5852 0.007942513618741933
23.5 1.3045 0.008755439638625752
24.5 1.0973 0.00954634906449224
25.5 0.9052 0.010510605295860623
26.5 0.7503 0.01154469667530522
27.5 0.6080000000000001 0.012824729401064425
28.5 0.5307 0.013726994389757951
29.5 0.4315 0.015223327833061406
30.5 0.3322 0.017350028237193935
31.5 0.26990000000000003 0.01924857385381332
32.5 0.2112 0.02175970699446223
33.5 0.1696 0.024282146558931603
34.5 0.1321 0.027513674254937545
35.5 0.1075 0.030499714066520935
36.5 0.0821 0.0349002406379888
37.5 0.0653 0.03913302400974161
38.5 0.0528 0.04351941398892446
39.5 0.0416 0.04902903378454601
40.5 0.0327 0.0553001263609331
41.5 0.0219 0.06757373783994859
42.5 0.0191 0.07235746052924216
43.5 0.0125 0.08944271909999159
44.5 0.0121 0.09090909090909091
45.5 0.0053 0.13736056394868904
46.5 0.0058 0.13130643285972257
47.5 0.004 0.15811388300841897
48.5 0.0029 0.18569533817705186
49.5 0.0031 0.1796053020267749
50.5 0.0017000000000000001 0.24253562503633297
51.5 0.0015 0.2581988897471611
52.5 0.0005 0.4472135954999579
53.5 0.00030000000000000003 0.5773502691896257
54.5 0.0007 0.3779644730092272
55.5 0.00039999999999999996 0.5000000000000001
56.5 0.00039999999999999996 0.5000000000000001
57.5 0.0001 1.0
58.5 0.0 inf
59.5 0.00039999999999999996 0.5000000000000001
60.5 0.0001 1.0
61.5 0.0 inf
62.5 0.0 inf
63.5 0.0 inf
64.5 0.0 inf
65.5 0.0 inf
66.5 0.0 inf
67.5 0.0 inf
68.5 0.0 inf
69.5 0.0 inf
70.5 0.0 inf
71.5 0.0 inf
72.5 0.0 inf
73.5 0.0 inf
74.5 0.0 inf
75.5 0.0 inf
76.5 0.0 inf
77.5 0.0 inf
78.5 0.0 inf
79.5 0.0 inf
80.5 0.0 inf
81.5 0.0 inf
82.5 0.0 inf
83.5 0.0 inf
84.5 0.0 inf
85.5 0.0 inf
86.5 0.0 inf
87.5 0.0 inf
88.5 0.0 inf
89.5 0.0 inf
90.5 0.0 inf
91.5 0.0 inf
92.5 0.0 inf
93.5 0.0 inf
94.5 0.0 inf
95.5 0.0 inf
96.5 0.0 inf
97.5 0.0 inf
