0.5 38.495400000000004 0.001611742216825672
1.5 20.2839 0.002220364472101054
2.5 20.538800000000002 0.002206543365134132
3.5 18.8833 0.00230123543920715
4.5 16.6176 0.0024531033725394323
5.5 14.9641 0.002585084234758817
6.5 13.1029 0.002762589054141006
7.5 11.7087 0.002922440384586804
8.5 10.3784 0.003104093521935795
9.5 9.099699999999999 0.0033150223643351293
10.5 8.1268 0.0035078435376157215
11.5 7.1523 0.003739186600755914
12.5 6.425 0.003945149215762359
13.5 5.6161 0.004219709794374517
14.5 4.9452 0.004496846567811339
15.5 4.2618 0.004843992560485683
16.5 3.7475 0.005165699982016261
17.5 3.2714999999999996 0.005528744720764002
18.5 2.7952 0.005981272050373888
19.5 2.3684 0.0064978917761224905
20.5 2.0461 0.006990956057291849
21.5 1.7642 0.00752880573326123
22.5 1.4844 0.008207757699012682
23.5 1.2428 0.00897014323100855
24.5 1.0422 0.00979545165640389
25.5 0.8535 0.010824260542220963
26.5 0.7094 0.011872834332813964
27.5 0.5809 0.013120467558816476
28.5 0.49929999999999997 0.014152045525279001
29.5 0.4008 0.015795600590164088
30.5 0.3144 0.01783440937516054
31.5 0.2606 0.019589023819033338
32.5 0.1995 0.022388683141982252
33.5 0.15810000000000002 0.025149772741392844
34.5 0.1253 0.02825039109405883
35.5 0.1043 0.030964056111131625
36.5 0.0775 0.03592106040535498
37.5 0.060399999999999995 0.04068942293855797
38.5 0.052199999999999996 0.04376881095324085
39.5 0.0402 0.049875466805381644
40.5 0.03 0.05773502691896257
41.5 0.0208 0.06933752452815364
42.5 0.0183 0.07392212709545729
43.5 0.013500000000000002 0.08606629658238703
44.5 0.0101 0.09950371902099892
45.5 0.008400000000000001 0.10910894511799617
46.5 0.0045000000000000005 0.14907119849998599
47.5 0.0039 0.16012815380508713
48.5 0.0037 0.1643989873053573
49.5 0.0023 0.20851441405707477
50.5 0.0021 0.2182178902359924
51.5 0.0012000000000000001 0.28867513459481287
52.5 0.0007 0.3779644730092272
53.5 0.0013 0.2773500981126146
54.5 0.00030000000000000003 0.5773502691896257
55.5 0.0002 0.7071067811865475
56.5 0.0001 1.0
57.5 0.0001 1.0
58.5 0.0 inf
59.5 0.0001 1.0
60.5 0.0 inf
61.5 0.0 inf
62.5 0.0 inf
63.5 0.0 inf
64.5 0.0 inf
65.5 0.0 inf
66.5 0.0 inf
67.5 0.0 inf
68.5 0.0 inf
69.5 0.0 inf
70.5 0.0 inf
71.5 0.0 inf
72.5 0.0 inf
73.5 0.0 inf
74.5 0.0 inf
75.5 0.0 inf
76.5 0.0 inf
77.5 0.0 inf
78.5 0.0 inf
79.5 0.0 inf
80.5 0.0 inf
81.5 0.0 inf
82.5 0.0 inf
83.5 0.0 inf
84.5 0.0 inf
85.5 0.0 inf
86.5 0.0 inf
87.5 0.0 inf
88.5 0.0 inf
89.5 0.0 inf
90.5 0.0 inf
91.5 0.0 inf
92.5 0.0 inf
93.5 0.0 inf
94.5 0.0 inf
95.5 0.0 inf
96.5 0.0 inf
97.5 0.0 inf
