0.5 38.483900000000006 0.0016119830142891764
1.5 20.2937 0.002219828290935678
2.5 20.5848 0.0022040765507064897
3.5 18.894 0.0023005837321486648
4.5 16.6032 0.0024541669335573354
5.5 14.9254 0.0025884334915198632
6.5 13.117799999999999 0.0027610196495040516
7.5 11.6389 0.0029311904133402875
8.5 10.4237 0.0030973411910280896
9.5 9.0771 0.0033191466402651367
10.5 8.2081 0.0034904279734752504
11.5 7.1584 0.0037375930952594197
12.5 6.3718 0.003961584576761059
13.5 5.5717 0.0042364895333985506
14.5 4.9295 0.004504001894563755
15.5 4.3064 0.004818843439033135
16.5 3.7649 0.005153749163639185
17.5 3.294 0.005509830040894052
18.5 2.7802 0.00599738570962172
19.5 2.4198000000000004 0.006428509111693308
20.5 2.058 0.006970714806775237
21.5 1.763 0.007531367568213134
22.5 1.4708999999999999 0.008245337291799786
23.5 1.2452999999999999 0.008961134709211786
24.5 1.0251000000000001 0.009876814182432662
25.5 0.8547 0.010816659234722938
26.5 0.7125 0.011846977555181847
27.5 0.5859 0.013064363361160342
28.5 0.4922 0.014253751903120991
29.5 0.39690000000000003 0.015873015873015872
30.5 0.32120000000000004 0.017644616831014634
31.5 0.264 0.019462473604038074
32.5 0.19740000000000002 0.022507456830317185
33.5 0.1658 0.024558833620630074
34.5 0.1253 0.02825039109405883
35.5 0.1046 0.030919620705155318
36.5 0.0827 0.03477340712103605
37.5 0.0646 0.039344473768231684
38.5 0.0495 0.044946657497549475
39.5 0.0388 0.05076730825668096
40.5 0.0306 0.05716619504750295
41.5 0.0218 0.06772854614785964
42.5 0.0181 0.07432941462471662
43.5 0.0141 0.0842151921066519
44.5 0.0098 0.10101525445522107
45.5 0.0072 0.11785113019775793
46.5 0.0065 0.12403473458920847
47.5 0.004399999999999999 0.15075567228888184
48.5 0.0037 0.1643989873053573
49.5 0.0023 0.20851441405707477
50.5 0.0006 0.4082482904638631
51.5 0.0007999999999999999 0.3535533905932738
52.5 0.0005 0.4472135954999579
53.5 0.0009 0.3333333333333333
54.5 0.0007999999999999999 0.3535533905932738
55.5 0.00030000000000000003 0.5773502691896257
56.5 0.00030000000000000003 0.5773502691896257
57.5 0.00030000000000000003 0.5773502691896257
58.5 0.0001 1.0
59.5 0.0 inf
60.5 0.0002 0.7071067811865475
61.5 0.0 inf
62.5 0.0 inf
63.5 0.0 inf
64.5 0.0 inf
65.5 0.0 inf
66.5 0.0 inf
67.5 0.0 inf
68.5 0.0 inf
69.5 0.0 inf
70.5 0.0 inf
71.5 0.0 inf
72.5 0.0 inf
73.5 0.0 inf
74.5 0.0 inf
75.5 0.0 inf
76.5 0.0 inf
77.5 0.0 inf
78.5 0.0 inf
79.5 0.0 inf
80.5 0.0 inf
81.5 0.0 inf
82.5 0.0 inf
83.5 0.0 inf
84.5 0.0 inf
85.5 0.0 inf
86.5 0.0 inf
87.5 0.0 inf
88.5 0.0 inf
89.5 0.0 inf
90.5 0.0 inf
91.5 0.0 inf
92.5 0.0 inf
93.5 0.0 inf
94.5 0.0 inf
95.5 0.0 inf
96.5 0.0 inf
97.5 0.0 inf
