0.5 38.5489 0.0016106234021865647
1.5 20.3524 0.002216624786399881
2.5 20.6119 0.0022026271423436733
3.5 18.892699999999998 0.0023006628819632834
4.5 16.717 0.002445799369865799
5.5 14.962299999999999 0.0025852397259494998
6.5 13.135100000000001 0.0027592008061714897
7.5 11.6842 0.0029255027378176594
8.5 10.4056 0.0031000338525545056
9.5 9.1561 0.0033047966092053334
10.5 8.191 0.0034940694824288385
11.5 7.1674 0.0037352457374807686
12.5 6.4369 0.003941500798527942
13.5 5.595000000000001 0.0042276590429007575
14.5 4.9448 0.00449702844597145
15.5 4.2777 0.004834981738731519
16.5 3.7952000000000004 0.005133134764707386
17.5 3.2725999999999997 0.005527815470271494
18.5 2.7984 0.0059778512482351305
19.5 2.4013 0.0064532247319243115
20.5 2.055 0.0069758010641515576
21.5 1.7558 0.00754679369000044
22.5 1.4874 0.008199476234186705
23.5 1.2521 0.008936768174978337
24.5 1.0301 0.009852814501285315
25.5 0.8711 0.010714354045843187
26.5 0.7209 0.011777754222292887
27.5 0.5814 0.013114824589410563
28.5 0.4973 0.014180474733371392
29.5 0.39749999999999996 0.015861031714362882
30.5 0.32010000000000005 0.01767490804100673
31.5 0.25529999999999997 0.01979131233319198
32.5 0.1989 0.02242242646654375
33.5 0.1583 0.02513388030837367
34.5 0.1296 0.027777777777777776
35.5 0.10339999999999999 0.031098520678556146
36.5 0.0784 0.03571428571428571
37.5 0.0638 0.03959037912324479
38.5 0.051 0.04428074427700476
39.5 0.0374 0.051708768999501914
40.5 0.0323 0.055641488407465724
41.5 0.0232 0.06565321642986129
42.5 0.0183 0.07392212709545729
43.5 0.0104 0.09805806756909202
44.5 0.0094 0.10314212462587934
45.5 0.0074 0.11624763874381928
46.5 0.0054 0.13608276348795434
47.5 0.0047 0.14586499149789456
48.5 0.0025 0.2
49.5 0.0031000000000000003 0.17960530202677488
50.5 0.0015 0.2581988897471611
51.5 0.0018 0.23570226039551587
52.5 0.0005 0.4472135954999579
53.5 0.0011 0.30151134457776363
54.5 0.00039999999999999996 0.5000000000000001
55.5 0.0006000000000000001 0.40824829046386296
56.5 0.0007 0.3779644730092272
57.5 0.0002 0.7071067811865475
58.5 0.0001 1.0
59.5 0.0001 1.0
60.5 0.0 inf
61.5 0.0 inf
62.5 0.0 inf
63.5 0.0 inf
64.5 0.0 inf
65.5 0.0 inf
66.5 0.0 inf
67.5 0.0 inf
68.5 0.0 inf
69.5 0.0 inf
70.5 0.0 inf
71.5 0.0 inf
72.5 0.0 inf
73.5 0.0 inf
74.5 0.0 inf
75.5 0.0 inf
76.5 0.0 inf
77.5 0.0 inf
78.5 0.0 inf
79.5 0.0 inf
80.5 0.0 inf
81.5 0.0 inf
82.5 0.0 inf
83.5 0.0 inf
84.5 0.0 inf
85.5 0.0 inf
86.5 0.0 inf
87.5 0.0 inf
88.5 0.0 inf
89.5 0.0 inf
90.5 0.0 inf
91.5 0.0 inf
92.5 0.0 inf
93.5 0.0 inf
94.5 0.0 inf
95.5 0.0 inf
96.5 0.0 inf
97.5 0.0 inf
