0.5 54.6554 0.001352643847482703
1.5 28.913999999999998 0.0018597129345505913
2.5 28.796999999999997 0.0018634870403941598
3.5 26.1263 0.0019564152764226577
4.5 22.667499999999997 0.002100381516442533
5.5 20.096 0.0022307206570257804
6.5 17.2957 0.002404534032116844
7.5 15.3245 0.0025545055069306757
8.5 13.453600000000002 0.0027263445761993277
9.5 11.700299999999999 0.0029234892506322697
10.5 10.411000000000001 0.003099229782144579
11.5 9.0051 0.003332389290088327
12.5 7.9717 0.0035418040218428005
13.5 6.8939 0.003808618830299009
14.5 6.049 0.004065914180760579
15.5 5.2059 0.004382804402760295
16.5 4.5851 0.004670093697263289
17.5 3.9249 0.005047608952411238
18.5 3.3147 0.005492598903321119
19.5 2.8659999999999997 0.005906931124580456
20.5 2.4589 0.006377193085258692
21.5 2.0946 0.006909545012458789
22.5 1.7506 0.007557993915122012
23.5 1.4659 0.008259387224103782
24.5 1.2081 0.009098054998254423
25.5 0.9712000000000001 0.010147186980852487
26.5 0.8433999999999999 0.010888879747610963
27.5 0.6702 0.012215121419215744
28.5 0.5808 0.01312159702703695
29.5 0.4615 0.014720214798941532
30.5 0.36329999999999996 0.016590798971560294
31.5 0.2853 0.01872186521005768
32.5 0.23249999999999998 0.020739033894608506
33.5 0.1884 0.02303878387920457
34.5 0.1456 0.026207120918047958
35.5 0.12 0.028867513459481284
36.5 0.0911 0.03313147809612858
37.5 0.0722 0.03721614637823934
38.5 0.0542 0.04295367795875577
39.5 0.038900000000000004 0.05070201265633938
40.5 0.034 0.05423261445466404
41.5 0.0249 0.06337242505244779
42.5 0.0204 0.07001400420140048
43.5 0.0152 0.08111071056538127
44.5 0.0111 0.0949157995752499
45.5 0.0075 0.11547005383792514
46.5 0.007299999999999999 0.11704114719613057
47.5 0.0051 0.14002800840280097
48.5 0.0037999999999999996 0.16222142113076254
49.5 0.0027 0.19245008972987526
50.5 0.0014 0.2672612419124244
51.5 0.0015999999999999999 0.25000000000000006
52.5 0.0008 0.35355339059327373
53.5 0.0005 0.4472135954999579
54.5 0.0005 0.4472135954999579
55.5 0.0002 0.7071067811865475
56.5 0.0003 0.5773502691896258
57.5 0.0001 1.0
58.5 0.0 inf
59.5 0.0001 1.0
60.5 0.0 inf
61.5 0.0 inf
62.5 0.0 inf
63.5 0.0001 1.0
64.5 0.0 inf
65.5 0.0 inf
66.5 0.0 inf
67.5 0.0 inf
68.5 0.0 inf
69.5 0.0 inf
70.5 0.0 inf
71.5 0.0 inf
72.5 0.0 inf
73.5 0.0 inf
74.5 0.0 inf
75.5 0.0 inf
76.5 0.0 inf
77.5 0.0 inf
78.5 0.0 inf
79.5 0.0 inf
80.5 0.0 inf
81.5 0.0 inf
82.5 0.0 inf
83.5 0.0 inf
84.5 0.0 inf
85.5 0.0 inf
86.5 0.0 inf
87.5 0.0 inf
88.5 0.0 inf
89.5 0.0 inf
90.5 0.0 inf
91.5 0.0 inf
92.5 0.0 inf
93.5 0.0 inf
94.5 0.0 inf
95.5 0.0 inf
96.5 0.0 inf
97.5 0.0 inf
