0.5 38.481700000000004 0.0016120290921904446
1.5 20.3575 0.0022163471124584944
2.5 20.5161 0.0022077637405211992
3.5 18.9104 0.002299585927845814
4.5 16.7029 0.0024468314809443234
5.5 14.9082 0.002589926234512479
6.5 13.0956 0.0027633589344986617
7.5 11.6563 0.002929001821718146
8.5 10.436 0.0030955153703708816
9.5 9.0869 0.0033173563480932886
10.5 8.1656 0.0034994996073316694
11.5 7.1653 0.003735793058695758
12.5 6.3850999999999996 0.003957456486286138
13.5 5.5992 0.00422607314679178
14.5 4.9556000000000004 0.004492125467750871
15.5 4.2675 0.004840756475714961
16.5 3.7755 0.005146509309403664
17.5 3.2817999999999996 0.005520061860367851
18.5 2.8120000000000003 0.0059633780416087
19.5 2.3918999999999997 0.006465892659430151
20.5 2.0941 0.006910369845635389
21.5 1.7490999999999999 0.007561234027553874
22.5 1.4636 0.008265874356292217
23.5 1.2299 0.009017062901397189
24.5 1.0458 0.009778577480814291
25.5 0.8593 0.010787668544310283
26.5 0.7238 0.011754135979637028
27.5 0.5821000000000001 0.013106936650206132
28.5 0.4952 0.014210510570080112
29.5 0.3911 0.015990280862955328
30.5 0.3218 0.017628159855416825
31.5 0.257 0.01972574607881179
32.5 0.1996 0.02238307405179226
33.5 0.1603 0.02497659540757031
34.5 0.1247 0.02831827358942995
35.5 0.10350000000000001 0.03108349360801046
36.5 0.0808 0.03517987723651459
37.5 0.06259999999999999 0.03996803834887158
38.5 0.048600000000000004 0.04536092116265144
39.5 0.03949999999999999 0.05031546054266276
40.5 0.027700000000000002 0.06008417681261097
41.5 0.0196 0.07142857142857142
42.5 0.0179 0.07474350927519359
43.5 0.011699999999999999 0.09245003270420486
44.5 0.0098 0.10101525445522107
45.5 0.0078 0.11322770341445956
46.5 0.0048000000000000004 0.14433756729740643
47.5 0.0052 0.1386750490563073
48.5 0.0026 0.19611613513818404
49.5 0.0018999999999999998 0.2294157338705618
50.5 0.0014 0.2672612419124244
51.5 0.0013 0.2773500981126146
52.5 0.0009 0.3333333333333333
53.5 0.0006 0.4082482904638631
54.5 0.0002 0.7071067811865475
55.5 0.0002 0.7071067811865475
56.5 0.0002 0.7071067811865475
57.5 0.00030000000000000003 0.5773502691896257
58.5 0.0 inf
59.5 0.0 inf
60.5 0.0 inf
61.5 0.0 inf
62.5 0.0 inf
63.5 0.0 inf
64.5 0.00030000000000000003 0.5773502691896257
65.5 0.0001 1.0
66.5 0.0 inf
67.5 0.0 inf
68.5 0.0 inf
69.5 0.0 inf
70.5 0.0 inf
71.5 0.0 inf
72.5 0.0 inf
73.5 0.0 inf
74.5 0.0 inf
75.5 0.0 inf
76.5 0.0 inf
77.5 0.0 inf
78.5 0.0 inf
79.5 0.0 inf
80.5 0.0 inf
81.5 0.0 inf
82.5 0.0 inf
83.5 0.0 inf
84.5 0.0 inf
85.5 0.0 inf
86.5 0.0 inf
87.5 0.0 inf
88.5 0.0 inf
89.5 0.0 inf
90.5 0.0 inf
91.5 0.0 inf
92.5 0.0 inf
93.5 0.0 inf
94.5 0.0 inf
95.5 0.0 inf
96.5 0.0 inf
97.5 0.0 inf
