0.5 38.4733 0.0016122050623481913
1.5 20.292900000000003 0.002219872046267119
2.5 20.605600000000003 0.0022029638345656254
3.5 18.9127 0.002299446095657762
4.5 16.630499999999998 0.0024521517723915887
5.5 14.943 0.0025869087022690604
6.5 13.115400000000001 0.002761272258804626
7.5 11.6539 0.0029293034049860146
8.5 10.4512 0.0030932635258996864
9.5 9.0725 0.00331998798166526
10.5 8.2092 0.003490194113939737
11.5 7.1388 0.003742720470366838
12.5 6.348 0.0039690040398925085
13.5 5.6205 0.004218057774247205
14.5 4.9666 0.004487148142154839
15.5 4.2466 0.004852653950674608
16.5 3.7471 0.005165975691878862
17.5 3.3217 0.005486808424095259
18.5 2.8085 0.005967092715721214
19.5 2.3670999999999998 0.006499675836751262
20.5 2.0708 0.006949137769731445
21.5 1.7296 0.007603738308405919
22.5 1.4674 0.008255164705180833
23.5 1.2585000000000002 0.008914015605513359
24.5 1.0354 0.009827564880753332
25.5 0.85 0.010846522890932807
26.5 0.7062999999999999 0.011898861155004216
27.5 0.5726 0.013215217891996237
28.5 0.495 0.01421338109037403
29.5 0.3991 0.015829206186005598
30.5 0.3201 0.01767490804100673
31.5 0.264 0.019462473604038074
32.5 0.20929999999999999 0.02185824984939871
33.5 0.1629 0.024776471541572212
34.5 0.13240000000000002 0.027482485496465633
35.5 0.1059 0.030729254193150105
36.5 0.0798 0.03539961627023943
37.5 0.0633 0.039746431675858215
38.5 0.0519 0.04389512813061471
39.5 0.0403 0.04981354813867179
40.5 0.0298 0.057928444636349226
41.5 0.0229 0.06608186004550898
42.5 0.0191 0.07235746052924216
43.5 0.0122 0.09053574604251853
44.5 0.0119 0.09166984970282112
45.5 0.0074 0.11624763874381928
46.5 0.0051 0.14002800840280097
47.5 0.0037 0.1643989873053573
48.5 0.0034 0.17149858514250882
49.5 0.0025 0.2
50.5 0.001 0.31622776601683794
51.5 0.0015999999999999999 0.25000000000000006
52.5 0.0007999999999999999 0.3535533905932738
53.5 0.0008 0.35355339059327373
54.5 0.0002 0.7071067811865475
55.5 0.0006 0.4082482904638631
56.5 0.0003 0.5773502691896258
57.5 0.0002 0.7071067811865475
58.5 0.0001 1.0
59.5 0.0 inf
60.5 0.0002 0.7071067811865475
61.5 0.0 inf
62.5 0.0 inf
63.5 0.0 inf
64.5 0.0 inf
65.5 0.0 inf
66.5 0.0 inf
67.5 0.0 inf
68.5 0.0 inf
69.5 0.0 inf
70.5 0.0 inf
71.5 0.0 inf
72.5 0.0 inf
73.5 0.0 inf
74.5 0.0 inf
75.5 0.0 inf
76.5 0.0 inf
77.5 0.0 inf
78.5 0.0 inf
79.5 0.0 inf
80.5 0.0 inf
81.5 0.0 inf
82.5 0.0 inf
83.5 0.0 inf
84.5 0.0 inf
85.5 0.0 inf
86.5 0.0 inf
87.5 0.0 inf
88.5 0.0 inf
89.5 0.0 inf
90.5 0.0 inf
91.5 0.0 inf
92.5 0.0 inf
93.5 0.0 inf
94.5 0.0 inf
95.5 0.0 inf
96.5 0.0 inf
97.5 0.0 inf
