0.5 55.4208 0.0013432708945384376
1.5 29.7277 0.0018340845193022047
2.5 30.0307 0.001824808403465258
3.5 27.4423 0.0019089288699939574
4.5 24.022 0.00204030652603308
5.5 21.424500000000002 0.0021604521521737096
6.5 18.6998 0.0023124988166512987
7.5 16.4873 0.002462777798340072
8.5 14.6573 0.002611999031324667
9.5 12.7713 0.002798223803541639
10.5 11.3662 0.0029661448325693993
11.5 9.931000000000001 0.003173244303219437
12.5 8.7797 0.0033748941934523373
13.5 7.644299999999999 0.003616855337311156
14.5 6.7399000000000004 0.003851884653774689
15.5 5.7699 0.00416309054668247
16.5 5.075699999999999 0.004438661512152655
17.5 4.3781 0.004779221527258884
18.5 3.7161 0.005187478429455831
19.5 3.159 0.005626329817131482
20.5 2.7428 0.0060381365418288365
21.5 2.316 0.006570988732209603
22.5 1.9229 0.007211434284535116
23.5 1.6135 0.0078725515866624
24.5 1.3796 0.00851379928096609
25.5 1.1113 0.009486026702500785
26.5 0.9253 0.010395819226342553
27.5 0.7505 0.011543158305430273
28.5 0.6298999999999999 0.012599815792039672
29.5 0.5102 0.014000056000336
30.5 0.4042 0.015729026546513935
31.5 0.3234 0.017584498711333246
32.5 0.2616 0.019551547175144377
33.5 0.2098 0.021832187779978623
34.5 0.1588 0.02509428066142478
35.5 0.1282 0.027929038673897278
36.5 0.1033 0.031113569564352756
37.5 0.0774 0.03594425773447947
38.5 0.064 0.03952847075210474
39.5 0.0498 0.04481107149482209
40.5 0.0342 0.05407380704358752
41.5 0.0275 0.060302268915552716
42.5 0.0186 0.07332355751067665
43.5 0.0161 0.07881104062391006
44.5 0.0127 0.08873565094161139
45.5 0.009899999999999999 0.10050378152592121
46.5 0.0077 0.11396057645963795
47.5 0.0053 0.13736056394868904
48.5 0.0033 0.17407765595569785
49.5 0.0028 0.1889822365046136
50.5 0.0019 0.22941573387056174
51.5 0.0022 0.21320071635561041
52.5 0.0007999999999999999 0.3535533905932738
53.5 0.0007 0.3779644730092272
54.5 0.00039999999999999996 0.5000000000000001
55.5 0.0005 0.4472135954999579
56.5 0.0001 1.0
57.5 0.0 inf
58.5 0.0002 0.7071067811865475
59.5 0.0 inf
60.5 0.0 inf
61.5 0.0 inf
62.5 0.0001 1.0
63.5 0.0 inf
64.5 0.0 inf
65.5 0.0 inf
66.5 0.0 inf
67.5 0.0 inf
68.5 0.0 inf
69.5 0.0001 1.0
70.5 0.0 inf
71.5 0.0 inf
72.5 0.0 inf
73.5 0.0 inf
74.5 0.0 inf
75.5 0.0 inf
76.5 0.0 inf
77.5 0.0 inf
78.5 0.0 inf
79.5 0.0 inf
80.5 0.0 inf
81.5 0.0 inf
82.5 0.0 inf
83.5 0.0 inf
84.5 0.0 inf
85.5 0.0 inf
86.5 0.0 inf
87.5 0.0 inf
88.5 0.0 inf
89.5 0.0 inf
90.5 0.0 inf
91.5 0.0 inf
92.5 0.0 inf
93.5 0.0 inf
94.5 0.0 inf
95.5 0.0 inf
96.5 0.0 inf
97.5 0.0 inf
