0.5 39.057199999999995 0.0016001085550466866
1.5 20.6286 0.0022017353871848075
2.5 20.967799999999997 0.0021838538326011546
3.5 19.198999999999998 0.002282236756960962
4.5 16.9318 0.0024302359166385166
5.5 15.2271 0.0025626624188829668
6.5 13.360199999999999 0.002735857797922023
7.5 11.8652 0.002903103159730896
8.5 10.594 0.0030723452389229207
9.5 9.2654 0.003285246137972244
10.5 8.3444 0.0034618037400957324
11.5 7.2791999999999994 0.003706450240012713
12.5 6.5207999999999995 0.003916062008105991
13.5 5.6855 0.004193876796655402
14.5 5.0184 0.004463929866713168
15.5 4.3614999999999995 0.004788307820133413
16.5 3.8258 0.005112565306249343
17.5 3.3417 0.005470364570098617
18.5 2.8701999999999996 0.005902607698818978
19.5 2.412 0.006438895077385465
20.5 2.1182 0.006870945727775229
21.5 1.7874 0.007479785147753337
22.5 1.5139 0.008127395712492514
23.5 1.2786 0.008843672471386923
24.5 1.0755 0.009642614235672862
25.5 0.8631 0.01076389472867711
26.5 0.7306999999999999 0.011698507190251298
27.5 0.5885 0.01303547215905568
28.5 0.5064 0.014052485682983567
29.5 0.4137 0.01554738093389993
30.5 0.31720000000000004 0.017755520605710874
31.5 0.26149999999999995 0.019555285163358468
32.5 0.2023 0.022233204294660427
33.5 0.1582 0.025141822757713452
34.5 0.1271 0.02804963567266072
35.5 0.1001 0.0316069770620507
36.5 0.08180000000000001 0.03496418006375328
37.5 0.061399999999999996 0.04035671561356309
38.5 0.0556 0.042409446483998546
39.5 0.0388 0.05076730825668096
40.5 0.0292 0.058520573598065284
41.5 0.0224 0.0668153104781061
42.5 0.0188 0.07293249574894728
43.5 0.011699999999999999 0.09245003270420486
44.5 0.009500000000000001 0.1025978352085154
45.5 0.0087 0.10721125348377948
46.5 0.0059 0.13018891098082389
47.5 0.0039 0.16012815380508713
48.5 0.0033 0.17407765595569785
49.5 0.0031 0.1796053020267749
50.5 0.0009 0.3333333333333333
51.5 0.0011 0.30151134457776363
52.5 0.0015999999999999999 0.25000000000000006
53.5 0.0007999999999999999 0.3535533905932738
54.5 0.0005 0.4472135954999579
55.5 0.0002 0.7071067811865475
56.5 0.0001 1.0
57.5 0.0004 0.5
58.5 0.0001 1.0
59.5 0.0001 1.0
60.5 0.0 inf
61.5 0.0 inf
62.5 0.0001 1.0
63.5 0.0 inf
64.5 0.0 inf
65.5 0.0 inf
66.5 0.0 inf
67.5 0.0001 1.0
68.5 0.0 inf
69.5 0.0 inf
70.5 0.0 inf
71.5 0.0 inf
72.5 0.0 inf
73.5 0.0 inf
74.5 0.0 inf
75.5 0.0 inf
76.5 0.0 inf
77.5 0.0 inf
78.5 0.0 inf
79.5 0.0 inf
80.5 0.0 inf
81.5 0.0 inf
82.5 0.0 inf
83.5 0.0 inf
84.5 0.0 inf
85.5 0.0 inf
86.5 0.0 inf
87.5 0.0 inf
88.5 0.0 inf
89.5 0.0 inf
90.5 0.0 inf
91.5 0.0 inf
92.5 0.0 inf
93.5 0.0 inf
94.5 0.0 inf
95.5 0.0 inf
96.5 0.0 inf
97.5 0.0 inf
