0.5 38.452 0.001612651530849138
1.5 20.2971 0.002219642359637965
2.5 20.564799999999998 0.0022051480616987716
3.5 18.9285 0.002298486198331418
4.5 16.6565 0.002450237179124241
5.5 14.905 0.0025902042391809407
6.5 13.073599999999999 0.002765683020533059
7.5 11.644300000000001 0.0029305106703007284
8.5 10.4402 0.003094892658527144
9.5 9.1038 0.00331427580123398
10.5 8.1521 0.0035023960206482683
11.5 7.1484 0.0037402064680879627
12.5 6.4146 0.003948346058511254
13.5 5.6102 0.00422192805269368
14.5 4.9361999999999995 0.004500944172070525
15.5 4.2922 0.0048268080114043455
16.5 3.7519 0.005162670084144298
17.5 3.2794 0.00552208139526238
18.5 2.769 0.006009502526928737
19.5 2.3827 0.006478363575097913
20.5 2.0511 0.006982429874085132
21.5 1.751 0.007557130588382647
22.5 1.4819 0.008214678121229127
23.5 1.2332999999999998 0.009004625062759635
24.5 1.0476 0.009770173029342485
25.5 0.8566 0.010804656513814232
26.5 0.7278 0.011721791020192999
27.5 0.5724 0.013217526428635735
28.5 0.49429999999999996 0.01422344162731625
29.5 0.3931 0.015949551604596525
30.5 0.3255 0.017527682734987296
31.5 0.2545 0.019822394114938212
32.5 0.1915 0.022851547244951503
33.5 0.1633 0.02474610820719749
34.5 0.12930000000000003 0.027809983907757463
35.5 0.098 0.031943828249996996
36.5 0.07819999999999999 0.035759926992607584
37.5 0.06470000000000001 0.03931405669853757
38.5 0.0532 0.043355498476206
39.5 0.0318 0.056077215409204434
40.5 0.0278 0.05997601439040672
41.5 0.0241 0.06441566264008308
42.5 0.0177 0.07516460280028289
43.5 0.0118 0.09205746178983235
44.5 0.0103 0.09853292781642932
45.5 0.006699999999999999 0.12216944435630522
46.5 0.0060999999999999995 0.12803687993289598
47.5 0.0043 0.15249857033260467
48.5 0.0021999999999999997 0.21320071635561047
49.5 0.0017000000000000001 0.24253562503633297
50.5 0.0019 0.22941573387056174
51.5 0.0008 0.35355339059327373
52.5 0.0010999999999999998 0.3015113445777637
53.5 0.00030000000000000003 0.5773502691896257
54.5 0.0006000000000000001 0.40824829046386296
55.5 0.00030000000000000003 0.5773502691896257
56.5 0.0001 1.0
57.5 0.0002 0.7071067811865475
58.5 0.0002 0.7071067811865475
59.5 0.0001 1.0
60.5 0.0001 1.0
61.5 0.0 inf
62.5 0.0 inf
63.5 0.0 inf
64.5 0.0 inf
65.5 0.0 inf
66.5 0.0 inf
67.5 0.0 inf
68.5 0.0 inf
69.5 0.0 inf
70.5 0.0 inf
71.5 0.0 inf
72.5 0.0 inf
73.5 0.0 inf
74.5 0.0 inf
75.5 0.0 inf
76.5 0.0 inf
77.5 0.0 inf
78.5 0.0 inf
79.5 0.0 inf
80.5 0.0 inf
81.5 0.0 inf
82.5 0.0 inf
83.5 0.0 inf
84.5 0.0 inf
85.5 0.0 inf
86.5 0.0 inf
87.5 0.0 inf
88.5 0.0 inf
89.5 0.0 inf
90.5 0.0 inf
91.5 0.0 inf
92.5 0.0 inf
93.5 0.0 inf
94.5 0.0 inf
95.5 0.0 inf
96.5 0.0 inf
97.5 0.0 inf
