0.5 38.4815 0.001612033281286498
1.5 20.2646 0.002221421557754426
2.5 20.619300000000003 0.002202231859683
3.5 18.9085 0.0022997014606355518
4.5 16.625500000000002 0.002452520478209961
5.5 14.987100000000002 0.0025830998693257465
6.5 13.1144 0.0027613775331451467
7.5 11.64 0.0029310519088027462
8.5 10.4352 0.0030956340247730706
9.5 9.124 0.003310604962391328
10.5 8.1604 0.003500614411748625
11.5 7.165699999999999 0.003735688788486441
12.5 6.3975 0.003953619341912228
13.5 5.6076999999999995 0.004222869048468961
14.5 4.9284 0.0045045045045045045
15.5 4.2824 0.004832327776853292
16.5 3.8025 0.005128205128205128
17.5 3.2568 0.005541208035239784
18.5 2.7969 0.005979454018258363
19.5 2.3991 0.006456182891480055
20.5 2.074 0.006943774745378858
21.5 1.7383 0.007584686504175539
22.5 1.4674999999999998 0.008254883434129962
23.5 1.2357 0.008995876335833408
24.5 1.0425 0.009794042137487835
25.5 0.8537 0.010822992544730264
26.5 0.7136 0.01183784309525946
27.5 0.5863 0.013059906055209673
28.5 0.503 0.014099899186081228
29.5 0.3919 0.015973951748802794
30.5 0.3248 0.01754656015858991
31.5 0.2639 0.019466160726095222
32.5 0.2074 0.02195814375455294
33.5 0.157 0.025237723256253435
34.5 0.1294 0.02779923608748833
35.5 0.1036 0.031068488300060003
36.5 0.07819999999999999 0.035759926992607584
37.5 0.0659 0.03895446935658099
38.5 0.0504 0.0445435403187374
39.5 0.0368 0.05212860351426869
40.5 0.027 0.06085806194501846
41.5 0.0218 0.06772854614785964
42.5 0.0154 0.08058229640253803
43.5 0.0123 0.09016696346674323
44.5 0.0112 0.0944911182523068
45.5 0.0068000000000000005 0.12126781251816648
46.5 0.005 0.1414213562373095
47.5 0.003 0.18257418583505536
48.5 0.0035 0.1690308509457033
49.5 0.0025 0.2
50.5 0.0010999999999999998 0.3015113445777637
51.5 0.0017000000000000001 0.24253562503633297
52.5 0.0006 0.4082482904638631
53.5 0.00039999999999999996 0.5000000000000001
54.5 0.0006000000000000001 0.40824829046386296
55.5 0.0002 0.7071067811865475
56.5 0.0004 0.5
57.5 0.0 inf
58.5 0.0001 1.0
59.5 0.0001 1.0
60.5 0.0001 1.0
61.5 0.0 inf
62.5 0.0 inf
63.5 0.0 inf
64.5 0.0 inf
65.5 0.0 inf
66.5 0.0 inf
67.5 0.0 inf
68.5 0.0 inf
69.5 0.0 inf
70.5 0.0 inf
71.5 0.0 inf
72.5 0.0 inf
73.5 0.0 inf
74.5 0.0 inf
75.5 0.0 inf
76.5 0.0 inf
77.5 0.0 inf
78.5 0.0 inf
79.5 0.0 inf
80.5 0.0 inf
81.5 0.0 inf
82.5 0.0 inf
83.5 0.0 inf
84.5 0.0 inf
85.5 0.0 inf
86.5 0.0 inf
87.5 0.0 inf
88.5 0.0 inf
89.5 0.0 inf
90.5 0.0 inf
91.5 0.0 inf
92.5 0.0 inf
93.5 0.0 inf
94.5 0.0 inf
95.5 0.0 inf
96.5 0.0 inf
97.5 0.0 inf
