0.5 42.7094 0.0015301650030693317
1.5 22.8336 0.00209272809897108
2.5 23.0673 0.0020821001626162663
3.5 21.1826 0.002172753045502142
4.5 18.7456 0.0023096720941848427
5.5 16.7791 0.002441269182502452
6.5 14.7884 0.0026003954982233416
7.5 13.0727 0.002765778221672789
8.5 11.7372 0.0029188901267364004
9.5 10.171199999999999 0.003135551245127835
10.5 9.1373 0.00330819467268522
11.5 8.030899999999999 0.0035287256224869838
12.5 7.2019 0.0037262883318876835
13.5 6.2461 0.004001248584367879
14.5 5.5075 0.00426111001459876
15.5 4.7941 0.0045671624108427865
16.5 4.2364999999999995 0.004858434976061478
17.5 3.6885000000000003 0.005206850473468275
18.5 3.1034 0.005676506272751509
19.5 2.6708999999999996 0.006118869430382472
20.5 2.3093 0.006580514072729821
21.5 1.9764 0.007113159996271998
22.5 1.6608 0.00775963569055251
23.5 1.3614000000000002 0.008570519095208522
24.5 1.1623 0.009275575848522276
25.5 0.954 0.01023825194723252
26.5 0.7942 0.011221090334505813
27.5 0.6387 0.012512714685811282
28.5 0.54 0.013608276348795433
29.5 0.4325 0.015205718425394109
30.5 0.3487 0.01693456425746444
31.5 0.2904 0.018556740475630138
32.5 0.23060000000000003 0.020824296970586242
33.5 0.1771 0.023762422826087874
34.5 0.135 0.027216552697590865
35.5 0.11149999999999999 0.029947637411773996
36.5 0.0896 0.03340765523905305
37.5 0.0738 0.036810508691615514
38.5 0.0552 0.04256282653793743
39.5 0.0406 0.04962916669854651
40.5 0.030699999999999998 0.05707301455353496
41.5 0.0236 0.06509445549041194
42.5 0.0186 0.07332355751067665
43.5 0.0124 0.08980265101338746
44.5 0.012199999999999999 0.09053574604251854
45.5 0.006 0.12909944487358055
46.5 0.006699999999999999 0.12216944435630522
47.5 0.005900000000000001 0.13018891098082386
48.5 0.0031999999999999997 0.1767766952966369
49.5 0.0021999999999999997 0.21320071635561047
50.5 0.0021 0.2182178902359924
51.5 0.0013 0.2773500981126146
52.5 0.001 0.31622776601683794
53.5 0.0008 0.35355339059327373
54.5 0.0005 0.4472135954999579
55.5 0.00039999999999999996 0.5000000000000001
56.5 0.00030000000000000003 0.5773502691896257
57.5 0.0001 1.0
58.5 0.0 inf
59.5 0.0002 0.7071067811865475
60.5 0.0001 1.0
61.5 0.0 inf
62.5 0.0001 1.0
63.5 0.0 inf
64.5 0.0 inf
65.5 0.0 inf
66.5 0.0 inf
67.5 0.0 inf
68.5 0.0 inf
69.5 0.0 inf
70.5 0.0 inf
71.5 0.0 inf
72.5 0.0 inf
73.5 0.0 inf
74.5 0.0 inf
75.5 0.0 inf
76.5 0.0 inf
77.5 0.0 inf
78.5 0.0 inf
79.5 0.0 inf
80.5 0.0 inf
81.5 0.0 inf
82.5 0.0 inf
83.5 0.0 inf
84.5 0.0 inf
85.5 0.0 inf
86.5 0.0 inf
87.5 0.0 inf
88.5 0.0 inf
89.5 0.0 inf
90.5 0.0 inf
91.5 0.0 inf
92.5 0.0 inf
93.5 0.0 inf
94.5 0.0 inf
95.5 0.0 inf
96.5 0.0 inf
97.5 0.0 inf
