0.5 38.9532 0.0016022431725313333
1.5 20.579 0.002204387128076216
2.5 20.9232 0.002186180150555852
3.5 19.1489 0.0022852203583983723
4.5 16.9394 0.0024296906828909478
5.5 15.1711 0.002567387748888319
6.5 13.302800000000001 0.0027417538950504196
7.5 11.828199999999999 0.002907640238343602
8.5 10.5913 0.0030727368246365756
9.5 9.249099999999999 0.003288139713551973
10.5 8.3197 0.00346693873187616
11.5 7.2501999999999995 0.0037138555383006804
12.5 6.491 0.003925040980094913
13.5 5.662 0.0042025710789484055
14.5 5.0034 0.004470616203804083
15.5 4.3386 0.004800928013058215
16.5 3.855 0.005093165736983622
17.5 3.3205999999999998 0.005487717143831457
18.5 2.8402000000000003 0.005933699361571424
19.5 2.4341999999999997 0.006409466337361285
20.5 2.1165000000000003 0.006873704589852987
21.5 1.7943 0.007465389497541117
22.5 1.5044 0.008153016807477778
23.5 1.2634 0.008896712649247119
24.5 1.0533000000000001 0.00974370121063171
25.5 0.8711 0.010714354045843187
26.5 0.7293000000000001 0.011709730320404808
27.5 0.5866 0.013056566068098609
28.5 0.4942 0.01422488059151916
29.5 0.4054 0.015705730024402176
30.5 0.3258 0.017519611040921222
31.5 0.2591 0.01964564506773356
32.5 0.2009 0.02231053741265801
33.5 0.1637 0.024715856229864275
34.5 0.1281 0.02793993781135563
35.5 0.1122 0.029854071701326607
36.5 0.0795 0.03546634510659543
37.5 0.068 0.03834824944236852
38.5 0.0492 0.045083481733371615
39.5 0.0411 0.049326362366699
40.5 0.029199999999999997 0.058520573598065284
41.5 0.023100000000000002 0.0657951694959769
42.5 0.0156 0.08006407690254357
43.5 0.0139 0.08481889296799709
44.5 0.0104 0.09805806756909202
45.5 0.0078 0.11322770341445956
46.5 0.0064 0.125
47.5 0.0036999999999999997 0.1643989873053573
48.5 0.005 0.1414213562373095
49.5 0.0018999999999999998 0.2294157338705618
50.5 0.001 0.31622776601683794
51.5 0.0014 0.2672612419124244
52.5 0.0007 0.3779644730092272
53.5 0.0009 0.3333333333333333
54.5 0.00030000000000000003 0.5773502691896257
55.5 0.00039999999999999996 0.5000000000000001
56.5 0.0002 0.7071067811865475
57.5 0.0002 0.7071067811865475
58.5 0.0002 0.7071067811865475
59.5 0.0 inf
60.5 0.0001 1.0
61.5 0.0001 1.0
62.5 0.0001 1.0
63.5 0.0 inf
64.5 0.0001 1.0
65.5 0.0 inf
66.5 0.0 inf
67.5 0.0 inf
68.5 0.0 inf
69.5 0.0 inf
70.5 0.0 inf
71.5 0.0 inf
72.5 0.0 inf
73.5 0.0 inf
74.5 0.0 inf
75.5 0.0 inf
76.5 0.0 inf
77.5 0.0 inf
78.5 0.0 inf
79.5 0.0 inf
80.5 0.0 inf
81.5 0.0 inf
82.5 0.0 inf
83.5 0.0 inf
84.5 0.0 inf
85.5 0.0 inf
86.5 0.0 inf
87.5 0.0 inf
88.5 0.0 inf
89.5 0.0 inf
90.5 0.0 inf
91.5 0.0 inf
92.5 0.0 inf
93.5 0.0 inf
94.5 0.0 inf
95.5 0.0 inf
96.5 0.0 inf
97.5 0.0 inf
