0.5 38.4809 0.001612045848770607
1.5 20.2489 0.0022222825813342575
2.5 20.6116 0.0022026431718061676
3.5 18.8803 0.0023014182602454003
4.5 16.6288 0.0024522771137113373
5.5 14.9088 0.0025898741186018877
6.5 13.1543 0.002757186407808808
7.5 11.7027 0.002923189459388819
8.5 10.4081 0.0030996615199445627
9.5 9.0948 0.003315915260401258
10.5 8.1372 0.0035056011669693903
11.5 7.161 0.0037369145151531567
12.5 6.4007000000000005 0.003952630921617236
13.5 5.59 0.004229549344378135
14.5 4.9146 0.00451082430531282
15.5 4.2753 0.004836338640951099
16.5 3.7478 0.005165493228586484
17.5 3.2854 0.005517036708261013
18.5 2.7885999999999997 0.005988346041831423
19.5 2.3779000000000003 0.006484898851687318
20.5 2.0918 0.006914167886580469
21.5 1.767 0.007522838270382504
22.5 1.4611999999999998 0.008272659861079428
23.5 1.2285 0.00902219936601278
24.5 1.0583 0.009720656617536974
25.5 0.8522000000000001 0.010832513403280236
26.5 0.7214 0.011773671953194386
27.5 0.5846 0.013078881186189037
28.5 0.48919999999999997 0.014297390392514892
29.5 0.3919 0.015973951748802794
30.5 0.3315 0.01736833685729687
31.5 0.2529 0.01988499954239645
32.5 0.2011 0.02229944040256456
33.5 0.1624 0.024814583349273254
34.5 0.1183 0.029074190231479016
35.5 0.1012 0.03143473067309657
36.5 0.0799 0.03537745688386125
37.5 0.06609999999999999 0.0388954920792207
38.5 0.048100000000000004 0.04559607525875532
39.5 0.043399999999999994 0.04800153607373194
40.5 0.027 0.06085806194501846
41.5 0.0242 0.0642824346533225
42.5 0.0187 0.07312724241271307
43.5 0.0129 0.08804509063256238
44.5 0.0102 0.09901475429766741
45.5 0.0071 0.11867816581938533
46.5 0.0063999999999999994 0.12500000000000003
47.5 0.004 0.15811388300841897
48.5 0.003 0.18257418583505536
49.5 0.0024000000000000002 0.20412414523193148
50.5 0.0017000000000000001 0.24253562503633297
51.5 0.0006000000000000001 0.40824829046386296
52.5 0.0008 0.35355339059327373
53.5 0.0006000000000000001 0.40824829046386296
54.5 0.0007 0.3779644730092272
55.5 0.0005 0.4472135954999579
56.5 0.0002 0.7071067811865475
57.5 0.0002 0.7071067811865475
58.5 0.0 inf
59.5 0.0 inf
60.5 0.0001 1.0
61.5 0.0001 1.0
62.5 0.0 inf
63.5 0.0 inf
64.5 0.0 inf
65.5 0.0 inf
66.5 0.0 inf
67.5 0.0 inf
68.5 0.0 inf
69.5 0.0 inf
70.5 0.0 inf
71.5 0.0 inf
72.5 0.0 inf
73.5 0.0 inf
74.5 0.0 inf
75.5 0.0 inf
76.5 0.0 inf
77.5 0.0 inf
78.5 0.0 inf
79.5 0.0 inf
80.5 0.0 inf
81.5 0.0 inf
82.5 0.0 inf
83.5 0.0 inf
84.5 0.0 inf
85.5 0.0 inf
86.5 0.0 inf
87.5 0.0 inf
88.5 0.0 inf
89.5 0.0 inf
90.5 0.0 inf
91.5 0.0 inf
92.5 0.0 inf
93.5 0.0 inf
94.5 0.0 inf
95.5 0.0 inf
96.5 0.0 inf
97.5 0.0 inf
