0.5 38.6325 0.0016088797790798418
1.5 20.4033 0.002213858159034152
2.5 20.715600000000002 0.0021971071717848106
3.5 18.9588 0.002296648740780763
4.5 16.7262 0.002445126639383423
5.5 15.0344 0.002579033299527216
6.5 13.165099999999999 0.0027560552457693024
7.5 11.733699999999999 0.0029193254265022796
8.5 10.4272 0.0030968213197290003
9.5 9.1411 0.0033075069848523056
10.5 8.2125 0.0034894928172680916
11.5 7.2178 0.003722181772435774
12.5 6.4248 0.003945210620296565
13.5 5.6409 0.004210423680673682
14.5 4.9477 0.004495710329064304
15.5 4.2926 0.004826583116447373
16.5 3.803 0.005127868001351515
17.5 3.2981 0.0055064042308424705
18.5 2.8266999999999998 0.005947851823108439
19.5 2.4071 0.006445445396391005
20.5 2.0496 0.0069849844528389075
21.5 1.7539 0.007550880304624409
22.5 1.4926 0.008185180884878662
23.5 1.2467 0.008956101777217352
24.5 1.0453000000000001 0.009780915902418088
25.5 0.873 0.010702688317798926
26.5 0.7130000000000001 0.011842822907480814
27.5 0.5779 0.013154479024050548
28.5 0.497 0.01418475390906605
29.5 0.4017 0.015777895820254743
30.5 0.3227 0.017603560504150954
31.5 0.2612 0.019566512004870806
32.5 0.2069 0.021984660059051055
33.5 0.16310000000000002 0.02476127591208911
34.5 0.1253 0.02825039109405883
35.5 0.1076 0.030485538042484616
36.5 0.0812 0.03509312031717982
37.5 0.0666 0.038749212914606423
38.5 0.049 0.045175395145262566
39.5 0.038400000000000004 0.05103103630798287
40.5 0.0315 0.0563436169819011
41.5 0.0268 0.06108472217815261
42.5 0.017 0.07669649888473704
43.5 0.009899999999999999 0.10050378152592121
44.5 0.0089 0.105999788000636
45.5 0.0066 0.12309149097933272
46.5 0.0049 0.14285714285714285
47.5 0.0044 0.15075567228888181
48.5 0.0046 0.14744195615489714
49.5 0.0023 0.20851441405707477
50.5 0.0011 0.30151134457776363
51.5 0.0013 0.2773500981126146
52.5 0.0010999999999999998 0.3015113445777637
53.5 0.0007 0.3779644730092272
54.5 0.0008 0.35355339059327373
55.5 0.0002 0.7071067811865475
56.5 0.0004 0.5
57.5 0.0 inf
58.5 0.0 inf
59.5 0.0 inf
60.5 0.0 inf
61.5 0.0001 1.0
62.5 0.0 inf
63.5 0.0 inf
64.5 0.0 inf
65.5 0.0 inf
66.5 0.0 inf
67.5 0.0 inf
68.5 0.0 inf
69.5 0.0 inf
70.5 0.0 inf
71.5 0.0 inf
72.5 0.0 inf
73.5 0.0 inf
74.5 0.0 inf
75.5 0.0 inf
76.5 0.0 inf
77.5 0.0 inf
78.5 0.0 inf
79.5 0.0 inf
80.5 0.0 inf
81.5 0.0 inf
82.5 0.0 inf
83.5 0.0 inf
84.5 0.0 inf
85.5 0.0 inf
86.5 0.0 inf
87.5 0.0 inf
88.5 0.0 inf
89.5 0.0 inf
90.5 0.0 inf
91.5 0.0 inf
92.5 0.0 inf
93.5 0.0 inf
94.5 0.0 inf
95.5 0.0 inf
96.5 0.0 inf
97.5 0.0 inf
