0.5 48.9636 0.0014291023366262748
1.5 26.4178 0.001945591570736865
2.5 26.781 0.0019323536207599505
3.5 24.563299999999998 0.002017700231266221
4.5 21.7954 0.002141990686156372
5.5 19.5124 0.0022638343994349553
6.5 17.1021 0.00241810569141766
7.5 15.206299999999999 0.002564414494106963
8.5 13.592400000000001 0.0027123887019559383
9.5 11.8793 0.002901379745546992
10.5 10.7068 0.0030561182538205597
11.5 9.3432 0.003271539567969459
12.5 8.3111 0.0034687319941434963
13.5 7.236800000000001 0.0037172923230953735
14.5 6.3946000000000005 0.003954515738595655
15.5 5.556 0.004242470991673459
16.5 4.924799999999999 0.004506150586965627
17.5 4.2614 0.004844219897928516
18.5 3.6193999999999997 0.0052563189368695865
19.5 3.1161 0.005664926857131773
20.5 2.6677 0.006122538230070782
21.5 2.2668 0.006641916293944198
22.5 1.9266 0.007204506242936107
23.5 1.6038999999999999 0.007896076664075357
24.5 1.358 0.008581241314849612
25.5 1.1198000000000001 0.009449955608937789
26.5 0.9204 0.01042345498062708
27.5 0.7338 0.011673770371677328
28.5 0.6359 0.012540232470476257
29.5 0.5091 0.014015172629623431
30.5 0.4165 0.015495032701332583
31.5 0.3392 0.01717007049358613
32.5 0.2557 0.019775826170935523
33.5 0.20629999999999998 0.02201660678463551
34.5 0.16110000000000002 0.024914503091731193
35.5 0.1323 0.02749286996141075
36.5 0.0993 0.03173404079876884
37.5 0.0873 0.03384487217112064
38.5 0.058899999999999994 0.04120428217151646
39.5 0.0466 0.04632410546120795
40.5 0.0356 0.052999894000318
41.5 0.0293 0.0584206237836986
42.5 0.0223 0.06696495301824251
43.5 0.0169 0.07692307692307693
44.5 0.0133 0.086710996952412
45.5 0.0108 0.09622504486493763
46.5 0.0068 0.12126781251816648
47.5 0.0053 0.13736056394868904
48.5 0.0044 0.15075567228888181
49.5 0.0023 0.20851441405707477
50.5 0.0021999999999999997 0.21320071635561047
51.5 0.0014 0.2672612419124244
52.5 0.0007 0.3779644730092272
53.5 0.0009 0.3333333333333333
54.5 0.0002 0.7071067811865475
55.5 0.0006000000000000001 0.40824829046386296
56.5 0.0002 0.7071067811865475
57.5 0.0002 0.7071067811865475
58.5 0.0001 1.0
59.5 0.0 inf
60.5 0.0001 1.0
61.5 0.0 inf
62.5 0.0 inf
63.5 0.0 inf
64.5 0.0 inf
65.5 0.0 inf
66.5 0.0 inf
67.5 0.0 inf
68.5 0.0 inf
69.5 0.0 inf
70.5 0.0 inf
71.5 0.0 inf
72.5 0.0 inf
73.5 0.0 inf
74.5 0.0 inf
75.5 0.0 inf
76.5 0.0 inf
77.5 0.0 inf
78.5 0.0 inf
79.5 0.0 inf
80.5 0.0 inf
81.5 0.0 inf
82.5 0.0 inf
83.5 0.0 inf
84.5 0.0 inf
85.5 0.0 inf
86.5 0.0 inf
87.5 0.0 inf
88.5 0.0 inf
89.5 0.0 inf
90.5 0.0 inf
91.5 0.0 inf
92.5 0.0 inf
93.5 0.0 inf
94.5 0.0 inf
95.5 0.0 inf
96.5 0.0 inf
97.5 0.0 inf
