0.5 24564.0 0.0063804374526836224
1.5 7532.0 0.011522450320630448
2.5 5457.0 0.013537018521138049
3.5 3640.0 0.016574838603294898
4.5 2433.0 0.020273509996117586
5.5 1604.0 0.024968808471946116
6.5 1205.0 0.02880756009578387
7.5 816.0 0.03500700210070024
8.5 645.0 0.039374961547907886
9.5 444.0 0.04745789978762495
10.5 365.0 0.052342392259021375
11.5 281.0 0.05965499862718936
12.5 206.0 0.06967330142916177
13.5 172.0 0.07624928516630233
14.5 137.0 0.0854357657716761
15.5 94.0 0.10314212462587934
16.5 72.0 0.11785113019775793
17.5 40.0 0.15811388300841897
18.5 43.0 0.15249857033260467
19.5 38.0 0.16222142113076254
20.5 16.0 0.25
21.5 10.0 0.31622776601683794
22.5 11.0 0.30151134457776363
23.5 14.0 0.2672612419124244
24.5 7.0 0.3779644730092272
25.5 3.0 0.5773502691896258
26.5 3.0 0.5773502691896258
27.5 1.0 1.0
28.5 1.0 1.0
29.5 0.0 inf
30.5 1.0 1.0
31.5 1.0 1.0
32.5 0.0 inf
33.5 0.0 inf
34.5 0.0 inf
35.5 0.0 inf
36.5 0.0 inf
37.5 0.0 inf
38.5 0.0 inf
39.5 0.0 inf
40.5 0.0 inf
41.5 0.0 inf
42.5 0.0 inf
43.5 0.0 inf
44.5 0.0 inf
45.5 0.0 inf
46.5 0.0 inf
47.5 0.0 inf
48.5 0.0 inf
49.5 0.0 inf
50.5 0.0 inf
51.5 0.0 inf
52.5 0.0 inf
53.5 0.0 inf
54.5 0.0 inf
55.5 0.0 inf
56.5 0.0 inf
57.5 0.0 inf
58.5 0.0 inf
59.5 0.0 inf
60.5 0.0 inf
61.5 0.0 inf
62.5 0.0 inf
63.5 0.0 inf
64.5 0.0 inf
65.5 0.0 inf
66.5 0.0 inf
67.5 0.0 inf
68.5 0.0 inf
69.5 0.0 inf
70.5 0.0 inf
71.5 0.0 inf
72.5 0.0 inf
73.5 0.0 inf
74.5 0.0 inf
75.5 0.0 inf
76.5 0.0 inf
77.5 0.0 inf
78.5 0.0 inf
79.5 0.0 inf
80.5 0.0 inf
81.5 0.0 inf
82.5 0.0 inf
83.5 0.0 inf
84.5 0.0 inf
85.5 0.0 inf
86.5 0.0 inf
87.5 0.0 inf
88.5 0.0 inf
89.5 0.0 inf
90.5 0.0 inf
91.5 0.0 inf
92.5 0.0 inf
93.5 0.0 inf
94.5 0.0 inf
95.5 0.0 inf
96.5 0.0 inf
97.5 0.0 inf
