0.5 148634.0 0.0025938264658141377
1.5 22963.0 0.006599114854096226
2.5 13340.0 0.008658089785895598
3.5 7735.0 0.011370245477722049
4.5 4392.0 0.015089291007086421
5.5 2786.0 0.018945647121890376
6.5 1887.0 0.023020462775806542
7.5 1301.0 0.027724348650071385
8.5 936.0 0.03268602252303067
9.5 651.0 0.03919309008348103
10.5 516.0 0.04402254531628119
11.5 330.0 0.055048188256318034
12.5 241.0 0.06441566264008308
13.5 226.0 0.06651901052377393
14.5 182.0 0.07412493166611012
15.5 142.0 0.08391813582966891
16.5 100.0 0.1
17.5 63.0 0.1259881576697424
18.5 52.0 0.1386750490563073
19.5 39.0 0.16012815380508713
20.5 20.0 0.22360679774997896
21.5 20.0 0.22360679774997896
22.5 17.0 0.24253562503633297
23.5 6.0 0.4082482904638631
24.5 7.0 0.3779644730092272
25.5 7.0 0.3779644730092272
26.5 5.0 0.4472135954999579
27.5 2.0 0.7071067811865475
28.5 3.0 0.5773502691896258
29.5 1.0 1.0
30.5 0.0 inf
31.5 1.0 1.0
32.5 0.0 inf
33.5 0.0 inf
34.5 0.0 inf
35.5 0.0 inf
36.5 0.0 inf
37.5 0.0 inf
38.5 0.0 inf
39.5 0.0 inf
40.5 0.0 inf
41.5 0.0 inf
42.5 0.0 inf
43.5 0.0 inf
44.5 0.0 inf
45.5 0.0 inf
46.5 0.0 inf
47.5 0.0 inf
48.5 0.0 inf
49.5 0.0 inf
50.5 0.0 inf
51.5 0.0 inf
52.5 0.0 inf
53.5 0.0 inf
54.5 0.0 inf
55.5 0.0 inf
56.5 0.0 inf
57.5 0.0 inf
58.5 0.0 inf
59.5 0.0 inf
60.5 0.0 inf
61.5 0.0 inf
62.5 0.0 inf
63.5 0.0 inf
64.5 0.0 inf
65.5 0.0 inf
66.5 0.0 inf
67.5 0.0 inf
68.5 0.0 inf
69.5 0.0 inf
70.5 0.0 inf
71.5 0.0 inf
72.5 0.0 inf
73.5 0.0 inf
74.5 0.0 inf
75.5 0.0 inf
76.5 0.0 inf
77.5 0.0 inf
78.5 0.0 inf
79.5 0.0 inf
80.5 0.0 inf
81.5 0.0 inf
82.5 0.0 inf
83.5 0.0 inf
84.5 0.0 inf
85.5 0.0 inf
86.5 0.0 inf
87.5 0.0 inf
88.5 0.0 inf
89.5 0.0 inf
90.5 0.0 inf
91.5 0.0 inf
92.5 0.0 inf
93.5 0.0 inf
94.5 0.0 inf
95.5 0.0 inf
96.5 0.0 inf
97.5 0.0 inf
