0.5 93764.0 0.0032657424907076905
1.5 17937.0 0.007466637994831816
2.5 11120.0 0.00948304052263602
3.5 6558.0 0.012348502495289937
4.5 3880.0 0.01605403247669839
5.5 2606.0 0.019589023819033338
6.5 1649.0 0.024625761678892605
7.5 1173.0 0.029197858123689188
8.5 887.0 0.03357671389365373
9.5 624.0 0.04003203845127178
10.5 463.0 0.04647394123401731
11.5 345.0 0.05383819020581655
12.5 261.0 0.061898446059017294
13.5 185.0 0.07352146220938077
14.5 157.0 0.07980868844676221
15.5 115.0 0.09325048082403138
16.5 82.0 0.11043152607484653
17.5 62.0 0.1270001270001905
18.5 49.0 0.14285714285714285
19.5 34.0 0.17149858514250882
20.5 33.0 0.17407765595569785
21.5 19.0 0.22941573387056174
22.5 14.0 0.2672612419124244
23.5 13.0 0.2773500981126146
24.5 4.0 0.5
25.5 6.0 0.4082482904638631
26.5 3.0 0.5773502691896258
27.5 0.0 inf
28.5 0.0 inf
29.5 1.0 1.0
30.5 0.0 inf
31.5 0.0 inf
32.5 0.0 inf
33.5 0.0 inf
34.5 0.0 inf
35.5 0.0 inf
36.5 0.0 inf
37.5 0.0 inf
38.5 0.0 inf
39.5 0.0 inf
40.5 0.0 inf
41.5 0.0 inf
42.5 0.0 inf
43.5 0.0 inf
44.5 0.0 inf
45.5 0.0 inf
46.5 0.0 inf
47.5 0.0 inf
48.5 0.0 inf
49.5 0.0 inf
50.5 0.0 inf
51.5 0.0 inf
52.5 0.0 inf
53.5 0.0 inf
54.5 0.0 inf
55.5 0.0 inf
56.5 0.0 inf
57.5 0.0 inf
58.5 0.0 inf
59.5 0.0 inf
60.5 0.0 inf
61.5 0.0 inf
62.5 0.0 inf
63.5 0.0 inf
64.5 0.0 inf
65.5 0.0 inf
66.5 0.0 inf
67.5 0.0 inf
68.5 0.0 inf
69.5 0.0 inf
70.5 0.0 inf
71.5 0.0 inf
72.5 0.0 inf
73.5 0.0 inf
74.5 0.0 inf
75.5 0.0 inf
76.5 0.0 inf
77.5 0.0 inf
78.5 0.0 inf
79.5 0.0 inf
80.5 0.0 inf
81.5 0.0 inf
82.5 0.0 inf
83.5 0.0 inf
84.5 0.0 inf
85.5 0.0 inf
86.5 0.0 inf
87.5 0.0 inf
88.5 0.0 inf
89.5 0.0 inf
90.5 0.0 inf
91.5 0.0 inf
92.5 0.0 inf
93.5 0.0 inf
94.5 0.0 inf
95.5 0.0 inf
96.5 0.0 inf
97.5 0.0 inf
