0.5 38.9333 0.0016026525979572646
1.5 20.5948 0.0022035413806227215
2.5 20.8455 0.002190250770143298
3.5 19.212 0.0022814644766540717
4.5 16.8769 0.0024341854460327105
5.5 15.1431 0.002569760237264913
6.5 13.3026 0.0027417745056347396
7.5 11.8706 0.002902442765971165
8.5 10.5375 0.0030805708826817427
9.5 9.209399999999999 0.0032952193694787
10.5 8.2793 0.003475387143851013
11.5 7.2349 0.0037177804011455312
12.5 6.5209 0.003916031980985335
13.5 5.6998 0.004188612567992584
14.5 4.9622 0.004489137086284252
15.5 4.373 0.0047820075925907625
16.5 3.8737 0.005080857424358842
17.5 3.3353 0.005475610508139002
18.5 2.8073 0.005968367917199454
19.5 2.446 0.00639398736370314
20.5 2.0694 0.006951488003613745
21.5 1.8003 0.007452938872636016
22.5 1.498 0.008170414569182506
23.5 1.2775 0.008847479104076177
24.5 1.0786 0.0096287473650786
25.5 0.8732 0.010701462561817377
26.5 0.7110000000000001 0.011859467782747
27.5 0.5824 0.013103560459023979
28.5 0.5038 0.014088699899813708
29.5 0.3986 0.01583913107643211
30.5 0.3235 0.017581780649842196
31.5 0.2621 0.0195328893341018
32.5 0.2005 0.022332781224177665
33.5 0.15889999999999999 0.025086383169282255
34.5 0.1272 0.028038607704602217
35.5 0.1062 0.030685820596610777
36.5 0.0737 0.03683547343418787
37.5 0.0615 0.04032389192727559
38.5 0.055999999999999994 0.04225771273642583
39.5 0.0427 0.048393391849582724
40.5 0.0317 0.05616559563017304
41.5 0.025099999999999997 0.06311944030978031
42.5 0.0177 0.07516460280028289
43.5 0.0144 0.08333333333333333
44.5 0.010700000000000001 0.09667364890456635
45.5 0.0092 0.10425720702853739
46.5 0.0052 0.1386750490563073
47.5 0.0037 0.1643989873053573
48.5 0.0029 0.18569533817705186
49.5 0.0026 0.19611613513818404
50.5 0.0013 0.2773500981126146
51.5 0.0010999999999999998 0.3015113445777637
52.5 0.0011 0.30151134457776363
53.5 0.0005 0.4472135954999579
54.5 0.0005 0.4472135954999579
55.5 0.0003 0.5773502691896258
56.5 0.0003 0.5773502691896258
57.5 0.00039999999999999996 0.5000000000000001
58.5 0.0001 1.0
59.5 0.0002 0.7071067811865475
60.5 0.0 inf
61.5 0.0 inf
62.5 0.0 inf
63.5 0.0 inf
64.5 0.0 inf
65.5 0.0 inf
66.5 0.0 inf
67.5 0.0 inf
68.5 0.0 inf
69.5 0.0 inf
70.5 0.0 inf
71.5 0.0 inf
72.5 0.0 inf
73.5 0.0 inf
74.5 0.0 inf
75.5 0.0 inf
76.5 0.0 inf
77.5 0.0 inf
78.5 0.0 inf
79.5 0.0 inf
80.5 0.0 inf
81.5 0.0 inf
82.5 0.0 inf
83.5 0.0 inf
84.5 0.0 inf
85.5 0.0 inf
86.5 0.0 inf
87.5 0.0 inf
88.5 0.0 inf
89.5 0.0 inf
90.5 0.0 inf
91.5 0.0 inf
92.5 0.0 inf
93.5 0.0 inf
94.5 0.0 inf
95.5 0.0 inf
96.5 0.0 inf
97.5 0.0 inf
