0.5 20098.0 0.007053807102992926
1.5 6447.0 0.012454352825280488
2.5 4776.0 0.014469977004330817
3.5 3186.0 0.017716466781757798
4.5 2214.0 0.021252557102111276
5.5 1617.0 0.02486823656509969
6.5 1029.0 0.03117398431942748
7.5 832.0 0.03466876226407682
8.5 607.0 0.04058874792340995
9.5 425.0 0.048507125007266595
10.5 319.0 0.05598925109558543
11.5 254.0 0.06274558051381586
12.5 191.0 0.07235746052924216
13.5 148.0 0.08219949365267865
14.5 125.0 0.08944271909999159
15.5 95.0 0.10259783520851541
16.5 72.0 0.11785113019775793
17.5 48.0 0.14433756729740646
18.5 48.0 0.14433756729740646
19.5 25.0 0.2
20.5 19.0 0.22941573387056174
21.5 10.0 0.31622776601683794
22.5 16.0 0.25
23.5 7.0 0.3779644730092272
24.5 3.0 0.5773502691896258
25.5 4.0 0.5
26.5 2.0 0.7071067811865475
27.5 1.0 1.0
28.5 0.0 inf
29.5 2.0 0.7071067811865475
30.5 0.0 inf
31.5 1.0 1.0
32.5 1.0 1.0
33.5 0.0 inf
34.5 0.0 inf
35.5 0.0 inf
36.5 0.0 inf
37.5 0.0 inf
38.5 0.0 inf
39.5 0.0 inf
40.5 0.0 inf
41.5 0.0 inf
42.5 0.0 inf
43.5 0.0 inf
44.5 0.0 inf
45.5 0.0 inf
46.5 0.0 inf
47.5 0.0 inf
48.5 0.0 inf
49.5 0.0 inf
50.5 0.0 inf
51.5 0.0 inf
52.5 0.0 inf
53.5 0.0 inf
54.5 0.0 inf
55.5 0.0 inf
56.5 0.0 inf
57.5 0.0 inf
58.5 0.0 inf
59.5 0.0 inf
60.5 0.0 inf
61.5 0.0 inf
62.5 0.0 inf
63.5 0.0 inf
64.5 0.0 inf
65.5 0.0 inf
66.5 0.0 inf
67.5 0.0 inf
68.5 0.0 inf
69.5 0.0 inf
70.5 0.0 inf
71.5 0.0 inf
72.5 0.0 inf
73.5 0.0 inf
74.5 0.0 inf
75.5 0.0 inf
76.5 0.0 inf
77.5 0.0 inf
78.5 0.0 inf
79.5 0.0 inf
80.5 0.0 inf
81.5 0.0 inf
82.5 0.0 inf
83.5 0.0 inf
84.5 0.0 inf
85.5 0.0 inf
86.5 0.0 inf
87.5 0.0 inf
88.5 0.0 inf
89.5 0.0 inf
90.5 0.0 inf
91.5 0.0 inf
92.5 0.0 inf
93.5 0.0 inf
94.5 0.0 inf
95.5 0.0 inf
96.5 0.0 inf
97.5 0.0 inf
