0.5 69.4261 0.0012001585274081415
1.5 37.7419 0.0016277515598598579
2.5 38.271699999999996 0.001616445710720935
3.5 34.99720000000001 0.0016903761258544223
4.5 30.8746 0.0017996967406557444
5.5 27.5123 0.0019064988636824513
6.5 24.084000000000003 0.0020376786294647262
7.5 21.3261 0.002165430648749197
8.5 19.0568 0.0022907358466469647
9.5 16.5429 0.0024586356680688743
10.5 14.7894 0.002600307582572376
11.5 12.8241 0.0027924573712907242
12.5 11.4997 0.0029488775869694955
13.5 9.9665 0.003167587820758476
14.5 8.7727 0.0033762403895269454
15.5 7.6348 0.003619104868651365
16.5 6.6241 0.0038854073728558603
17.5 5.7829 0.004158408585471204
18.5 4.8802 0.004526694542942242
19.5 4.161099999999999 0.004902255286581012
20.5 3.5531 0.0053051331040773276
21.5 3.0518 0.00572429445621292
22.5 2.5376000000000003 0.006277524511897817
23.5 2.1454 0.006827250876155243
24.5 1.7909000000000002 0.007472472609024661
25.5 1.4226999999999999 0.008383846809604386
26.5 1.1949999999999998 0.009147787074926965
27.5 0.9901 0.010049870596186849
28.5 0.8376 0.010926514984381614
29.5 0.6738 0.012182446047035401
30.5 0.5453 0.013541982591169637
31.5 0.4274 0.015296171388564487
32.5 0.33940000000000003 0.017165010799799065
33.5 0.2653 0.019414730885301035
34.5 0.2099 0.021826986543983434
35.5 0.17170000000000002 0.024133196686197622
36.5 0.1281 0.02793993781135563
37.5 0.1106 0.030069238966213184
38.5 0.0807 0.03520166719043815
39.5 0.0652 0.03916302249939787
40.5 0.0498 0.04481107149482209
41.5 0.0348 0.05360562674188974
42.5 0.029899999999999996 0.05783149319662402
43.5 0.019999999999999997 0.07071067811865477
44.5 0.0163 0.07832604499879574
45.5 0.0101 0.09950371902099892
46.5 0.0091 0.10482848367219183
47.5 0.0066 0.12309149097933272
48.5 0.0048000000000000004 0.14433756729740643
49.5 0.0033 0.17407765595569785
50.5 0.0025 0.2
51.5 0.0019 0.22941573387056174
52.5 0.0018 0.23570226039551587
53.5 0.0012000000000000001 0.28867513459481287
54.5 0.0005 0.4472135954999579
55.5 0.0004 0.5
56.5 0.0002 0.7071067811865475
57.5 0.0003 0.5773502691896258
58.5 0.00030000000000000003 0.5773502691896257
59.5 0.00030000000000000003 0.5773502691896257
60.5 0.0001 1.0
61.5 0.0001 1.0
62.5 0.0 inf
63.5 0.0002 0.7071067811865475
64.5 0.0 inf
65.5 0.0 inf
66.5 0.0 inf
67.5 0.0 inf
68.5 0.0 inf
69.5 0.0 inf
70.5 0.0 inf
71.5 0.0 inf
72.5 0.0 inf
73.5 0.0 inf
74.5 0.0 inf
75.5 0.0 inf
76.5 0.0 inf
77.5 0.0 inf
78.5 0.0 inf
79.5 0.0 inf
80.5 0.0 inf
81.5 0.0 inf
82.5 0.0 inf
83.5 0.0 inf
84.5 0.0 inf
85.5 0.0 inf
86.5 0.0 inf
87.5 0.0 inf
88.5 0.0 inf
89.5 0.0 inf
90.5 0.0 inf
91.5 0.0 inf
92.5 0.0 inf
93.5 0.0 inf
94.5 0.0 inf
95.5 0.0 inf
96.5 0.0 inf
97.5 0.0 inf
