0.5 38.8206 0.0016049772406612347
1.5 20.524099999999997 0.0022073334212533873
2.5 20.7919 0.0021930721062919573
3.5 19.0417 0.0022916439393210267
4.5 16.823 0.0024380818281292092
5.5 15.119399999999999 0.0025717735271269535
6.5 13.2894 0.002743135832743015
7.5 11.7476 0.002917597812610985
8.5 10.5062 0.0030851562779987724
9.5 9.178899999999999 0.00330068956957898
10.5 8.2617 0.0034790870041874118
11.5 7.2212 0.003721305400916271
12.5 6.4914000000000005 0.0039249200477398825
13.5 5.6997 0.00418864931198083
14.5 4.976100000000001 0.004482862831137952
15.5 4.3012 0.004821755465549107
16.5 3.8308999999999997 0.005109161045263873
17.5 3.3022 0.005502984802983655
18.5 2.8306 0.005943752936353982
19.5 2.4465000000000003 0.006393333949224533
20.5 2.0896999999999997 0.006917641137899725
21.5 1.7746 0.007506712124783881
22.5 1.4939 0.008181618715033062
23.5 1.276 0.008852677897456388
24.5 1.0537999999999998 0.0097413893731705
25.5 0.8520000000000001 0.010833784750435987
26.5 0.7191000000000001 0.011792485627953748
27.5 0.5741 0.013197942337233662
28.5 0.49470000000000003 0.014217690134308215
29.5 0.4123 0.015573754796680717
30.5 0.31930000000000003 0.017697036260052198
31.5 0.2594 0.019634281539316643
32.5 0.2134 0.021647252975540952
33.5 0.1678 0.0244120371254637
34.5 0.1311 0.027618408833305373
35.5 0.1039 0.03102360242788488
36.5 0.07919999999999999 0.035533452725935076
37.5 0.06770000000000001 0.03843312210120439
38.5 0.0503 0.04458779620677098
39.5 0.038900000000000004 0.05070201265633938
40.5 0.0288 0.05892556509887897
41.5 0.022199999999999998 0.06711560552140243
42.5 0.019200000000000002 0.07216878364870322
43.5 0.010700000000000001 0.09667364890456635
44.5 0.008 0.11180339887498948
45.5 0.0068000000000000005 0.12126781251816648
46.5 0.0063999999999999994 0.12500000000000003
47.5 0.0047 0.14586499149789456
48.5 0.0028 0.1889822365046136
49.5 0.0023 0.20851441405707477
50.5 0.0018 0.23570226039551587
51.5 0.0012000000000000001 0.28867513459481287
52.5 0.0004 0.5
53.5 0.0006 0.4082482904638631
54.5 0.0005 0.4472135954999579
55.5 0.0002 0.7071067811865475
56.5 0.00030000000000000003 0.5773502691896257
57.5 0.0002 0.7071067811865475
58.5 0.0001 1.0
59.5 0.0001 1.0
60.5 0.0 inf
61.5 0.0 inf
62.5 0.0 inf
63.5 0.0001 1.0
64.5 0.0 inf
65.5 0.0 inf
66.5 0.0 inf
67.5 0.0001 1.0
68.5 0.0 inf
69.5 0.0 inf
70.5 0.0 inf
71.5 0.0 inf
72.5 0.0 inf
73.5 0.0 inf
74.5 0.0 inf
75.5 0.0 inf
76.5 0.0 inf
77.5 0.0 inf
78.5 0.0 inf
79.5 0.0 inf
80.5 0.0 inf
81.5 0.0 inf
82.5 0.0 inf
83.5 0.0 inf
84.5 0.0 inf
85.5 0.0 inf
86.5 0.0 inf
87.5 0.0 inf
88.5 0.0 inf
89.5 0.0 inf
90.5 0.0 inf
91.5 0.0 inf
92.5 0.0 inf
93.5 0.0 inf
94.5 0.0 inf
95.5 0.0 inf
96.5 0.0 inf
97.5 0.0 inf
