0.5 38.5837 0.0016098968993058422
1.5 20.275 0.002220851748936015
2.5 20.610500000000002 0.0022027019494962204
3.5 18.9765 0.002295577411342003
4.5 16.645 0.0024510834651637545
5.5 14.9444 0.002586787527882426
6.5 13.1857 0.002753901513689309
7.5 11.6526 0.0029294668014907314
8.5 10.4263 0.0030969549759178572
9.5 9.1345 0.0033087016646031805
10.5 8.1853 0.003495285853850448
11.5 7.1629 0.003736418863358547
12.5 6.3776 0.0039597827691080275
13.5 5.5949 0.004227696824095707
14.5 4.9708000000000006 0.00448525206860602
15.5 4.2783 0.00483464269159119
16.5 3.7766 0.005145759749941704
17.5 3.3172 0.0054905287710693175
18.5 2.8312999999999997 0.005943018135334715
19.5 2.4029 0.0064510758953254905
20.5 2.0699 0.006950648360653886
21.5 1.759 0.007539925943211076
22.5 1.4591 0.00827861090602418
23.5 1.2365 0.0089929657553687
24.5 1.0449000000000002 0.009782787848062486
25.5 0.8569 0.010802764997472515
26.5 0.7295 0.011708125038291514
27.5 0.5791999999999999 0.013139708280690918
28.5 0.5014000000000001 0.014122378114958499
29.5 0.39690000000000003 0.015873015873015872
30.5 0.3205 0.017663875013688813
31.5 0.25780000000000003 0.019695116019838792
32.5 0.20800000000000002 0.021926450482675733
33.5 0.1669 0.024477768982403232
34.5 0.1254 0.02823912473624525
35.5 0.0992 0.031750031750047626
36.5 0.0733 0.036935842757655886
37.5 0.0581 0.04148699068225112
38.5 0.0509 0.04432422071779363
39.5 0.0354 0.05314940034527339
40.5 0.029400000000000003 0.05832118435198043
41.5 0.025 0.06324555320336758
42.5 0.017 0.07669649888473704
43.5 0.011 0.09534625892455924
44.5 0.0085 0.10846522890932808
45.5 0.008799999999999999 0.10660035817780524
46.5 0.005 0.1414213562373095
47.5 0.0037 0.1643989873053573
48.5 0.0034000000000000002 0.17149858514250882
49.5 0.0026 0.19611613513818404
50.5 0.0010999999999999998 0.3015113445777637
51.5 0.001 0.31622776601683794
52.5 0.0006000000000000001 0.40824829046386296
53.5 0.0007 0.3779644730092272
54.5 0.0007 0.3779644730092272
55.5 0.0005 0.4472135954999579
56.5 0.0002 0.7071067811865475
57.5 0.0001 1.0
58.5 0.0 inf
59.5 0.00030000000000000003 0.5773502691896257
60.5 0.0001 1.0
61.5 0.0002 0.7071067811865475
62.5 0.0 inf
63.5 0.0001 1.0
64.5 0.0002 0.7071067811865475
65.5 0.0 inf
66.5 0.0 inf
67.5 0.0 inf
68.5 0.0 inf
69.5 0.0 inf
70.5 0.0 inf
71.5 0.0 inf
72.5 0.0 inf
73.5 0.0 inf
74.5 0.0 inf
75.5 0.0 inf
76.5 0.0 inf
77.5 0.0 inf
78.5 0.0 inf
79.5 0.0 inf
80.5 0.0 inf
81.5 0.0 inf
82.5 0.0 inf
83.5 0.0 inf
84.5 0.0 inf
85.5 0.0 inf
86.5 0.0 inf
87.5 0.0 inf
88.5 0.0 inf
89.5 0.0 inf
90.5 0.0 inf
91.5 0.0 inf
92.5 0.0 inf
93.5 0.0 inf
94.5 0.0 inf
95.5 0.0 inf
96.5 0.0 inf
97.5 0.0 inf
