0.5 38.8521 0.0016043264774504979
1.5 20.5634 0.002205223126005799
2.5 20.8808 0.0021883986247182986
3.5 19.0655 0.0022902131308530182
4.5 16.8679 0.0024348347487776157
5.5 15.0918 0.00257412409254536
6.5 13.2971 0.002742341478913337
7.5 11.8052 0.0029104713290401332
8.5 10.572 0.0030755403045585436
9.5 9.2396 0.0032898296840042345
10.5 8.2895 0.0034732483019233504
11.5 7.242 0.0037159575128765205
12.5 6.4771 0.003929250335383755
13.5 5.6706 0.004199383071955274
14.5 5.0356 0.0044562996667810075
15.5 4.283799999999999 0.004831538079420993
16.5 3.8254 0.005112832594985965
17.5 3.3429 0.0054693826342497275
18.5 2.8429 0.005930880972953341
19.5 2.4112999999999998 0.006439829614666155
20.5 2.0631 0.006962093643699441
21.5 1.7650000000000001 0.007527099294949815
22.5 1.4909 0.00818984613512058
23.5 1.2452 0.008961494529112317
24.5 1.0394999999999999 0.009808164772274997
25.5 0.8711 0.010714354045843187
26.5 0.7286999999999999 0.011714550131401423
27.5 0.5815999999999999 0.013112569439434401
28.5 0.5077 0.014034482983906684
29.5 0.4077 0.015661366191164653
30.5 0.3327 0.01733698604318574
31.5 0.25980000000000003 0.019619160796573762
32.5 0.20729999999999998 0.02196343933976307
33.5 0.1653 0.02459594839716409
34.5 0.1268 0.02808279781508652
35.5 0.1078 0.03045724519365863
36.5 0.0766 0.036131468676496206
37.5 0.0655 0.03907323325822818
38.5 0.046700000000000005 0.046274481338274755
39.5 0.041499999999999995 0.0490880693673816
40.5 0.0297 0.058025885318565944
41.5 0.0222 0.06711560552140243
42.5 0.018000000000000002 0.07453559924999299
43.5 0.0139 0.08481889296799709
44.5 0.0114 0.0936585811581694
45.5 0.0078 0.11322770341445956
46.5 0.0063 0.1259881576697424
47.5 0.0036 0.16666666666666666
48.5 0.0029 0.18569533817705186
49.5 0.0027 0.19245008972987526
50.5 0.002 0.22360679774997896
51.5 0.0012000000000000001 0.28867513459481287
52.5 0.0008 0.35355339059327373
53.5 0.0007999999999999999 0.3535533905932738
54.5 0.0002 0.7071067811865475
55.5 0.0004 0.5
56.5 0.0001 1.0
57.5 0.0 inf
58.5 0.0002 0.7071067811865475
59.5 0.0 inf
60.5 0.0 inf
61.5 0.0 inf
62.5 0.0 inf
63.5 0.0 inf
64.5 0.0 inf
65.5 0.0 inf
66.5 0.0 inf
67.5 0.0 inf
68.5 0.0 inf
69.5 0.0 inf
70.5 0.0 inf
71.5 0.0 inf
72.5 0.0 inf
73.5 0.0 inf
74.5 0.0 inf
75.5 0.0 inf
76.5 0.0 inf
77.5 0.0 inf
78.5 0.0 inf
79.5 0.0 inf
80.5 0.0 inf
81.5 0.0 inf
82.5 0.0 inf
83.5 0.0 inf
84.5 0.0 inf
85.5 0.0 inf
86.5 0.0 inf
87.5 0.0 inf
88.5 0.0 inf
89.5 0.0 inf
90.5 0.0 inf
91.5 0.0 inf
92.5 0.0 inf
93.5 0.0 inf
94.5 0.0 inf
95.5 0.0 inf
96.5 0.0 inf
97.5 0.0 inf
