0.5 43284.0 0.004806581447373939
1.5 11249.0 0.00942850946999849
2.5 7473.0 0.011567846280816889
3.5 4706.0 0.01457719752328304
4.5 3096.0 0.017972128867239735
5.5 2058.0 0.022043335708870276
6.5 1393.0 0.026793191107712163
7.5 1014.0 0.03140371465106639
8.5 747.0 0.036588086663230115
9.5 505.0 0.04449941594899848
10.5 403.0 0.04981354813867179
11.5 319.0 0.05598925109558543
12.5 202.0 0.07035975447302918
13.5 182.0 0.07412493166611012
14.5 137.0 0.0854357657716761
15.5 96.0 0.10206207261596577
16.5 83.0 0.10976425998969035
17.5 73.0 0.11704114719613057
18.5 48.0 0.14433756729740646
19.5 33.0 0.17407765595569785
20.5 31.0 0.1796053020267749
21.5 12.0 0.2886751345948129
22.5 12.0 0.2886751345948129
23.5 12.0 0.2886751345948129
24.5 3.0 0.5773502691896258
25.5 8.0 0.35355339059327373
26.5 2.0 0.7071067811865475
27.5 2.0 0.7071067811865475
28.5 2.0 0.7071067811865475
29.5 0.0 inf
30.5 0.0 inf
31.5 1.0 1.0
32.5 0.0 inf
33.5 0.0 inf
34.5 0.0 inf
35.5 0.0 inf
36.5 0.0 inf
37.5 0.0 inf
38.5 0.0 inf
39.5 0.0 inf
40.5 0.0 inf
41.5 0.0 inf
42.5 0.0 inf
43.5 0.0 inf
44.5 0.0 inf
45.5 0.0 inf
46.5 0.0 inf
47.5 0.0 inf
48.5 0.0 inf
49.5 0.0 inf
50.5 0.0 inf
51.5 0.0 inf
52.5 0.0 inf
53.5 0.0 inf
54.5 0.0 inf
55.5 0.0 inf
56.5 0.0 inf
57.5 0.0 inf
58.5 0.0 inf
59.5 0.0 inf
60.5 0.0 inf
61.5 0.0 inf
62.5 0.0 inf
63.5 0.0 inf
64.5 0.0 inf
65.5 0.0 inf
66.5 0.0 inf
67.5 0.0 inf
68.5 0.0 inf
69.5 0.0 inf
70.5 0.0 inf
71.5 0.0 inf
72.5 0.0 inf
73.5 0.0 inf
74.5 0.0 inf
75.5 0.0 inf
76.5 0.0 inf
77.5 0.0 inf
78.5 0.0 inf
79.5 0.0 inf
80.5 0.0 inf
81.5 0.0 inf
82.5 0.0 inf
83.5 0.0 inf
84.5 0.0 inf
85.5 0.0 inf
86.5 0.0 inf
87.5 0.0 inf
88.5 0.0 inf
89.5 0.0 inf
90.5 0.0 inf
91.5 0.0 inf
92.5 0.0 inf
93.5 0.0 inf
94.5 0.0 inf
95.5 0.0 inf
96.5 0.0 inf
97.5 0.0 inf
